,Model,Accuracy mean %,Precision mean %,Recall mean %,F1 Score mean %,Features
0,Naive Bayes,70.5650723,71.37615326,78.05147059,74.13733898,"['age', 'sex', 'cp']"
1,Naive Bayes,65.92843901,70.55202628,65.40441176,67.63201849,"['age', 'sex', 'trestbps']"
2,Naive Bayes,65.25101965,69.5242674,64.77941176,66.95218147,"['age', 'sex', 'chol']"
3,Naive Bayes,65.58435298,70.14285714,64.77941176,67.19279574,"['age', 'sex', 'fbs']"
4,Naive Bayes,66.24100853,70.68207283,65.33088235,67.77423873,"['age', 'sex', 'restecg']"
5,Naive Bayes,68.5083426,70.24883287,73.86029412,71.74947043,"['age', 'sex', 'thalach']"
6,Naive Bayes,71.67630701,70.23184774,83.75,76.31295581,"['age', 'sex', 'exang']"
7,Naive Bayes,71.30997405,70.81953592,81.91176471,75.61965625,"['age', 'sex', 'oldpeak']"
8,Naive Bayes,70.57730812,70.69473265,79.96323529,74.70594249,"['age', 'sex', 'slope']"
9,Naive Bayes,70.85539488,72.16244041,77.57352941,74.39133987,"['age', 'sex', 'ca']"
10,Naive Bayes,71.55431961,75.50656288,72.72058824,73.76015353,"['age', 'sex', 'thal']"
11,Naive Bayes,72.53133111,74.67596074,75.80882353,74.76591685,"['age', 'cp', 'trestbps']"
12,Naive Bayes,70.9306637,76.74601787,68.45588235,71.31912375,"['age', 'cp', 'chol']"
13,Naive Bayes,72.64404894,77.58666115,72.16911765,73.90365365,"['age', 'cp', 'fbs']"
14,Naive Bayes,74.28921023,78.77622867,74.59558824,75.64341593,"['age', 'cp', 'restecg']"
15,Naive Bayes,74.91286615,76.81787356,78.16176471,76.99931315,"['age', 'cp', 'thalach']"
16,Naive Bayes,74.91212458,76.82399248,78.23529412,77.28638749,"['age', 'cp', 'exang']"
17,Naive Bayes,77.58175751,78.53113063,83.125,80.24172254,"['age', 'cp', 'oldpeak']"
18,Naive Bayes,73.94512421,76.02664918,77.53676471,76.29733762,"['age', 'cp', 'slope']"
19,Naive Bayes,75.57953281,77.30672269,79.44852941,78.04248567,"['age', 'cp', 'ca']"
20,Naive Bayes,77.558769,82.02529089,75.77205882,78.60512572,"['age', 'cp', 'thal']"
21,Naive Bayes,62.06896552,64.25325972,70.99264706,66.9406024,"['age', 'trestbps', 'chol']"
22,Naive Bayes,56.74416018,59.29965064,66.76470588,62.49534917,"['age', 'trestbps', 'fbs']"
23,Naive Bayes,60.74638487,63.29974609,67.38970588,64.95789831,"['age', 'trestbps', 'restecg']"
24,Naive Bayes,69.00741565,69.8424554,75.84558824,72.48105761,"['age', 'trestbps', 'thalach']"
25,Naive Bayes,70.03040415,69.24951193,81.25,74.57417489,"['age', 'trestbps', 'exang']"
26,Naive Bayes,69.07489803,68.60323221,80.22058824,73.52617097,"['age', 'trestbps', 'oldpeak']"
27,Naive Bayes,68.66332963,71.20985061,71.58088235,71.25406489,"['age', 'trestbps', 'slope']"
28,Naive Bayes,69.8991472,70.38001867,80.07352941,74.33446375,"['age', 'trestbps', 'ca']"
29,Naive Bayes,71.88839451,73.44492973,76.32352941,74.57221667,"['age', 'trestbps', 'thal']"
30,Naive Bayes,59.39006303,64.39805293,59.375,61.04137468,"['age', 'chol', 'fbs']"
31,Naive Bayes,59.07971821,62.47009398,64.33823529,63.03705043,"['age', 'chol', 'restecg']"
32,Naive Bayes,67.07193178,68.60137599,74.08088235,70.91295306,"['age', 'chol', 'thalach']"
33,Naive Bayes,71.05339266,69.04217064,84.96323529,76.10574861,"['age', 'chol', 'exang']"
34,Naive Bayes,69.4097145,67.56145414,85.07352941,74.93170713,"['age', 'chol', 'oldpeak']"
35,Naive Bayes,68.67482388,70.47922502,73.41911765,71.67958296,"['age', 'chol', 'slope']"
36,Naive Bayes,71.87912495,71.49709998,83.16176471,76.24021684,"['age', 'chol', 'ca']"
37,Naive Bayes,73.18020022,73.35832228,80.51470588,76.37073321,"['age', 'chol', 'thal']"
38,Naive Bayes,57.47830923,61.0996732,62.53676471,61.47617175,"['age', 'fbs', 'restecg']"
39,Naive Bayes,69.00741565,70.30604084,75.80882353,72.56747774,"['age', 'fbs', 'thalach']"
40,Naive Bayes,71.69855395,69.95422433,84.88970588,76.52582571,"['age', 'fbs', 'exang']"
41,Naive Bayes,69.39822024,68.14954528,83.78676471,74.83184834,"['age', 'fbs', 'oldpeak']"
42,Naive Bayes,69.68631813,71.97128852,73.38235294,72.44528073,"['age', 'fbs', 'slope']"
43,Naive Bayes,71.56803856,71.35883123,83.16176471,76.08304855,"['age', 'fbs', 'ca']"
44,Naive Bayes,71.54579162,73.04286658,76.25,74.18933395,"['age', 'fbs', 'thal']"
45,Naive Bayes,67.95142751,69.49007937,73.97058824,71.37259189,"['age', 'restecg', 'thalach']"
46,Naive Bayes,71.69855395,69.36035246,86.13970588,76.77102927,"['age', 'restecg', 'exang']"
47,Naive Bayes,68.70930664,67.66075141,83.19852941,74.23443412,"['age', 'restecg', 'oldpeak']"
48,Naive Bayes,68.34149055,69.84382856,74.00735294,71.59832388,"['age', 'restecg', 'slope']"
49,Naive Bayes,70.57804968,69.86617174,83.125,75.37414684,"['age', 'restecg', 'ca']"
50,Naive Bayes,73.54653319,74.10560716,79.96323529,76.57283627,"['age', 'restecg', 'thal']"
51,Naive Bayes,71.74230627,72.09490024,78.97058824,75.29047028,"['age', 'thalach', 'exang']"
52,Naive Bayes,73.0441231,72.67162365,81.47058824,76.443228,"['age', 'thalach', 'oldpeak']"
53,Naive Bayes,69.99962922,72.43734336,72.72058824,72.32836932,"['age', 'thalach', 'slope']"
54,Naive Bayes,73.30144605,73.40669075,80.14705882,76.46430693,"['age', 'thalach', 'ca']"
55,Naive Bayes,75.61401557,79.23728439,74.59558824,76.65644347,"['age', 'thalach', 'thal']"
56,Naive Bayes,74.95736003,75.52739078,80.14705882,77.51049091,"['age', 'exang', 'oldpeak']"
57,Naive Bayes,70.36522062,70.03132885,80.66176471,74.61272692,"['age', 'exang', 'slope']"
58,Naive Bayes,74.63552095,76.518109,78.27205882,77.16236208,"['age', 'exang', 'ca']"
59,Naive Bayes,75.58027438,79.73109411,74.55882353,76.7136937,"['age', 'exang', 'thal']"
60,Naive Bayes,72.32295143,72.03807659,81.25,75.99903833,"['age', 'oldpeak', 'slope']"
61,Naive Bayes,73.29217649,72.55070402,84.92647059,77.73539994,"['age', 'oldpeak', 'ca']"
62,Naive Bayes,75.28216537,77.00081936,78.23529412,77.22451298,"['age', 'oldpeak', 'thal']"
63,Naive Bayes,71.91212458,72.9201999,79.44852941,75.56199028,"['age', 'slope', 'ca']"
64,Naive Bayes,74.29069336,78.79611973,72.16911765,75.11100668,"['age', 'slope', 'thal']"
65,Naive Bayes,74.84760845,75.74738931,79.375,77.31393884,"['age', 'ca', 'thal']"
66,Naive Bayes,69.86466444,73.4506809,71.32352941,71.79671344,"['sex', 'cp', 'trestbps']"
67,Naive Bayes,68.89766407,71.64815933,71.98529412,71.41056961,"['sex', 'cp', 'chol']"
68,Naive Bayes,68.88691138,71.65387829,71.94852941,71.38044627,"['sex', 'cp', 'fbs']"
69,Naive Bayes,69.20949203,71.77083735,72.53676471,71.71377961,"['sex', 'cp', 'restecg']"
70,Naive Bayes,74.17871709,75.24652485,79.26470588,76.21463774,"['sex', 'cp', 'thalach']"
71,Naive Bayes,76.60103819,79.52950558,78.19852941,78.42353644,"['sex', 'cp', 'exang']"
72,Naive Bayes,80.17241379,81.6198511,83.67647059,82.07874336,"['sex', 'cp', 'oldpeak']"
73,Naive Bayes,74.23544679,74.81257064,81.17647059,77.42180498,"['sex', 'cp', 'slope']"
74,Naive Bayes,77.83759733,80.01998926,81.21323529,80.19068802,"['sex', 'cp', 'ca']"
75,Naive Bayes,78.52651094,82.17881671,77.57352941,79.32055952,"['sex', 'cp', 'thal']"
76,Naive Bayes,61.60437523,71.03687979,50.73529412,58.70824793,"['sex', 'trestbps', 'chol']"
77,Naive Bayes,57.97775306,66.66424752,49.04411765,55.23618175,"['sex', 'trestbps', 'fbs']"
78,Naive Bayes,63.28253615,67.44879024,64.77941176,65.73599546,"['sex', 'trestbps', 'restecg']"
79,Naive Bayes,73.89061921,73.42393361,82.38970588,77.44817021,"['sex', 'trestbps', 'thalach']"
80,Naive Bayes,70.96440489,69.91239071,82.42647059,75.49615774,"['sex', 'trestbps', 'exang']"
81,Naive Bayes,71.29996292,69.71571576,84.30147059,76.13055301,"['sex', 'trestbps', 'oldpeak']"
82,Naive Bayes,71.90063033,72.55069715,78.67647059,75.22204414,"['sex', 'trestbps', 'slope']"
83,Naive Bayes,75.15869485,75.03195025,83.01470588,78.41609479,"['sex', 'trestbps', 'ca']"
84,Naive Bayes,71.19873934,73.85638407,76.32352941,74.53257289,"['sex', 'trestbps', 'thal']"
85,Naive Bayes,60.68038561,71.80355171,47.24264706,55.90351497,"['sex', 'chol', 'fbs']"
86,Naive Bayes,62.29254727,70.06072033,55.66176471,61.44130702,"['sex', 'chol', 'restecg']"
87,Naive Bayes,69.87615869,71.05053127,75.69852941,72.97000535,"['sex', 'chol', 'thalach']"
88,Naive Bayes,71.36522062,69.20006538,85.55147059,76.43993994,"['sex', 'chol', 'exang']"
89,Naive Bayes,70.95439377,69.35932196,84.33823529,75.8667332,"['sex', 'chol', 'oldpeak']"
90,Naive Bayes,70.92287727,70.95727626,80.55147059,75.04847452,"['sex', 'chol', 'slope']"
91,Naive Bayes,74.21468298,72.4447846,87.38970588,78.74373001,"['sex', 'chol', 'ca']"
92,Naive Bayes,72.17871709,73.29026103,79.30147059,75.57853601,"['sex', 'chol', 'thal']"
93,Naive Bayes,59.00222469,68.56430008,52.86764706,57.94420422,"['sex', 'fbs', 'restecg']"
94,Naive Bayes,69.89840564,70.91285198,75.69852941,73.08671559,"['sex', 'fbs', 'thalach']"
95,Naive Bayes,70.02113459,69.21756955,81.13970588,74.37960617,"['sex', 'fbs', 'exang']"
96,Naive Bayes,69.29847979,67.95522329,83.05147059,74.49568934,"['sex', 'fbs', 'oldpeak']"
97,Naive Bayes,68.95513534,69.5844201,76.83823529,72.54143407,"['sex', 'fbs', 'slope']"
98,Naive Bayes,73.87059696,73.75503205,83.01470588,77.64512188,"['sex', 'fbs', 'ca']"
99,Naive Bayes,70.57804968,72.83911651,75.625,73.51388568,"['sex', 'fbs', 'thal']"
100,Naive Bayes,72.25695217,72.90973811,78.75,75.42141644,"['sex', 'restecg', 'thalach']"
101,Naive Bayes,69.98665184,67.81390977,86.13970588,75.72432467,"['sex', 'restecg', 'exang']"
102,Naive Bayes,73.61253244,71.16822479,87.97794118,78.37133605,"['sex', 'restecg', 'oldpeak']"
103,Naive Bayes,71.2562106,70.98703817,81.13970588,75.40038068,"['sex', 'restecg', 'slope']"
104,Naive Bayes,75.52651094,74.39869346,87.38970588,79.80445304,"['sex', 'restecg', 'ca']"
105,Naive Bayes,69.89988877,72.77240896,72.05882353,72.27817549,"['sex', 'restecg', 'thal']"
106,Naive Bayes,75.29069336,74.01632144,84.33823529,78.69915877,"['sex', 'thalach', 'exang']"
107,Naive Bayes,74.33444568,73.15867461,83.82352941,77.89304204,"['sex', 'thalach', 'oldpeak']"
108,Naive Bayes,72.00037078,72.78889599,78.30882353,75.0704312,"['sex', 'thalach', 'slope']"
109,Naive Bayes,75.84909158,74.37342409,86.10294118,79.60341343,"['sex', 'thalach', 'ca']"
110,Naive Bayes,75.52576937,78.68640209,76.25,77.13254464,"['sex', 'thalach', 'thal']"
111,Naive Bayes,73.567297,73.20002799,81.32352941,76.6029413,"['sex', 'exang', 'oldpeak']"
112,Naive Bayes,72.98813496,75.92264949,76.32352941,75.67516885,"['sex', 'exang', 'slope']"
113,Naive Bayes,72.61179088,72.6971255,80.69852941,76.2752298,"['sex', 'exang', 'ca']"
114,Naive Bayes,74.61253244,78.53584187,74.55882353,76.00576861,"['sex', 'exang', 'thal']"
115,Naive Bayes,73.24619948,72.72712083,82.38970588,76.92322481,"['sex', 'oldpeak', 'slope']"
116,Naive Bayes,74.95810159,73.95354034,85,78.60905958,"['sex', 'oldpeak', 'ca']"
117,Naive Bayes,74.91434928,77.86675824,75.77205882,76.32108987,"['sex', 'oldpeak', 'thal']"
118,Naive Bayes,74.19243604,76.79614999,78.19852941,76.86700793,"['sex', 'slope', 'ca']"
119,Naive Bayes,74.2246941,80.66095858,71.43382353,75.00223316,"['sex', 'slope', 'thal']"
120,Naive Bayes,77.46051168,79.6467772,79.96323529,79.36930623,"['sex', 'ca', 'thal']"
121,Naive Bayes,74.56655543,80.38515406,72.79411765,75.30471748,"['cp', 'trestbps', 'chol']"
122,Naive Bayes,75.20096403,81.56097824,72.68382353,75.80166844,"['cp', 'trestbps', 'fbs']"
123,Naive Bayes,75.86688914,80.92682073,73.97058824,76.56312126,"['cp', 'trestbps', 'restecg']"
124,Naive Bayes,73.93362996,74.785788,79.41176471,76.61346574,"['cp', 'trestbps', 'thalach']"
125,Naive Bayes,75.90211346,73.99538452,86.72794118,79.60858561,"['cp', 'trestbps', 'exang']"
126,Naive Bayes,79.20393029,76.93340524,89.74264706,82.52581805,"['cp', 'trestbps', 'oldpeak']"
127,Naive Bayes,71.93214683,73.13802984,78.08823529,75.0558833,"['cp', 'trestbps', 'slope']"
128,Naive Bayes,76.21394142,76.84416448,83.71323529,79.47243006,"['cp', 'trestbps', 'ca']"
129,Naive Bayes,74.53503893,76.20969089,78.08823529,76.40991952,"['cp', 'trestbps', 'thal']"
130,Naive Bayes,74.26770486,78.86904762,73.97058824,75.5295681,"['cp', 'chol', 'fbs']"
131,Naive Bayes,73.63403782,80.77760909,69.74264706,73.90602353,"['cp', 'chol', 'restecg']"
132,Naive Bayes,74.6240267,77.73034916,76.98529412,76.78383218,"['cp', 'chol', 'thalach']"
133,Naive Bayes,70.70856507,72.44951505,78.23529412,74.22777939,"['cp', 'chol', 'exang']"
134,Naive Bayes,77.94883204,77.73906522,86.76470588,81.03824232,"['cp', 'chol', 'oldpeak']"
135,Naive Bayes,73.32295143,76.84263449,75.11029412,75.21445343,"['cp', 'chol', 'slope']"
136,Naive Bayes,73.28921023,76.61461419,76.43382353,75.71676774,"['cp', 'chol', 'ca']"
137,Naive Bayes,74.24545792,79.99083351,72.05882353,74.99151506,"['cp', 'chol', 'thal']"
138,Naive Bayes,74.93437152,82.00479612,70.91911765,75.06434125,"['cp', 'fbs', 'restecg']"
139,Naive Bayes,73.92361884,76.64209402,75.73529412,75.9055518,"['cp', 'fbs', 'thalach']"
140,Naive Bayes,73.64479051,71.0483422,87.31617647,78.24842231,"['cp', 'fbs', 'exang']"
141,Naive Bayes,78.53800519,76.50307082,89.11764706,81.88008792,"['cp', 'fbs', 'oldpeak']"
142,Naive Bayes,72.95661846,74.79706924,79.22794118,75.85261767,"['cp', 'fbs', 'slope']"
143,Naive Bayes,72.57879125,75.59460148,78.75,75.57768516,"['cp', 'fbs', 'ca']"
144,Naive Bayes,72.58880237,78.64906417,70.95588235,73.24124646,"['cp', 'fbs', 'thal']"
145,Naive Bayes,75.62476826,77.73859336,80,78.28408927,"['cp', 'restecg', 'thalach']"
146,Naive Bayes,74.28921023,74.83898454,80.66176471,77.227631,"['cp', 'restecg', 'exang']"
147,Naive Bayes,76.58175751,78.13354701,81.875,79.26743399,"['cp', 'restecg', 'oldpeak']"
148,Naive Bayes,75.30292918,77.43964077,78.125,77.39716607,"['cp', 'restecg', 'slope']"
149,Naive Bayes,76.54875788,78.21420257,81.28676471,79.20374227,"['cp', 'restecg', 'ca']"
150,Naive Bayes,76.20318873,78.4619023,78.82352941,78.16813969,"['cp', 'restecg', 'thal']"
151,Naive Bayes,74.32295143,74.27003784,81.25,77.53468709,"['cp', 'thalach', 'exang']"
152,Naive Bayes,77.24768261,76.28364389,86.06617647,80.56194362,"['cp', 'thalach', 'oldpeak']"
153,Naive Bayes,72.31145717,73.24693946,78.71323529,75.595165,"['cp', 'thalach', 'slope']"
154,Naive Bayes,79.57397108,79.94426016,84.81617647,82.06798212,"['cp', 'thalach', 'ca']"
155,Naive Bayes,79.52799407,81.0988633,82.90441176,81.56107137,"['cp', 'thalach', 'thal']"
156,Naive Bayes,76.29143493,75.20089915,85,79.47715992,"['cp', 'exang', 'oldpeak']"
157,Naive Bayes,76.23470523,77.64776997,80.03676471,78.5886378,"['cp', 'exang', 'slope']"
158,Naive Bayes,75.94883204,76.96602469,81.875,78.95930939,"['cp', 'exang', 'ca']"
159,Naive Bayes,78.17093066,79.46900812,81.69117647,80.14064317,"['cp', 'exang', 'thal']"
160,Naive Bayes,75.91286615,76.64464328,81.21323529,78.48221137,"['cp', 'oldpeak', 'slope']"
161,Naive Bayes,77.51649981,75.7565594,87.90441176,81.16616717,"['cp', 'oldpeak', 'ca']"
162,Naive Bayes,80.90730441,80.92830115,85.47794118,82.89789634,"['cp', 'oldpeak', 'thal']"
163,Naive Bayes,78.87208009,80.08556932,82.38970588,80.96865716,"['cp', 'slope', 'ca']"
164,Naive Bayes,79.84909158,84.15202389,78.75,80.96331345,"['cp', 'slope', 'thal']"
165,Naive Bayes,80.50797182,82.54823462,83.56617647,82.57422825,"['cp', 'ca', 'thal']"
166,Naive Bayes,57.08898776,57.63173425,79.375,66.58000207,"['trestbps', 'chol', 'fbs']"
167,Naive Bayes,56.04597701,57.80318392,70.14705882,63.22437285,"['trestbps', 'chol', 'restecg']"
168,Naive Bayes,67.39525399,67.20526807,80.07352941,72.82636072,"['trestbps', 'chol', 'thalach']"
169,Naive Bayes,71.35446793,70.0298758,83.08823529,75.85111585,"['trestbps', 'chol', 'exang']"
170,Naive Bayes,69.35446793,67.41824778,85,74.91294905,"['trestbps', 'chol', 'oldpeak']"
171,Naive Bayes,67.29773823,70.36381347,69.08088235,69.53233745,"['trestbps', 'chol', 'slope']"
172,Naive Bayes,65.91842788,64.8267316,83.63970588,72.75333742,"['trestbps', 'chol', 'ca']"
173,Naive Bayes,73.87986652,74.81237768,79.30147059,76.5698376,"['trestbps', 'chol', 'thal']"
174,Naive Bayes,56.39006303,57.59727712,75.07352941,65.06060022,"['trestbps', 'fbs', 'restecg']"
175,Naive Bayes,67.03967371,66.98099415,78.19852941,71.99360848,"['trestbps', 'fbs', 'thalach']"
176,Naive Bayes,71.99962922,70.56368582,83.63970588,76.36332999,"['trestbps', 'fbs', 'exang']"
177,Naive Bayes,69.35446793,67.73149004,84.33823529,74.88615463,"['trestbps', 'fbs', 'oldpeak']"
178,Naive Bayes,65.35001854,69.12069372,67.94117647,67.88098145,"['trestbps', 'fbs', 'slope']"
179,Naive Bayes,66.59733037,65.53247694,83.01470588,72.80360295,"['trestbps', 'fbs', 'ca']"
180,Naive Bayes,74.22395254,75.63499293,78.71323529,76.80178136,"['trestbps', 'fbs', 'thal']"
181,Naive Bayes,68.63107156,68.3258327,79.41176471,73.2493392,"['trestbps', 'restecg', 'thalach']"
182,Naive Bayes,71.98813496,70.52692111,83.63970588,76.34439059,"['trestbps', 'restecg', 'exang']"
183,Naive Bayes,68.70930664,67.16854422,83.78676471,74.26509384,"['trestbps', 'restecg', 'oldpeak']"
184,Naive Bayes,65.05116796,66.32105218,73.38235294,69.41818897,"['trestbps', 'restecg', 'slope']"
185,Naive Bayes,67.24249166,65.728216,84.19117647,73.57462647,"['trestbps', 'restecg', 'ca']"
186,Naive Bayes,75.88060808,77.48921181,79.33823529,78.0416801,"['trestbps', 'restecg', 'thal']"
187,Naive Bayes,72.35372636,72.77902477,78.89705882,75.64649877,"['trestbps', 'thalach', 'exang']"
188,Naive Bayes,72.01038191,71.23260944,82.02205882,76.01060995,"['trestbps', 'thalach', 'oldpeak']"
189,Naive Bayes,71.67779014,73.27598408,75.80882353,74.35025935,"['trestbps', 'thalach', 'slope']"
190,Naive Bayes,72.30070449,71.89363114,80.69852941,75.84868558,"['trestbps', 'thalach', 'ca']"
191,Naive Bayes,74.27919911,77.63680033,74.52205882,75.67656949,"['trestbps', 'thalach', 'thal']"
192,Naive Bayes,75.85836114,75.93706079,81.875,78.43793932,"['trestbps', 'exang', 'oldpeak']"
193,Naive Bayes,71.01038191,70.73891782,80.03676471,74.89479067,"['trestbps', 'exang', 'slope']"
194,Naive Bayes,75.28068224,77.70858519,77.68382353,77.39986075,"['trestbps', 'exang', 'ca']"
195,Naive Bayes,73.93437152,76.46140976,77.5,76.25765477,"['trestbps', 'exang', 'thal']"
196,Naive Bayes,70.97886541,70.4428099,80.625,74.88617876,"['trestbps', 'oldpeak', 'slope']"
197,Naive Bayes,71.55728587,69.99495838,86.10294118,76.8841001,"['trestbps', 'oldpeak', 'ca']"
198,Naive Bayes,75.53726363,75.85014006,81.17647059,78.1747375,"['trestbps', 'oldpeak', 'thal']"
199,Naive Bayes,74.56952169,74.85539216,81.875,77.86015865,"['trestbps', 'slope', 'ca']"
200,Naive Bayes,72.63477938,75.47223365,75.66176471,74.9441301,"['trestbps', 'slope', 'thal']"
201,Naive Bayes,75.81535039,78.18472132,78.67647059,78.04826212,"['trestbps', 'ca', 'thal']"
202,Naive Bayes,55.1449759,57.8693609,64.19117647,60.50452465,"['chol', 'fbs', 'restecg']"
203,Naive Bayes,67.3845013,67.16526611,80,72.75047691,"['chol', 'fbs', 'thalach']"
204,Naive Bayes,71.69855395,69.54217064,85.55147059,76.64628915,"['chol', 'fbs', 'exang']"
205,Naive Bayes,68.99888765,67.19830139,85.55147059,74.97182689,"['chol', 'fbs', 'oldpeak']"
206,Naive Bayes,68.03040415,72.52274115,66.69117647,69.35378655,"['chol', 'fbs', 'slope']"
207,Naive Bayes,65.63033,63.68076009,87.90441176,73.65818453,"['chol', 'fbs', 'ca']"
208,Naive Bayes,75.19243604,75.29212738,81.72794118,78.01182151,"['chol', 'fbs', 'thal']"
209,Naive Bayes,68.04041528,68.0047013,78.86029412,72.6869919,"['chol', 'restecg', 'thalach']"
210,Naive Bayes,71.69855395,69.54217064,85.55147059,76.64628915,"['chol', 'restecg', 'exang']"
211,Naive Bayes,69.38746756,67.14016071,86.83823529,75.41158868,"['chol', 'restecg', 'oldpeak']"
212,Naive Bayes,66.66407119,69.55966909,69.74264706,69.34916896,"['chol', 'restecg', 'slope']"
213,Naive Bayes,69.621802,67.75291571,84.92647059,75.16162542,"['chol', 'restecg', 'ca']"
214,Naive Bayes,74.51427512,74.92995356,80.51470588,77.25578185,"['chol', 'restecg', 'thal']"
215,Naive Bayes,73.04338154,73.13175095,80.14705882,76.44296015,"['chol', 'thalach', 'exang']"
216,Naive Bayes,72.01112347,70.97137927,82.61029412,76.05885018,"['chol', 'thalach', 'oldpeak']"
217,Naive Bayes,69.39822024,71.15513047,74.11764706,72.32068193,"['chol', 'thalach', 'slope']"
218,Naive Bayes,73.95810159,73.84577866,81.36029412,77.08987807,"['chol', 'thalach', 'ca']"
219,Naive Bayes,74.93585465,78.87135087,73.93382353,75.91982608,"['chol', 'thalach', 'thal']"
220,Naive Bayes,74.23470523,74.26823185,80.69852941,77.06828639,"['chol', 'exang', 'oldpeak']"
221,Naive Bayes,70.04263997,69.45469706,80.66176471,74.42634728,"['chol', 'exang', 'slope']"
222,Naive Bayes,74.32443456,76.60774485,77.09558824,76.58404571,"['chol', 'exang', 'ca']"
223,Naive Bayes,74.96811272,79.89909918,73.93382353,76.22163321,"['chol', 'exang', 'thal']"
224,Naive Bayes,70.30070449,69.50976874,81.83823529,74.77057096,"['chol', 'oldpeak', 'slope']"
225,Naive Bayes,72.61401557,71.93499449,84.88970588,77.3738636,"['chol', 'oldpeak', 'ca']"
226,Naive Bayes,76.55024101,78.82840916,78.125,78.13449474,"['chol', 'oldpeak', 'thal']"
227,Naive Bayes,72.56803856,72.14790765,82.5,76.61889132,"['chol', 'slope', 'ca']"
228,Naive Bayes,74.90433815,76.74582366,77.46323529,76.58781034,"['chol', 'slope', 'thal']"
229,Naive Bayes,75.85984427,79.57698592,75.73529412,77.18871925,"['chol', 'ca', 'thal']"
230,Naive Bayes,68.96514646,68.54928989,79.92647059,73.54665565,"['fbs', 'restecg', 'thalach']"
231,Naive Bayes,72.02113459,69.68502779,86.13970588,76.97345842,"['fbs', 'restecg', 'exang']"
232,Naive Bayes,68.68780126,66.76743135,86.17647059,74.91553476,"['fbs', 'restecg', 'oldpeak']"
233,Naive Bayes,63.3507601,67.16607734,66.61764706,66.2006685,"['fbs', 'restecg', 'slope']"
234,Naive Bayes,70.26770486,68.75667511,84.26470588,75.50219792,"['fbs', 'restecg', 'ca']"
235,Naive Bayes,73.84760845,75.3206596,78.01470588,76.29925373,"['fbs', 'restecg', 'thal']"
236,Naive Bayes,72.0756396,72.41830065,78.97058824,75.52618623,"['fbs', 'thalach', 'exang']"
237,Naive Bayes,71.68854283,71.31467148,80.80882353,75.41098184,"['fbs', 'thalach', 'oldpeak']"
238,Naive Bayes,72.35520949,74.29952482,76.47058824,74.98247484,"['fbs', 'thalach', 'slope']"
239,Naive Bayes,71.97960697,71.7943924,80.73529412,75.64335793,"['fbs', 'thalach', 'ca']"
240,Naive Bayes,75.24768261,79.38494473,73.34558824,75.95521721,"['fbs', 'thalach', 'thal']"
241,Naive Bayes,75.2246941,75.29420365,81.28676471,77.88349732,"['fbs', 'exang', 'oldpeak']"
242,Naive Bayes,71.02113459,70.6495715,80.625,75.0544603,"['fbs', 'exang', 'slope']"
243,Naive Bayes,74.98034854,77.17392132,77.68382353,77.19010632,"['fbs', 'exang', 'ca']"
244,Naive Bayes,71.98813496,75.59839083,75.14705882,74.3714825,"['fbs', 'exang', 'thal']"
245,Naive Bayes,71.63403782,71.03388744,81.80147059,75.56762197,"['fbs', 'oldpeak', 'slope']"
246,Naive Bayes,72.25769373,71.13818321,84.92647059,76.9502498,"['fbs', 'oldpeak', 'ca']"
247,Naive Bayes,75.92658509,78.12195647,78.16176471,77.55005814,"['fbs', 'oldpeak', 'thal']"
248,Naive Bayes,74.20318873,74.06735421,83.05147059,77.93235951,"['fbs', 'slope', 'ca']"
249,Naive Bayes,73.93659622,77.47009314,75.03676471,75.39141146,"['fbs', 'slope', 'thal']"
250,Naive Bayes,76.5272525,81.38788336,75.11029412,77.59245488,"['fbs', 'ca', 'thal']"
251,Naive Bayes,73.04338154,73.31922945,79.55882353,76.26368844,"['restecg', 'thalach', 'exang']"
252,Naive Bayes,72.64479051,71.57661563,83.19852941,76.63660115,"['restecg', 'thalach', 'oldpeak']"
253,Naive Bayes,71.01186504,73.38720292,73.38235294,73.13457432,"['restecg', 'thalach', 'slope']"
254,Naive Bayes,73.94660734,72.77625883,83.75,77.69432047,"['restecg', 'thalach', 'ca']"
255,Naive Bayes,74.58027438,77.06793331,75.73529412,76.2417534,"['restecg', 'thalach', 'thal']"
256,Naive Bayes,75.2246941,75.27227382,81.28676471,77.83300938,"['restecg', 'exang', 'oldpeak']"
257,Naive Bayes,70.34297367,69.52280851,81.25,74.74276377,"['restecg', 'exang', 'slope']"
258,Naive Bayes,75.65850945,77.48437884,78.93382353,77.94322575,"['restecg', 'exang', 'ca']"
259,Naive Bayes,75.99184279,78.24020836,79.44852941,78.11959545,"['restecg', 'exang', 'thal']"
260,Naive Bayes,71.27919911,70.66858059,83.67647059,75.96018226,"['restecg', 'oldpeak', 'slope']"
261,Naive Bayes,72.96959585,71.99873227,85.55147059,77.73204558,"['restecg', 'oldpeak', 'ca']"
262,Naive Bayes,77.25064887,77.37611867,83.05147059,79.57657526,"['restecg', 'oldpeak', 'thal']"
263,Naive Bayes,72.5902855,72.81715262,82.57352941,76.77379379,"['restecg', 'slope', 'ca']"
264,Naive Bayes,73.93733778,74.25489004,80.47794118,76.78205482,"['restecg', 'slope', 'thal']"
265,Naive Bayes,76.5272525,79.76808159,78.16176471,78.43043347,"['restecg', 'ca', 'thal']"
266,Naive Bayes,77.57026326,78.75481596,80.69852941,79.54619727,"['thalach', 'exang', 'oldpeak']"
267,Naive Bayes,72.97812384,74.10375817,77.61029412,75.67094081,"['thalach', 'exang', 'slope']"
268,Naive Bayes,73.66777901,75.42397661,77.05882353,76.13253434,"['thalach', 'exang', 'ca']"
269,Naive Bayes,74.97886541,76.29493464,78.82352941,77.39423625,"['thalach', 'exang', 'thal']"
270,Naive Bayes,72.65628476,73.3533844,79.48529412,75.88245321,"['thalach', 'oldpeak', 'slope']"
271,Naive Bayes,73.61401557,73.11214757,82.53676471,77.34797247,"['thalach', 'oldpeak', 'ca']"
272,Naive Bayes,76.00333704,75.8196963,81.94852941,78.58083971,"['thalach', 'oldpeak', 'thal']"
273,Naive Bayes,72.61327401,73.25937393,79.41176471,75.96850173,"['thalach', 'slope', 'ca']"
274,Naive Bayes,75.62625139,77.82317407,77.5,77.30016635,"['thalach', 'slope', 'thal']"
275,Naive Bayes,78.55172414,79.90127893,81.25,80.34559816,"['thalach', 'ca', 'thal']"
276,Naive Bayes,75.25769373,76.15174579,79.48529412,77.51231177,"['exang', 'oldpeak', 'slope']"
277,Naive Bayes,75.56952169,78.0936764,77.68382353,77.64056532,"['exang', 'oldpeak', 'ca']"
278,Naive Bayes,75.29069336,76.55485528,78.89705882,77.45164862,"['exang', 'oldpeak', 'thal']"
279,Naive Bayes,74.28068224,75.37071846,79.41176471,77.10095804,"['exang', 'slope', 'ca']"
280,Naive Bayes,76.24768261,78.37782805,78.19852941,78.01393197,"['exang', 'slope', 'thal']"
281,Naive Bayes,78.27141268,80.40162293,80.07352941,80.08664683,"['exang', 'ca', 'thal']"
282,Naive Bayes,74.90433815,74.40458619,84.88970588,78.77042875,"['oldpeak', 'slope', 'ca']"
283,Naive Bayes,76.59399333,76.4047619,82.42647059,79.02827896,"['oldpeak', 'slope', 'thal']"
284,Naive Bayes,78.83982202,79.40522876,83.71323529,81.19950499,"['oldpeak', 'ca', 'thal']"
285,Naive Bayes,79.12013348,80.10738857,82.31617647,80.87063265,"['slope', 'ca', 'thal']"
286,Naive Bayes,72.1994809,74.06516291,76.21323529,74.66112708,"['age', 'sex', 'cp', 'trestbps']"
287,Naive Bayes,69.91991101,71.4190926,76.28676471,73.31930515,"['age', 'sex', 'cp', 'chol']"
288,Naive Bayes,70.5650723,72.00990676,76.17647059,73.60095366,"['age', 'sex', 'cp', 'fbs']"
289,Naive Bayes,71.1994809,72.15655346,78.05147059,74.5466246,"['age', 'sex', 'cp', 'restecg']"
290,Naive Bayes,76.24768261,76.32419898,82.38970588,78.86161342,"['age', 'sex', 'cp', 'thalach']"
291,Naive Bayes,76.23470523,76.69777857,81.83823529,78.95305904,"['age', 'sex', 'cp', 'exang']"
292,Naive Bayes,78.58249907,78.55959752,84.96323529,81.29540339,"['age', 'sex', 'cp', 'oldpeak']"
293,Naive Bayes,78.42677049,79.18064155,82.31617647,80.67862448,"['age', 'sex', 'cp', 'slope']"
294,Naive Bayes,75.18020022,76.32465862,81.21323529,78.38039691,"['age', 'sex', 'cp', 'ca']"
295,Naive Bayes,78.18168335,81.52984271,77.53676471,79.27679253,"['age', 'sex', 'cp', 'thal']"
296,Naive Bayes,65.90693363,70.22015635,65.36764706,67.45343226,"['age', 'sex', 'trestbps', 'chol']"
297,Naive Bayes,66.58435298,71.28680865,65.99264706,68.2705013,"['age', 'sex', 'trestbps', 'fbs']"
298,Naive Bayes,65.88394512,69.91572067,68.41911765,68.85906264,"['age', 'sex', 'trestbps', 'restecg']"
299,Naive Bayes,69.17500927,71.29876775,73.89705882,72.3552872,"['age', 'sex', 'trestbps', 'thalach']"
300,Naive Bayes,71.92139414,71.93840886,80.58823529,75.74904662,"['age', 'sex', 'trestbps', 'exang']"
301,Naive Bayes,73.32220986,72.35431156,83.125,77.19359825,"['age', 'sex', 'trestbps', 'oldpeak']"
302,Naive Bayes,71.92287727,72.43716522,79.375,75.46299925,"['age', 'sex', 'trestbps', 'slope']"
303,Naive Bayes,74.15795328,75.08690381,80,77.06048152,"['age', 'sex', 'trestbps', 'ca']"
304,Naive Bayes,71.84390063,75.00565375,74.52205882,74.42842335,"['age', 'sex', 'trestbps', 'thal']"
305,Naive Bayes,64.27252503,68.68452381,63.56617647,65.87244942,"['age', 'sex', 'chol', 'fbs']"
306,Naive Bayes,65.24100853,69.08720283,65.95588235,67.3376873,"['age', 'sex', 'chol', 'restecg']"
307,Naive Bayes,67.91916945,69.63620951,73.30882353,71.06548063,"['age', 'sex', 'chol', 'thalach']"
308,Naive Bayes,73.36596218,72.79545064,81.94852941,77.02321907,"['age', 'sex', 'chol', 'exang']"
309,Naive Bayes,71.00964034,70.1338462,81.94852941,75.34387234,"['age', 'sex', 'chol', 'oldpeak']"
310,Naive Bayes,71.26548016,72.03326318,78.78676471,74.8544487,"['age', 'sex', 'chol', 'slope']"
311,Naive Bayes,73.51279199,73.95596835,79.96323529,76.63778588,"['age', 'sex', 'chol', 'ca']"
312,Naive Bayes,70.55357805,74.3771462,72.05882353,72.88911043,"['age', 'sex', 'chol', 'thal']"
313,Naive Bayes,64.89543938,69.04387524,65.33088235,67.01680233,"['age', 'sex', 'fbs', 'restecg']"
314,Naive Bayes,68.18650352,70.41003243,72.61029412,71.19258962,"['age', 'sex', 'fbs', 'thalach']"
315,Naive Bayes,69.64256581,69.65207135,78.75,73.75941818,"['age', 'sex', 'fbs', 'exang']"
316,Naive Bayes,70.99888765,70.5283686,81.28676471,75.2863546,"['age', 'sex', 'fbs', 'oldpeak']"
317,Naive Bayes,68.55431961,69.40545046,76.875,72.62478035,"['age', 'sex', 'fbs', 'slope']"
318,Naive Bayes,71.83463107,73.38095238,77.57352941,75.07464607,"['age', 'sex', 'fbs', 'ca']"
319,Naive Bayes,69.89840564,74.14430165,70.25735294,71.88271041,"['age', 'sex', 'fbs', 'thal']"
320,Naive Bayes,69.64330738,70.82316587,75.22058824,72.69007218,"['age', 'sex', 'restecg', 'thalach']"
321,Naive Bayes,72.95513534,73.98595849,78.78676471,75.96068385,"['age', 'sex', 'restecg', 'exang']"
322,Naive Bayes,71.65480163,71.50369746,81.32352941,75.84433472,"['age', 'sex', 'restecg', 'oldpeak']"
323,Naive Bayes,70.61104931,71.18938277,77.5,74.0183015,"['age', 'sex', 'restecg', 'slope']"
324,Naive Bayes,74.21468298,75.81402258,78.82352941,77.01739519,"['age', 'sex', 'restecg', 'ca']"
325,Naive Bayes,72.20022247,76.27666215,73.86029412,74.43178803,"['age', 'sex', 'restecg', 'thal']"
326,Naive Bayes,74.27771598,73.9358138,81.875,77.57972865,"['age', 'sex', 'thalach', 'exang']"
327,Naive Bayes,74.31219874,73.72667855,82.61029412,77.72568544,"['age', 'sex', 'thalach', 'oldpeak']"
328,Naive Bayes,71.97812384,73.30764384,76.98529412,74.87113785,"['age', 'sex', 'thalach', 'slope']"
329,Naive Bayes,73.19021135,73.38307165,81.25,76.8755331,"['age', 'sex', 'thalach', 'ca']"
330,Naive Bayes,74.52502781,78.06693062,74.48529412,75.93241627,"['age', 'sex', 'thalach', 'thal']"
331,Naive Bayes,75.55802744,75.09089792,83.125,78.56230528,"['age', 'sex', 'exang', 'oldpeak']"
332,Naive Bayes,74.96885428,76.79260037,77.61029412,77.11267014,"['age', 'sex', 'exang', 'slope']"
333,Naive Bayes,73.27845755,72.84131898,81.91176471,77.00848136,"['age', 'sex', 'exang', 'ca']"
334,Naive Bayes,75.55728587,78.73863581,76.32352941,77.1633611,"['age', 'sex', 'exang', 'thal']"
335,Naive Bayes,72.32295143,72.6790595,79.48529412,75.55602357,"['age', 'sex', 'oldpeak', 'slope']"
336,Naive Bayes,74.32443456,73.82131309,83.23529412,77.84219758,"['age', 'sex', 'oldpeak', 'ca']"
337,Naive Bayes,75.55951057,77.12815126,78.78676471,77.61389128,"['age', 'sex', 'oldpeak', 'thal']"
338,Naive Bayes,75.85984427,76.84042102,81.21323529,78.53076741,"['age', 'sex', 'slope', 'ca']"
339,Naive Bayes,76.87208009,81.01314209,75.69852941,77.88479836,"['age', 'sex', 'slope', 'thal']"
340,Naive Bayes,76.43826474,78.44851193,79.30147059,78.5002986,"['age', 'sex', 'ca', 'thal']"
341,Naive Bayes,72.93214683,76.14392552,74.00735294,74.61713693,"['age', 'cp', 'trestbps', 'chol']"
342,Naive Bayes,72.55431961,75.22169252,75.14705882,74.58838302,"['age', 'cp', 'trestbps', 'fbs']"
343,Naive Bayes,73.95513534,78.26772982,74.00735294,75.23838906,"['age', 'cp', 'trestbps', 'restecg']"
344,Naive Bayes,73.87764182,75.11937933,78.16176471,76.22741831,"['age', 'cp', 'trestbps', 'thalach']"
345,Naive Bayes,75.52428624,77.02897185,79.375,77.91427321,"['age', 'cp', 'trestbps', 'exang']"
346,Naive Bayes,79.21542455,79.03361345,85.55147059,81.74113347,"['age', 'cp', 'trestbps', 'oldpeak']"
347,Naive Bayes,73.90063033,76.05083341,76.875,76.02703391,"['age', 'cp', 'trestbps', 'slope']"
348,Naive Bayes,74.53429737,75.76559715,80.03676471,77.49297218,"['age', 'cp', 'trestbps', 'ca']"
349,Naive Bayes,75.19021135,78.9982673,74.44852941,76.23691746,"['age', 'cp', 'trestbps', 'thal']"
350,Naive Bayes,71.25324435,76.61109724,69.66911765,71.79335184,"['age', 'cp', 'chol', 'fbs']"
351,Naive Bayes,73.61104931,77.89179611,74.00735294,75.0345955,"['age', 'cp', 'chol', 'restecg']"
352,Naive Bayes,74.2899518,77.441516,75.80882353,76.09744972,"['age', 'cp', 'chol', 'thalach']"
353,Naive Bayes,72.91064145,74.7248022,76.98529412,75.53526865,"['age', 'cp', 'chol', 'exang']"
354,Naive Bayes,76.91434928,77.47389865,83.71323529,79.87537728,"['age', 'cp', 'chol', 'oldpeak']"
355,Naive Bayes,73.64479051,76.22790599,76.32352941,75.89782533,"['age', 'cp', 'chol', 'slope']"
356,Naive Bayes,74.91286615,77.33730159,78.23529412,77.35869575,"['age', 'cp', 'chol', 'ca']"
357,Naive Bayes,76.54727475,80.84351433,75.11029412,77.69507624,"['age', 'cp', 'chol', 'thal']"
358,Naive Bayes,73.95661846,78.29854214,74.55882353,75.44298781,"['age', 'cp', 'fbs', 'restecg']"
359,Naive Bayes,75.58027438,77.55001642,78.75,77.65253895,"['age', 'cp', 'fbs', 'thalach']"
360,Naive Bayes,74.23396366,76.36515308,77.61029412,76.62957304,"['age', 'cp', 'fbs', 'exang']"
361,Naive Bayes,76.58101594,77.7943674,82.5,79.42326357,"['age', 'cp', 'fbs', 'oldpeak']"
362,Naive Bayes,74.25695217,75.93032995,78.67647059,76.77423957,"['age', 'cp', 'fbs', 'slope']"
363,Naive Bayes,74.90137189,76.4378655,78.82352941,77.39275253,"['age', 'cp', 'fbs', 'ca']"
364,Naive Bayes,77.54801631,81.19230769,76.94852941,78.85589479,"['age', 'cp', 'fbs', 'thal']"
365,Naive Bayes,74.61253244,77.02550661,77.61029412,76.75550135,"['age', 'cp', 'restecg', 'thalach']"
366,Naive Bayes,73.58954394,74.4878311,78.86029412,76.44710866,"['age', 'cp', 'restecg', 'exang']"
367,Naive Bayes,76.23618836,76.37597644,83.71323529,79.4029263,"['age', 'cp', 'restecg', 'oldpeak']"
368,Naive Bayes,73.61327401,75.57514733,76.875,76.00909893,"['age', 'cp', 'restecg', 'slope']"
369,Naive Bayes,73.53503893,75.57387768,78.19852941,76.44929991,"['age', 'cp', 'restecg', 'ca']"
370,Naive Bayes,77.19169448,80.68338361,76.98529412,78.63151093,"['age', 'cp', 'restecg', 'thal']"
371,Naive Bayes,73.31071561,74.09128827,78.86029412,76.32362605,"['age', 'cp', 'thalach', 'exang']"
372,Naive Bayes,77.57026326,76.93310147,85.47794118,80.66329836,"['age', 'cp', 'thalach', 'oldpeak']"
373,Naive Bayes,73.64553207,74.60651629,79.33823529,76.68704052,"['age', 'cp', 'thalach', 'slope']"
374,Naive Bayes,75.90359659,76.52372352,81.25,78.65319416,"['age', 'cp', 'thalach', 'ca']"
375,Naive Bayes,78.53726363,80.65843389,80.55147059,80.37630083,"['age', 'cp', 'thalach', 'thal']"
376,Naive Bayes,77.95958472,77.19061748,85.55147059,80.90887353,"['age', 'cp', 'exang', 'oldpeak']"
377,Naive Bayes,76.59102707,76.92393361,82.5,79.46327991,"['age', 'cp', 'exang', 'slope']"
378,Naive Bayes,78.26065999,79.7217393,81.91176471,80.49391242,"['age', 'cp', 'exang', 'ca']"
379,Naive Bayes,78.20467186,79.07069758,82.38970588,80.38517822,"['age', 'cp', 'exang', 'thal']"
380,Naive Bayes,77.23618836,76.77030786,84.22794118,80.08726976,"['age', 'cp', 'oldpeak', 'slope']"
381,Naive Bayes,78.20615499,77.42410561,86.69117647,81.54596328,"['age', 'cp', 'oldpeak', 'ca']"
382,Naive Bayes,80.86281053,82.05667355,83.67647059,82.51252016,"['age', 'cp', 'oldpeak', 'thal']"
383,Naive Bayes,77.21542455,77.60818713,83.01470588,80.07896434,"['age', 'cp', 'slope', 'ca']"
384,Naive Bayes,80.18390805,83.6648999,79.92647059,81.48937259,"['age', 'cp', 'slope', 'thal']"
385,Naive Bayes,78.87282165,80.03778949,83.60294118,81.41144054,"['age', 'cp', 'ca', 'thal']"
386,Naive Bayes,60.03670745,62.3541466,69.08088235,65.16712235,"['age', 'trestbps', 'chol', 'fbs']"
387,Naive Bayes,59.74638487,62.29606305,66.69117647,64.06764664,"['age', 'trestbps', 'chol', 'restecg']"
388,Naive Bayes,66.71560994,67.91680688,74.08088235,70.57045357,"['age', 'trestbps', 'chol', 'thalach']"
389,Naive Bayes,69.04041528,68.75513204,79.44852941,73.56880344,"['age', 'trestbps', 'chol', 'exang']"
390,Naive Bayes,70.39896181,69.98693704,80.22058824,74.32418145,"['age', 'trestbps', 'chol', 'oldpeak']"
391,Naive Bayes,68.28624397,70.73676839,71.58088235,70.96847268,"['age', 'trestbps', 'chol', 'slope']"
392,Naive Bayes,68.56433074,69.68648844,77.02205882,72.64130412,"['age', 'trestbps', 'chol', 'ca']"
393,Naive Bayes,72.22172785,73.89205858,76.36029412,74.85624041,"['age', 'trestbps', 'chol', 'thal']"
394,Naive Bayes,61.747868,64.48504748,68.56617647,66.12009804,"['age', 'trestbps', 'fbs', 'restecg']"
395,Naive Bayes,68.35224323,69.55388471,74.59558824,71.71473657,"['age', 'trestbps', 'fbs', 'thalach']"
396,Naive Bayes,69.03040415,69.07070707,78.75,73.31477205,"['age', 'trestbps', 'fbs', 'exang']"
397,Naive Bayes,69.08713385,68.50697376,80.80882353,73.74797841,"['age', 'trestbps', 'fbs', 'oldpeak']"
398,Naive Bayes,67.34074898,70.22953216,69.74264706,69.75027701,"['age', 'trestbps', 'fbs', 'slope']"
399,Naive Bayes,67.24249166,68.67750146,76.39705882,71.58820173,"['age', 'trestbps', 'fbs', 'ca']"
400,Naive Bayes,71.22172785,73.65008817,74.48529412,73.75273971,"['age', 'trestbps', 'fbs', 'thal']"
401,Naive Bayes,69.25250278,70.16356455,75.77205882,72.65020062,"['age', 'trestbps', 'restecg', 'thalach']"
402,Naive Bayes,71.63181313,70.90341942,81.21323529,75.56064314,"['age', 'trestbps', 'restecg', 'exang']"
403,Naive Bayes,70.05413422,69.3673,81.36029412,74.64706071,"['age', 'trestbps', 'restecg', 'oldpeak']"
404,Naive Bayes,65.33852429,67.65820802,70.33088235,68.79960317,"['age', 'trestbps', 'restecg', 'slope']"
405,Naive Bayes,70.2332221,70.05479278,80,74.38765927,"['age', 'trestbps', 'restecg', 'ca']"
406,Naive Bayes,73.85687801,75.108671,78.71323529,76.51565131,"['age', 'trestbps', 'restecg', 'thal']"
407,Naive Bayes,72.03188728,73.04308566,77.68382353,75.18441715,"['age', 'trestbps', 'thalach', 'exang']"
408,Naive Bayes,72.09862811,72.12116074,79.63235294,75.48812542,"['age', 'trestbps', 'thalach', 'oldpeak']"
409,Naive Bayes,68.64182425,71.04548135,72.13235294,71.32505069,"['age', 'trestbps', 'thalach', 'slope']"
410,Naive Bayes,72.28921023,74.09123298,75.84558824,74.79450783,"['age', 'trestbps', 'thalach', 'ca']"
411,Naive Bayes,72.32220986,76.13935574,71.61764706,73.62482544,"['age', 'trestbps', 'thalach', 'thal']"
412,Naive Bayes,74.93511309,75.62297902,80.14705882,77.5294303,"['age', 'trestbps', 'exang', 'oldpeak']"
413,Naive Bayes,72.97886541,72.94371401,80.625,76.40204,"['age', 'trestbps', 'exang', 'slope']"
414,Naive Bayes,73.97960697,76.44191361,76.43382353,76.27792838,"['age', 'trestbps', 'exang', 'ca']"
415,Naive Bayes,74.25695217,77.21204453,74.52205882,75.70441725,"['age', 'trestbps', 'exang', 'thal']"
416,Naive Bayes,71.02187616,71.61551897,78.27205882,74.37284014,"['age', 'trestbps', 'oldpeak', 'slope']"
417,Naive Bayes,73.28068224,72.94827833,83.71323529,77.5186759,"['age', 'trestbps', 'oldpeak', 'ca']"
418,Naive Bayes,75.30367075,77.24117515,78.23529412,77.43470482,"['age', 'trestbps', 'oldpeak', 'thal']"
419,Naive Bayes,74.86985539,75.3600914,81.80147059,78.10899997,"['age', 'trestbps', 'slope', 'ca']"
420,Naive Bayes,72.32295143,75.63082291,72.75735294,73.80961077,"['age', 'trestbps', 'slope', 'thal']"
421,Naive Bayes,73.21319985,75.70669935,75.14705882,75.25284117,"['age', 'trestbps', 'ca', 'thal']"
422,Naive Bayes,57.75713756,61.32589048,62.46323529,61.46793998,"['age', 'chol', 'fbs', 'restecg']"
423,Naive Bayes,67.03893215,69.16530501,72.75735294,70.41868309,"['age', 'chol', 'fbs', 'thalach']"
424,Naive Bayes,70.38672599,69.14400024,82.5,75.15186072,"['age', 'chol', 'fbs', 'exang']"
425,Naive Bayes,68.75380052,67.72152753,81.98529412,73.86570207,"['age', 'chol', 'fbs', 'oldpeak']"
426,Naive Bayes,67.69632925,70.0769141,71.58088235,70.56051994,"['age', 'chol', 'fbs', 'slope']"
427,Naive Bayes,70.90063033,70.69589043,81.91176471,75.34187947,"['age', 'chol', 'fbs', 'ca']"
428,Naive Bayes,72.2017056,73.34799119,77.5,74.95419679,"['age', 'chol', 'fbs', 'thal']"
429,Naive Bayes,67.67408231,69.68562311,73.34558824,70.93448846,"['age', 'chol', 'restecg', 'thalach']"
430,Naive Bayes,71.05339266,69.04217064,84.96323529,76.10574861,"['age', 'chol', 'restecg', 'exang']"
431,Naive Bayes,69.70930664,68.62187972,83.82352941,75.07878267,"['age', 'chol', 'restecg', 'oldpeak']"
432,Naive Bayes,67.34149055,68.91971964,72.83088235,70.58425061,"['age', 'chol', 'restecg', 'slope']"
433,Naive Bayes,69.93288839,69.58238243,81.94852941,74.61820143,"['age', 'chol', 'restecg', 'ca']"
434,Naive Bayes,72.90137189,74.18852389,77.53676471,75.5309308,"['age', 'chol', 'restecg', 'thal']"
435,Naive Bayes,71.76455321,72.07735638,79.00735294,75.27459727,"['age', 'chol', 'thalach', 'exang']"
436,Naive Bayes,72.07712273,71.67674757,80.88235294,75.64659894,"['age', 'chol', 'thalach', 'oldpeak']"
437,Naive Bayes,70.02187616,72.15162907,73.34558824,72.4821515,"['age', 'chol', 'thalach', 'slope']"
438,Naive Bayes,72.31145717,72.83909529,78.34558824,75.28573551,"['age', 'chol', 'thalach', 'ca']"
439,Naive Bayes,75.94734891,79.39549241,75.22058824,77.07657217,"['age', 'chol', 'thalach', 'thal']"
440,Naive Bayes,74.63477938,75.36399209,79.55882353,77.14074301,"['age', 'chol', 'exang', 'oldpeak']"
441,Naive Bayes,71.7437894,71.8998968,79.48529412,75.40055238,"['age', 'chol', 'exang', 'slope']"
442,Naive Bayes,73.66777901,75.35844513,77.68382353,76.33219131,"['age', 'chol', 'exang', 'ca']"
443,Naive Bayes,74.27919911,77.16924665,75.14705882,75.95542543,"['age', 'chol', 'exang', 'thal']"
444,Naive Bayes,71.3444568,70.84003487,80.66176471,75.22778824,"['age', 'chol', 'oldpeak', 'slope']"
445,Naive Bayes,73.30292918,72.69349364,84.33823529,77.61177618,"['age', 'chol', 'oldpeak', 'ca']"
446,Naive Bayes,76.23915462,77.55275065,80,78.43686283,"['age', 'chol', 'oldpeak', 'thal']"
447,Naive Bayes,73.88060808,74.14286996,81.83823529,77.39935198,"['age', 'chol', 'slope', 'ca']"
448,Naive Bayes,73.96885428,77.71884084,73.38235294,75.14002419,"['age', 'chol', 'slope', 'thal']"
449,Naive Bayes,74.84760845,75.80621284,79.375,77.32730783,"['age', 'chol', 'ca', 'thal']"
450,Naive Bayes,66.95216908,68.30510713,73.27205882,70.52753709,"['age', 'fbs', 'restecg', 'thalach']"
451,Naive Bayes,70.04263997,69.26501861,81.21323529,74.61454175,"['age', 'fbs', 'restecg', 'exang']"
452,Naive Bayes,67.73081201,67.20819646,81.36029412,73.27046207,"['age', 'fbs', 'restecg', 'oldpeak']"
453,Naive Bayes,67.02966259,69.75395928,70.33088235,69.66707866,"['age', 'fbs', 'restecg', 'slope']"
454,Naive Bayes,68.92213571,68.72610723,80.03676471,73.54407512,"['age', 'fbs', 'restecg', 'ca']"
455,Naive Bayes,72.5357805,74.62190738,76.17647059,74.83683738,"['age', 'fbs', 'restecg', 'thal']"
456,Naive Bayes,72.4097145,72.69397145,79.59558824,75.85358038,"['age', 'fbs', 'thalach', 'exang']"
457,Naive Bayes,72.71078977,72.54090469,80.84558824,76.08672176,"['age', 'fbs', 'thalach', 'oldpeak']"
458,Naive Bayes,71.33296255,73.81829574,73.93382353,73.57220526,"['age', 'fbs', 'thalach', 'slope']"
459,Naive Bayes,71.98961809,72.58117106,78.30882353,75.07711759,"['age', 'fbs', 'thalach', 'ca']"
460,Naive Bayes,74.61327401,78.55380486,73.38235294,75.72985617,"['age', 'fbs', 'thalach', 'thal']"
461,Naive Bayes,74.96811272,75.76388889,79.55882353,77.35681126,"['age', 'fbs', 'exang', 'oldpeak']"
462,Naive Bayes,71.68854283,71.59932585,80.03676471,75.38435349,"['age', 'fbs', 'exang', 'slope']"
463,Naive Bayes,74.3129403,76.74114821,77.05882353,76.64672181,"['age', 'fbs', 'exang', 'ca']"
464,Naive Bayes,74.9243604,79.48284481,73.30882353,75.95990583,"['age', 'fbs', 'exang', 'thal']"
465,Naive Bayes,71.6555432,71.78953858,80.07352941,75.27456673,"['age', 'fbs', 'oldpeak', 'slope']"
466,Naive Bayes,73.62550983,72.9442073,84.30147059,77.76787739,"['age', 'fbs', 'oldpeak', 'ca']"
467,Naive Bayes,74.94883204,76.87504536,77.61029412,76.89496752,"['age', 'fbs', 'oldpeak', 'thal']"
468,Naive Bayes,72.87912495,73.77272727,80.03676471,76.26971589,"['age', 'fbs', 'slope', 'ca']"
469,Naive Bayes,73.26918799,76.97299433,72.72058824,74.46481774,"['age', 'fbs', 'slope', 'thal']"
470,Naive Bayes,73.85836114,76.01698817,76.32352941,75.91332106,"['age', 'fbs', 'ca', 'thal']"
471,Naive Bayes,72.39822024,72.64637083,79.59558824,75.86422251,"['age', 'restecg', 'thalach', 'exang']"
472,Naive Bayes,73.71153133,73.2200474,82.68382353,77.25093647,"['age', 'restecg', 'thalach', 'oldpeak']"
473,Naive Bayes,71.3444568,73.58263305,73.97058824,73.58012338,"['age', 'restecg', 'thalach', 'slope']"
474,Naive Bayes,72.92361884,73.47651437,79.44852941,76.13781377,"['age', 'restecg', 'thalach', 'ca']"
475,Naive Bayes,74.57953281,77.88241295,74.59558824,75.93352644,"['age', 'restecg', 'thalach', 'thal']"
476,Naive Bayes,74.93511309,75.27300482,80.73529412,77.61875043,"['age', 'restecg', 'exang', 'oldpeak']"
477,Naive Bayes,73.36744531,74.27419652,78.86029412,76.33019212,"['age', 'restecg', 'exang', 'slope']"
478,Naive Bayes,74.30218762,75.75163399,78.86029412,77.08840894,"['age', 'restecg', 'exang', 'ca']"
479,Naive Bayes,74.29069336,77.09081527,75.18382353,75.90845429,"['age', 'restecg', 'exang', 'thal']"
480,Naive Bayes,70.6555432,71.22069747,79.48529412,74.66925999,"['age', 'restecg', 'oldpeak', 'slope']"
481,Naive Bayes,73.30292918,72.32842372,85.51470588,77.94316896,"['age', 'restecg', 'oldpeak', 'ca']"
482,Naive Bayes,75.63848721,76.51315789,80.07352941,78.05308609,"['age', 'restecg', 'oldpeak', 'thal']"
483,Naive Bayes,72.56878013,74.21015775,78.23529412,75.7056982,"['age', 'restecg', 'slope', 'ca']"
484,Naive Bayes,72.96811272,76.89362925,72.16911765,74.13858635,"['age', 'restecg', 'slope', 'thal']"
485,Naive Bayes,74.19169448,76.62745098,75.77205882,75.98663923,"['age', 'restecg', 'ca', 'thal']"
486,Naive Bayes,76.96959585,78.3878569,80.18382353,79.07258509,"['age', 'thalach', 'exang', 'oldpeak']"
487,Naive Bayes,73.69002595,74.21138631,79.48529412,76.64488315,"['age', 'thalach', 'exang', 'slope']"
488,Naive Bayes,75.00259548,76.88888889,77.72058824,77.11245965,"['age', 'thalach', 'exang', 'ca']"
489,Naive Bayes,72.65480163,75.16494668,74.63235294,74.68861288,"['age', 'thalach', 'exang', 'thal']"
490,Naive Bayes,72.68928439,73.27816142,78.93382353,75.71677278,"['age', 'thalach', 'oldpeak', 'slope']"
491,Naive Bayes,74.62550983,75.18347766,81.36029412,77.79580727,"['age', 'thalach', 'oldpeak', 'ca']"
492,Naive Bayes,74.34593993,74.96775026,79.52205882,77.02357438,"['age', 'thalach', 'oldpeak', 'thal']"
493,Naive Bayes,72.9243604,73.58813701,79.44852941,76.12922663,"['age', 'thalach', 'slope', 'ca']"
494,Naive Bayes,74.29143493,77.02837221,75.69852941,75.88476841,"['age', 'thalach', 'slope', 'thal']"
495,Naive Bayes,76.87208009,79.80260795,76.98529412,78.10398099,"['age', 'thalach', 'ca', 'thal']"
496,Naive Bayes,74.97960697,75.93207283,79.55882353,77.46022426,"['age', 'exang', 'oldpeak', 'slope']"
497,Naive Bayes,75.91434928,78.56753261,77.68382353,77.88566336,"['age', 'exang', 'oldpeak', 'ca']"
498,Naive Bayes,75.94734891,78.12138189,77.72058824,77.61670035,"['age', 'exang', 'oldpeak', 'thal']"
499,Naive Bayes,73.33518725,75.28668485,77.09558824,75.90790187,"['age', 'exang', 'slope', 'ca']"
500,Naive Bayes,75.92584353,78.99949723,76.36029412,77.27992755,"['age', 'exang', 'slope', 'thal']"
501,Naive Bayes,77.89432703,82.76440961,76.43382353,79.09893717,"['age', 'exang', 'ca', 'thal']"
502,Naive Bayes,73.96959585,73.67212201,83.125,77.69083626,"['age', 'oldpeak', 'slope', 'ca']"
503,Naive Bayes,76.98257323,77.18731595,82.5,79.36105693,"['age', 'oldpeak', 'slope', 'thal']"
504,Naive Bayes,78.86281053,79.69930341,83.08823529,81.1153776,"['age', 'oldpeak', 'ca', 'thal']"
505,Naive Bayes,76.79532814,78.64932032,79.33823529,78.67435914,"['age', 'slope', 'ca', 'thal']"
506,Naive Bayes,70.58731924,73.96885983,71.98529412,72.47984145,"['sex', 'cp', 'trestbps', 'chol']"
507,Naive Bayes,70.20875046,73.28488178,72.57352941,72.42698904,"['sex', 'cp', 'trestbps', 'fbs']"
508,Naive Bayes,75.20096403,76.37678421,80.55147059,77.97072889,"['sex', 'cp', 'trestbps', 'restecg']"
509,Naive Bayes,75.90211346,77.50203662,79.96323529,78.24860304,"['sex', 'cp', 'trestbps', 'thalach']"
510,Naive Bayes,76.87912495,79.80022974,78.75,78.62303091,"['sex', 'cp', 'trestbps', 'exang']"
511,Naive Bayes,78.83759733,79.8158027,83.05147059,80.94525508,"['sex', 'cp', 'trestbps', 'oldpeak']"
512,Naive Bayes,75.51427512,77.93465281,78.08823529,77.6224824,"['sex', 'cp', 'trestbps', 'slope']"
513,Naive Bayes,76.84760845,80.39149494,78.75,78.97085771,"['sex', 'cp', 'trestbps', 'ca']"
514,Naive Bayes,78.52651094,85.11235905,74.48529412,78.63962195,"['sex', 'cp', 'trestbps', 'thal']"
515,Naive Bayes,68.89766407,71.64815933,71.98529412,71.41056961,"['sex', 'cp', 'chol', 'fbs']"
516,Naive Bayes,69.57508343,71.73988894,73.86029412,72.3152145,"['sex', 'cp', 'chol', 'restecg']"
517,Naive Bayes,73.55506118,74.66334754,78.71323529,75.6023699,"['sex', 'cp', 'chol', 'thalach']"
518,Naive Bayes,76.60103819,79.49768584,78.19852941,78.38411887,"['sex', 'cp', 'chol', 'exang']"
519,Naive Bayes,79.50574713,80.89719888,83.08823529,81.44974054,"['sex', 'cp', 'chol', 'oldpeak']"
520,Naive Bayes,72.57879125,73.51463853,79.33823529,75.84735002,"['sex', 'cp', 'chol', 'slope']"
521,Naive Bayes,77.18168335,79.25388281,80.625,79.53678658,"['sex', 'cp', 'chol', 'ca']"
522,Naive Bayes,77.54801631,80.6453677,77.57352941,78.52073971,"['sex', 'cp', 'chol', 'thal']"
523,Naive Bayes,70.54282536,72.08366504,75.625,73.36194268,"['sex', 'cp', 'fbs', 'restecg']"
524,Naive Bayes,74.47979236,75.49613785,79.22794118,76.31212494,"['sex', 'cp', 'fbs', 'thalach']"
525,Naive Bayes,75.93437152,79.32437738,76.94852941,77.62264656,"['sex', 'cp', 'fbs', 'exang']"
526,Naive Bayes,79.19466073,81.9742467,81.21323529,80.79665323,"['sex', 'cp', 'fbs', 'oldpeak']"
527,Naive Bayes,73.90211346,75.03280874,78.71323529,76.43124438,"['sex', 'cp', 'fbs', 'slope']"
528,Naive Bayes,77.17093066,79.90094164,79.96323529,79.38116421,"['sex', 'cp', 'fbs', 'ca']"
529,Naive Bayes,78.1931776,82.67881671,76.32352941,78.7906056,"['sex', 'cp', 'fbs', 'thal']"
530,Naive Bayes,74.52354468,74.29214382,81.80147059,77.48380265,"['sex', 'cp', 'restecg', 'thalach']"
531,Naive Bayes,75.60029663,78.23878323,77.61029412,77.57809458,"['sex', 'cp', 'restecg', 'exang']"
532,Naive Bayes,79.84983315,80.81429554,84.26470588,81.99162215,"['sex', 'cp', 'restecg', 'oldpeak']"
533,Naive Bayes,74.21319985,75.9010614,79.33823529,77.0935692,"['sex', 'cp', 'restecg', 'slope']"
534,Naive Bayes,77.51501669,79.52291323,81.21323529,79.92084675,"['sex', 'cp', 'restecg', 'ca']"
535,Naive Bayes,77.52576937,81.71922075,75.73529412,78.07690122,"['sex', 'cp', 'restecg', 'thal']"
536,Naive Bayes,75.97886541,75.80255172,83.08823529,79.08039458,"['sex', 'cp', 'thalach', 'exang']"
537,Naive Bayes,78.91583241,77.98583468,86.72794118,81.80200548,"['sex', 'cp', 'thalach', 'oldpeak']"
538,Naive Bayes,75.58101594,74.73817421,84.74264706,79.06505445,"['sex', 'cp', 'thalach', 'slope']"
539,Naive Bayes,78.84056359,77.57647689,87.24264706,81.89544784,"['sex', 'cp', 'thalach', 'ca']"
540,Naive Bayes,79.87356322,81.46418129,82.97794118,81.65271039,"['sex', 'cp', 'thalach', 'thal']"
541,Naive Bayes,77.88060808,77.49387535,84.30147059,80.45598846,"['sex', 'cp', 'exang', 'oldpeak']"
542,Naive Bayes,76.92510197,76.38293539,84.22794118,79.86479375,"['sex', 'cp', 'exang', 'slope']"
543,Naive Bayes,79.90656285,80.6748366,84.30147059,82.19505956,"['sex', 'cp', 'exang', 'ca']"
544,Naive Bayes,78.55951057,79.77157857,82.35294118,80.72233914,"['sex', 'cp', 'exang', 'thal']"
545,Naive Bayes,77.55951057,76.62745965,86.06617647,80.76613974,"['sex', 'cp', 'oldpeak', 'slope']"
546,Naive Bayes,82.15387468,81.73856209,88.49264706,84.70121456,"['sex', 'cp', 'oldpeak', 'ca']"
547,Naive Bayes,79.85057471,81.08857551,83.01470588,81.57253411,"['sex', 'cp', 'oldpeak', 'thal']"
548,Naive Bayes,79.49647757,78.07823145,87.83088235,82.50311793,"['sex', 'cp', 'slope', 'ca']"
549,Naive Bayes,78.50648869,81.55718954,78.63970588,79.68067904,"['sex', 'cp', 'slope', 'thal']"
550,Naive Bayes,79.42825362,81.17595232,82.31617647,81.31571499,"['sex', 'cp', 'ca', 'thal']"
551,Naive Bayes,59.94623656,66.93789544,53.86029412,59.35660588,"['sex', 'trestbps', 'chol', 'fbs']"
552,Naive Bayes,61.58064516,64.75808819,64.08088235,64.19808583,"['sex', 'trestbps', 'chol', 'restecg']"
553,Naive Bayes,71.55506118,72.17769178,78.71323529,74.95973389,"['sex', 'trestbps', 'chol', 'thalach']"
554,Naive Bayes,69.6533185,68.876443,81.21323529,74.35034898,"['sex', 'trestbps', 'chol', 'exang']"
555,Naive Bayes,70.30997405,69.44712762,81.875,74.93877122,"['sex', 'trestbps', 'chol', 'oldpeak']"
556,Naive Bayes,71.58954394,72.96989161,77.5,74.76412813,"['sex', 'trestbps', 'chol', 'slope']"
557,Naive Bayes,74.18094179,73.93013063,82.42647059,77.57321093,"['sex', 'trestbps', 'chol', 'ca']"
558,Naive Bayes,71.85465332,74.77465345,76.32352941,74.8718675,"['sex', 'trestbps', 'chol', 'thal']"
559,Naive Bayes,63.60585836,67.92659675,64.77941176,65.96468004,"['sex', 'trestbps', 'fbs', 'restecg']"
560,Naive Bayes,73.22395254,73.517249,80.47794118,76.52893146,"['sex', 'trestbps', 'fbs', 'thalach']"
561,Naive Bayes,70.30923248,70.06502216,79.92647059,74.42776778,"['sex', 'trestbps', 'fbs', 'exang']"
562,Naive Bayes,71.29996292,70.03336132,83.05147059,75.87139068,"['sex', 'trestbps', 'fbs', 'oldpeak']"
563,Naive Bayes,70.57804968,72.01234146,75.58823529,73.31439623,"['sex', 'trestbps', 'fbs', 'slope']"
564,Naive Bayes,72.18020022,72.85117188,79.88970588,75.85193587,"['sex', 'trestbps', 'fbs', 'ca']"
565,Naive Bayes,70.19873934,73.81504632,73.82352941,73.13035631,"['sex', 'trestbps', 'fbs', 'thal']"
566,Naive Bayes,72.21319985,72.73808349,79.30147059,75.5191993,"['sex', 'trestbps', 'restecg', 'thalach']"
567,Naive Bayes,71.27623285,70.33722732,82.42647059,75.70279118,"['sex', 'trestbps', 'restecg', 'exang']"
568,Naive Bayes,71.63403782,70.21613347,83.71323529,76.15838358,"['sex', 'trestbps', 'restecg', 'oldpeak']"
569,Naive Bayes,71.55654431,72.97789874,76.83823529,74.55974481,"['sex', 'trestbps', 'restecg', 'slope']"
570,Naive Bayes,75.77159807,74.59135477,85.95588235,79.53880625,"['sex', 'trestbps', 'restecg', 'ca']"
571,Naive Bayes,71.8446422,74.40157668,76.25,74.79097814,"['sex', 'trestbps', 'restecg', 'thal']"
572,Naive Bayes,74.92361884,74.67696816,82.38970588,78.15365883,"['sex', 'trestbps', 'thalach', 'exang']"
573,Naive Bayes,73.65702633,73.33520968,81.36029412,76.92711949,"['sex', 'trestbps', 'thalach', 'oldpeak']"
574,Naive Bayes,72.26770486,72.94177286,78.78676471,75.45264667,"['sex', 'trestbps', 'thalach', 'slope']"
575,Naive Bayes,77.49425287,77.29398865,84.22794118,80.36953512,"['sex', 'trestbps', 'thalach', 'ca']"
576,Naive Bayes,75.51427512,79.0534996,75.66176471,76.93816339,"['sex', 'trestbps', 'thalach', 'thal']"
577,Naive Bayes,73.8676307,74.65661463,79.48529412,76.48857094,"['sex', 'trestbps', 'exang', 'oldpeak']"
578,Naive Bayes,74.61401557,74.5172518,81.76470588,77.69497354,"['sex', 'trestbps', 'exang', 'slope']"
579,Naive Bayes,72.94586578,74.25992063,78.23529412,75.96982563,"['sex', 'trestbps', 'exang', 'ca']"
580,Naive Bayes,75.27919911,80.43144626,73.93382353,76.40104319,"['sex', 'trestbps', 'exang', 'thal']"
581,Naive Bayes,73.27919911,73.17298762,81.21323529,76.71498771,"['sex', 'trestbps', 'oldpeak', 'slope']"
582,Naive Bayes,73.65776789,73.26820338,81.98529412,77.00593701,"['sex', 'trestbps', 'oldpeak', 'ca']"
583,Naive Bayes,75.91434928,79.37620494,75.77205882,77.15509875,"['sex', 'trestbps', 'oldpeak', 'thal']"
584,Naive Bayes,74.8045977,75.27585928,82.38970588,78.21583548,"['sex', 'trestbps', 'slope', 'ca']"
585,Naive Bayes,73.17945866,78.47410759,71.98529412,74.37730039,"['sex', 'trestbps', 'slope', 'thal']"
586,Naive Bayes,76.43752317,79.68041144,78.125,78.38446659,"['sex', 'trestbps', 'ca', 'thal']"
587,Naive Bayes,62.94846125,70.46921706,57.53676471,62.86374556,"['sex', 'chol', 'fbs', 'restecg']"
588,Naive Bayes,69.22098628,71.09161603,73.19852941,71.81110775,"['sex', 'chol', 'fbs', 'thalach']"
589,Naive Bayes,69.68780126,68.76061531,80.58823529,74.07606576,"['sex', 'chol', 'fbs', 'exang']"
590,Naive Bayes,70.29847979,69.21570973,82.46323529,75.00692476,"['sex', 'chol', 'fbs', 'oldpeak']"
591,Naive Bayes,69.28846867,69.50972356,78.08823529,73.20135258,"['sex', 'chol', 'fbs', 'slope']"
592,Naive Bayes,73.55951057,73.09298764,83.05147059,77.32871413,"['sex', 'chol', 'fbs', 'ca']"
593,Naive Bayes,69.57656656,72.63840081,73.86029412,72.57246028,"['sex', 'chol', 'fbs', 'thal']"
594,Naive Bayes,72.91360771,73.41466914,78.75,75.7527007,"['sex', 'chol', 'restecg', 'thalach']"
595,Naive Bayes,71.03188728,69.06598017,84.92647059,76.10574861,"['sex', 'chol', 'restecg', 'exang']"
596,Naive Bayes,71.29922136,69.32446209,85.55147059,76.34351941,"['sex', 'chol', 'restecg', 'oldpeak']"
597,Naive Bayes,70.96737115,71.52641301,78.08823529,74.38252596,"['sex', 'chol', 'restecg', 'slope']"
598,Naive Bayes,74.89358547,74.98481925,83.05147059,78.54671017,"['sex', 'chol', 'restecg', 'ca']"
599,Naive Bayes,70.57804968,74.97206865,71.39705882,72.56346233,"['sex', 'chol', 'restecg', 'thal']"
600,Naive Bayes,74.99035966,74.02224311,83.75,78.49141909,"['sex', 'chol', 'thalach', 'exang']"
601,Naive Bayes,74.01186504,72.80153175,83.82352941,77.67967077,"['sex', 'chol', 'thalach', 'oldpeak']"
602,Naive Bayes,72.36670374,73.36904762,78.34558824,75.24349453,"['sex', 'chol', 'thalach', 'slope']"
603,Naive Bayes,75.21468298,73.80912118,85.51470588,79.00485822,"['sex', 'chol', 'thalach', 'ca']"
604,Naive Bayes,75.18094179,78.25644127,76.25,76.92012298,"['sex', 'chol', 'thalach', 'thal']"
605,Naive Bayes,73.58954394,73.39377215,80.73529412,76.45841863,"['sex', 'chol', 'exang', 'oldpeak']"
606,Naive Bayes,74.33444568,75.9265873,77.61029412,76.6468032,"['sex', 'chol', 'exang', 'slope']"
607,Naive Bayes,72.62254357,72.68078563,80.73529412,76.25740449,"['sex', 'chol', 'exang', 'ca']"
608,Naive Bayes,74.94586578,78.62375396,75.18382353,76.39267999,"['sex', 'chol', 'exang', 'thal']"
609,Naive Bayes,73.24619948,72.77777778,81.80147059,76.72174222,"['sex', 'chol', 'oldpeak', 'slope']"
610,Naive Bayes,75.26992955,74.17508354,85,78.76753902,"['sex', 'chol', 'oldpeak', 'ca']"
611,Naive Bayes,74.90359659,77.50026509,76.36029412,76.51377771,"['sex', 'chol', 'oldpeak', 'thal']"
612,Naive Bayes,73.84760845,75.00640695,78.71323529,76.61504445,"['sex', 'chol', 'slope', 'ca']"
613,Naive Bayes,72.56803856,77.77651189,71.43382353,73.80755117,"['sex', 'chol', 'slope', 'thal']"
614,Naive Bayes,76.12643678,78.52146392,78.75,78.13044294,"['sex', 'chol', 'ca', 'thal']"
615,Naive Bayes,70.92287727,72.54611402,75.66176471,73.68834681,"['sex', 'fbs', 'restecg', 'thalach']"
616,Naive Bayes,69.6533185,68.4037168,83.05147059,74.80416985,"['sex', 'fbs', 'restecg', 'exang']"
617,Naive Bayes,70.97812384,69.312144,84.92647059,76.12829667,"['sex', 'fbs', 'restecg', 'oldpeak']"
618,Naive Bayes,70.90063033,71.20615213,79.26470588,74.68371629,"['sex', 'fbs', 'restecg', 'slope']"
619,Naive Bayes,75.15016685,74.66259398,84.81617647,79.09831594,"['sex', 'fbs', 'restecg', 'ca']"
620,Naive Bayes,69.22098628,72.28022235,73.23529412,72.16119508,"['sex', 'fbs', 'restecg', 'thal']"
621,Naive Bayes,75.27994067,74.32957393,83.67647059,78.58247725,"['sex', 'fbs', 'thalach', 'exang']"
622,Naive Bayes,74.99035966,74.20699699,83.19852941,78.15402975,"['sex', 'fbs', 'thalach', 'oldpeak']"
623,Naive Bayes,71.66703745,72.69167377,77.68382353,74.7039701,"['sex', 'fbs', 'thalach', 'slope']"
624,Naive Bayes,75.52651094,74.76476396,84.26470588,78.96912942,"['sex', 'fbs', 'thalach', 'ca']"
625,Naive Bayes,76.1931776,80.01312576,75.625,77.3915634,"['sex', 'fbs', 'thalach', 'thal']"
626,Naive Bayes,73.57804968,73.69203311,80.11029412,76.36797011,"['sex', 'fbs', 'exang', 'oldpeak']"
627,Naive Bayes,71.3214683,71.33384207,79.375,74.95766335,"['sex', 'fbs', 'exang', 'slope']"
628,Naive Bayes,72.94512421,73.17506668,80.69852941,76.52144193,"['sex', 'fbs', 'exang', 'ca']"
629,Naive Bayes,74.27919911,79.08945492,73.30882353,75.37723367,"['sex', 'fbs', 'exang', 'thal']"
630,Naive Bayes,74.56952169,73.81246286,83.63970588,78.08072598,"['sex', 'fbs', 'oldpeak', 'slope']"
631,Naive Bayes,74.29143493,73.49202569,84.375,78.05087139,"['sex', 'fbs', 'oldpeak', 'ca']"
632,Naive Bayes,74.91434928,78.3282967,75.14705882,76.16536128,"['sex', 'fbs', 'oldpeak', 'thal']"
633,Naive Bayes,74.85910271,77.33445227,78.19852941,77.22736829,"['sex', 'fbs', 'slope', 'ca']"
634,Naive Bayes,74.55802744,80.96488015,71.43382353,75.17574245,"['sex', 'fbs', 'slope', 'thal']"
635,Naive Bayes,77.47126437,80.82289056,78.75,79.21854049,"['sex', 'fbs', 'ca', 'thal']"
636,Naive Bayes,73.28846867,72.41596024,82.46323529,77.01635498,"['sex', 'restecg', 'thalach', 'exang']"
637,Naive Bayes,74.99035966,73.8541541,83.82352941,78.29901928,"['sex', 'restecg', 'thalach', 'oldpeak']"
638,Naive Bayes,69.95439377,71.59493683,75.14705882,73.03004838,"['sex', 'restecg', 'thalach', 'slope']"
639,Naive Bayes,75.83759733,74.39971084,86.06617647,79.6095665,"['sex', 'restecg', 'thalach', 'ca']"
640,Naive Bayes,75.11420096,77.75890205,76.83823529,76.94852057,"['sex', 'restecg', 'thalach', 'thal']"
641,Naive Bayes,74.2017056,73.68852278,82.5,77.41282249,"['sex', 'restecg', 'exang', 'oldpeak']"
642,Naive Bayes,74.3129403,75.39488427,78.82352941,76.82934501,"['sex', 'restecg', 'exang', 'slope']"
643,Naive Bayes,72.26696329,72.32870445,80.69852941,76.05300758,"['sex', 'restecg', 'exang', 'ca']"
644,Naive Bayes,74.27919911,79.08945492,73.30882353,75.37723367,"['sex', 'restecg', 'exang', 'thal']"
645,Naive Bayes,73.60252132,74.04444627,81.21323529,77.02522726,"['sex', 'restecg', 'oldpeak', 'slope']"
646,Naive Bayes,74.93659622,73.42163743,85.58823529,78.73619413,"['sex', 'restecg', 'oldpeak', 'ca']"
647,Naive Bayes,75.57026326,78.52590611,76.36029412,76.8966147,"['sex', 'restecg', 'oldpeak', 'thal']"
648,Naive Bayes,74.8928439,75.78823898,81.28676471,78.05230267,"['sex', 'restecg', 'slope', 'ca']"
649,Naive Bayes,72.93511309,78.88640578,71.43382353,73.89879652,"['sex', 'restecg', 'slope', 'thal']"
650,Naive Bayes,77.48275862,81.73476678,76.94852941,78.85750448,"['sex', 'restecg', 'ca', 'thal']"
651,Naive Bayes,77.54875788,76.82269678,84.30147059,80.21651555,"['sex', 'thalach', 'exang', 'oldpeak']"
652,Naive Bayes,75.61327401,75.99281386,81.21323529,78.20622743,"['sex', 'thalach', 'exang', 'slope']"
653,Naive Bayes,75.93659622,76.11326109,81.91176471,78.81215517,"['sex', 'thalach', 'exang', 'ca']"
654,Naive Bayes,75.57953281,77.93840228,78.08823529,77.71768737,"['sex', 'thalach', 'exang', 'thal']"
655,Naive Bayes,74.61401557,73.90008164,83.125,77.97002093,"['sex', 'thalach', 'oldpeak', 'slope']"
656,Naive Bayes,77.53874676,77.18997248,84.96323529,80.58764112,"['sex', 'thalach', 'oldpeak', 'ca']"
657,Naive Bayes,77.51575825,79.80614999,79.30147059,79.21872651,"['sex', 'thalach', 'oldpeak', 'thal']"
658,Naive Bayes,75.8383389,75.99636319,83.08823529,78.89434862,"['sex', 'thalach', 'slope', 'ca']"
659,Naive Bayes,74.94883204,78.26069682,75.03676471,76.18678921,"['sex', 'thalach', 'slope', 'thal']"
660,Naive Bayes,79.10641453,81.83351006,79.92647059,80.58258912,"['sex', 'thalach', 'ca', 'thal']"
661,Naive Bayes,76.52576937,77.17285862,81.21323529,78.78457067,"['sex', 'exang', 'oldpeak', 'slope']"
662,Naive Bayes,76.12643678,77.03606443,80.58823529,78.60081109,"['sex', 'exang', 'oldpeak', 'ca']"
663,Naive Bayes,77.47200593,79.40223244,79.92647059,79.19492689,"['sex', 'exang', 'oldpeak', 'thal']"
664,Naive Bayes,76.18168335,78.17457246,78.78676471,78.25129377,"['sex', 'exang', 'slope', 'ca']"
665,Naive Bayes,74.9243604,78.41300147,76.21323529,76.56454351,"['sex', 'exang', 'slope', 'thal']"
666,Naive Bayes,78.15016685,80.61602089,79.92647059,79.81502108,"['sex', 'exang', 'ca', 'thal']"
667,Naive Bayes,77.53948832,77.32211042,84.26470588,80.38913718,"['sex', 'oldpeak', 'slope', 'ca']"
668,Naive Bayes,73.2246941,74.91607782,77.38970588,75.48948114,"['sex', 'oldpeak', 'slope', 'thal']"
669,Naive Bayes,77.81683352,80.54454859,78.75,79.23824232,"['sex', 'oldpeak', 'ca', 'thal']"
670,Naive Bayes,77.48424175,82.11151748,76.91176471,78.60258177,"['sex', 'slope', 'ca', 'thal']"
671,Naive Bayes,73.57804968,79.63826232,71.50735294,74.26810132,"['cp', 'trestbps', 'chol', 'fbs']"
672,Naive Bayes,73.55506118,78.51448332,71.54411765,74.22347077,"['cp', 'trestbps', 'chol', 'restecg']"
673,Naive Bayes,73.61179088,75.4650491,77.61029412,76.09308774,"['cp', 'trestbps', 'chol', 'thalach']"
674,Naive Bayes,74.93437152,73.97304424,84.30147059,78.58074499,"['cp', 'trestbps', 'chol', 'exang']"
675,Naive Bayes,77.56952169,75.59246096,87.97794118,80.99283568,"['cp', 'trestbps', 'chol', 'oldpeak']"
676,Naive Bayes,71.94289952,73.75799794,76.875,74.77496977,"['cp', 'trestbps', 'chol', 'slope']"
677,Naive Bayes,74.91286615,75.34564159,83.08823529,78.41849956,"['cp', 'trestbps', 'chol', 'ca']"
678,Naive Bayes,73.87838339,76.86421937,75.11029412,75.42832036,"['cp', 'trestbps', 'chol', 'thal']"
679,Naive Bayes,74.5335558,80.61103929,71.47058824,74.90722091,"['cp', 'trestbps', 'fbs', 'restecg']"
680,Naive Bayes,74.57879125,75.83673031,78.78676471,76.92628993,"['cp', 'trestbps', 'fbs', 'thalach']"
681,Naive Bayes,76.54727475,75.06065911,86.10294118,79.94037457,"['cp', 'trestbps', 'fbs', 'exang']"
682,Naive Bayes,78.53800519,76.20947585,89.74264706,82.07845736,"['cp', 'trestbps', 'fbs', 'oldpeak']"
683,Naive Bayes,72.27697442,73.61310052,78.08823529,75.32324552,"['cp', 'trestbps', 'fbs', 'slope']"
684,Naive Bayes,77.20467186,77.80907432,84.26470588,80.3190474,"['cp', 'trestbps', 'fbs', 'ca']"
685,Naive Bayes,74.86837227,76.5155276,78.67647059,76.74450556,"['cp', 'trestbps', 'fbs', 'thal']"
686,Naive Bayes,75.61327401,76.56165158,80.625,78.26660931,"['cp', 'trestbps', 'restecg', 'thalach']"
687,Naive Bayes,74.9243604,74.56507744,83.08823529,78.23251915,"['cp', 'trestbps', 'restecg', 'exang']"
688,Naive Bayes,75.96811272,75.13223288,85.03676471,79.35044127,"['cp', 'trestbps', 'restecg', 'oldpeak']"
689,Naive Bayes,74.65702633,76.56227673,78.75,77.20360277,"['cp', 'trestbps', 'restecg', 'slope']"
690,Naive Bayes,76.22617723,77.63344922,81.28676471,78.92022055,"['cp', 'trestbps', 'restecg', 'ca']"
691,Naive Bayes,75.85910271,78.6176895,76.98529412,77.26737946,"['cp', 'trestbps', 'restecg', 'thal']"
692,Naive Bayes,75.6240267,74.75947221,83.71323529,78.89559714,"['cp', 'trestbps', 'thalach', 'exang']"
693,Naive Bayes,77.59102707,75.9319254,87.35294118,81.04023649,"['cp', 'trestbps', 'thalach', 'oldpeak']"
694,Naive Bayes,73.32220986,73.46783626,80.625,76.78888091,"['cp', 'trestbps', 'thalach', 'slope']"
695,Naive Bayes,79.1954023,79.14094059,84.85294118,81.76559186,"['cp', 'trestbps', 'thalach', 'ca']"
696,Naive Bayes,78.83908046,80.67075494,81.61764706,80.67524375,"['cp', 'trestbps', 'thalach', 'thal']"
697,Naive Bayes,77.26992955,76.50989774,85,80.17888957,"['cp', 'trestbps', 'exang', 'oldpeak']"
698,Naive Bayes,76.87986652,78.07600355,81.25,79.31709888,"['cp', 'trestbps', 'exang', 'slope']"
699,Naive Bayes,76.24842418,77.23366013,81.25,78.9674314,"['cp', 'trestbps', 'exang', 'ca']"
700,Naive Bayes,77.84835002,78.86522301,82.31617647,80.03407488,"['cp', 'trestbps', 'exang', 'thal']"
701,Naive Bayes,75.91286615,76.53016591,81.21323529,78.44613948,"['cp', 'trestbps', 'oldpeak', 'slope']"
702,Naive Bayes,78.83908046,76.92237841,88.52941176,82.16823356,"['cp', 'trestbps', 'oldpeak', 'ca']"
703,Naive Bayes,81.56321839,81.14273931,86.72794118,83.59450202,"['cp', 'trestbps', 'oldpeak', 'thal']"
704,Naive Bayes,76.52502781,77.51815672,81.13970588,79.07572112,"['cp', 'trestbps', 'slope', 'ca']"
705,Naive Bayes,78.84909158,84.2491724,76.83823529,79.78520701,"['cp', 'trestbps', 'slope', 'thal']"
706,Naive Bayes,78.18390805,79.55488728,82.94117647,80.69134435,"['cp', 'trestbps', 'ca', 'thal']"
707,Naive Bayes,72.9558769,80.32248088,68.49264706,72.93569936,"['cp', 'chol', 'fbs', 'restecg']"
708,Naive Bayes,73.63403782,76.82916237,75.77205882,75.74944179,"['cp', 'chol', 'fbs', 'thalach']"
709,Naive Bayes,72.00964034,72.50873396,81.83823529,76.05304086,"['cp', 'chol', 'fbs', 'exang']"
710,Naive Bayes,77.90433815,77.27161817,86.69117647,80.8968337,"['cp', 'chol', 'fbs', 'oldpeak']"
711,Naive Bayes,72.33370412,75.45936863,75.11029412,74.45179936,"['cp', 'chol', 'fbs', 'slope']"
712,Naive Bayes,72.61179088,75.15514002,77.68382353,75.44633792,"['cp', 'chol', 'fbs', 'ca']"
713,Naive Bayes,74.57879125,79.73793553,73.30882353,75.51295929,"['cp', 'chol', 'fbs', 'thal']"
714,Naive Bayes,73.65628476,76.46322357,77.61029412,76.32501295,"['cp', 'chol', 'restecg', 'thalach']"
715,Naive Bayes,74.2899518,74.55490425,80.69852941,77.14913734,"['cp', 'chol', 'restecg', 'exang']"
716,Naive Bayes,75.61401557,77.03702507,81.32352941,78.4273276,"['cp', 'chol', 'restecg', 'oldpeak']"
717,Naive Bayes,74.33518725,76.36507937,77.57352941,76.56293058,"['cp', 'chol', 'restecg', 'slope']"
718,Naive Bayes,74.59176863,76.59880378,79.52205882,77.45105369,"['cp', 'chol', 'restecg', 'ca']"
719,Naive Bayes,75.54653319,79.11936185,75.84558824,77.03155285,"['cp', 'chol', 'restecg', 'thal']"
720,Naive Bayes,74.64479051,74.75778294,81.25,77.75545502,"['cp', 'chol', 'thalach', 'exang']"
721,Naive Bayes,77.62550983,76.63023032,86.13970588,80.80246611,"['cp', 'chol', 'thalach', 'oldpeak']"
722,Naive Bayes,73.64479051,74.41872309,79.96323529,76.8418782,"['cp', 'chol', 'thalach', 'slope']"
723,Naive Bayes,79.56247683,79.36281881,85.44117647,82.10395494,"['cp', 'chol', 'thalach', 'ca']"
724,Naive Bayes,79.55024101,81.70297539,82.31617647,81.51023265,"['cp', 'chol', 'thalach', 'thal']"
725,Naive Bayes,75.95736003,75.39181762,83.78676471,79.0403549,"['cp', 'chol', 'exang', 'oldpeak']"
726,Naive Bayes,75.58954394,77.01705102,79.44852941,78.0084239,"['cp', 'chol', 'exang', 'slope']"
727,Naive Bayes,76.315165,77.59322325,80.69852941,78.84980167,"['cp', 'chol', 'exang', 'ca']"
728,Naive Bayes,77.87059696,79.22433535,81.13970588,79.89538465,"['cp', 'chol', 'exang', 'thal']"
729,Naive Bayes,76.55802744,77.18471896,81.80147059,79.05737477,"['cp', 'chol', 'oldpeak', 'slope']"
730,Naive Bayes,77.91731554,76.4228279,87.31617647,81.30078259,"['cp', 'chol', 'oldpeak', 'ca']"
731,Naive Bayes,81.54097145,81.52600487,86.06617647,83.46103139,"['cp', 'chol', 'oldpeak', 'thal']"
732,Naive Bayes,77.57026326,78.94663743,81.80147059,80.00802528,"['cp', 'chol', 'slope', 'ca']"
733,Naive Bayes,80.16017798,84.62552996,78.75,81.22229079,"['cp', 'chol', 'slope', 'thal']"
734,Naive Bayes,79.20689655,80.87444844,82.97794118,81.41305559,"['cp', 'chol', 'ca', 'thal']"
735,Naive Bayes,75.96959585,78.27264239,79.41176471,78.41020585,"['cp', 'fbs', 'restecg', 'thalach']"
736,Naive Bayes,74.61179088,75.18530489,80.66176471,77.44355543,"['cp', 'fbs', 'restecg', 'exang']"
737,Naive Bayes,78.54949944,79.8674833,83.08823529,80.7667852,"['cp', 'fbs', 'restecg', 'oldpeak']"
738,Naive Bayes,74.96959585,76.89456815,78.125,77.0942587,"['cp', 'fbs', 'restecg', 'slope']"
739,Naive Bayes,76.55951057,78.37308035,80.69852941,79.04304641,"['cp', 'fbs', 'restecg', 'ca']"
740,Naive Bayes,76.21468298,78.95600379,78.19852941,78.06116477,"['cp', 'fbs', 'restecg', 'thal']"
741,Naive Bayes,74.61179088,74.40838002,81.83823529,77.85736821,"['cp', 'fbs', 'thalach', 'exang']"
742,Naive Bayes,78.5925102,77.09087056,87.31617647,81.67032313,"['cp', 'fbs', 'thalach', 'oldpeak']"
743,Naive Bayes,73.2899518,73.92359322,79.92647059,76.51513138,"['cp', 'fbs', 'thalach', 'slope']"
744,Naive Bayes,79.25139043,79.65135879,84.22794118,81.68056548,"['cp', 'fbs', 'thalach', 'ca']"
745,Naive Bayes,79.51724138,80.9074534,82.86764706,81.46226822,"['cp', 'fbs', 'thalach', 'thal']"
746,Naive Bayes,76.96959585,75.80117435,85.625,80.07863688,"['cp', 'fbs', 'exang', 'oldpeak']"
747,Naive Bayes,75.90137189,77.52276997,79.41176471,78.20557329,"['cp', 'fbs', 'exang', 'slope']"
748,Naive Bayes,76.28216537,77.26905499,81.875,79.1584559,"['cp', 'fbs', 'exang', 'ca']"
749,Naive Bayes,78.17093066,79.46900812,81.69117647,80.14064317,"['cp', 'fbs', 'exang', 'thal']"
750,Naive Bayes,76.88060808,77.30167803,82.38970588,79.39070811,"['cp', 'fbs', 'oldpeak', 'slope']"
751,Naive Bayes,78.52873563,76.42907402,89.11764706,82.08680209,"['cp', 'fbs', 'oldpeak', 'ca']"
752,Naive Bayes,80.55172414,80.71063742,85.47794118,82.62283468,"['cp', 'fbs', 'oldpeak', 'thal']"
753,Naive Bayes,77.89358547,78.910573,82.35294118,80.28466554,"['cp', 'fbs', 'slope', 'ca']"
754,Naive Bayes,79.17167223,84.02422277,77.46323529,80.09486074,"['cp', 'fbs', 'slope', 'thal']"
755,Naive Bayes,80.1638858,81.94984527,83.52941176,82.19207743,"['cp', 'fbs', 'ca', 'thal']"
756,Naive Bayes,74.65628476,74.63639491,81.28676471,77.77362083,"['cp', 'restecg', 'thalach', 'exang']"
757,Naive Bayes,78.26065999,77.11904762,87.35294118,81.48100544,"['cp', 'restecg', 'thalach', 'oldpeak']"
758,Naive Bayes,74.31368187,74.88732247,80.55147059,77.41752457,"['cp', 'restecg', 'thalach', 'slope']"
759,Naive Bayes,77.28290693,77.60705686,83.05147059,80.07691873,"['cp', 'restecg', 'thalach', 'ca']"
760,Naive Bayes,78.24916574,80.77036199,80.55147059,80.21301138,"['cp', 'restecg', 'thalach', 'thal']"
761,Naive Bayes,77.30367075,76.82211098,84.375,80.16727443,"['cp', 'restecg', 'exang', 'oldpeak']"
762,Naive Bayes,76.57953281,77.59099341,81.28676471,79.1658296,"['cp', 'restecg', 'exang', 'slope']"
763,Naive Bayes,76.62699296,78.2306993,80.69852941,79.11062235,"['cp', 'restecg', 'exang', 'ca']"
764,Naive Bayes,79.19391917,80.22619048,82.97794118,81.18159727,"['cp', 'restecg', 'exang', 'thal']"
765,Naive Bayes,75.89136077,75.41015582,83.60294118,78.88458841,"['cp', 'restecg', 'oldpeak', 'slope']"
766,Naive Bayes,80.20763812,78.51737186,89.11764706,83.31216549,"['cp', 'restecg', 'oldpeak', 'ca']"
767,Naive Bayes,81.22988506,81.27276578,86.13970588,83.31027632,"['cp', 'restecg', 'oldpeak', 'thal']"
768,Naive Bayes,75.22617723,76.09315854,81.76470588,78.46360741,"['cp', 'restecg', 'slope', 'ca']"
769,Naive Bayes,77.82610308,81.41858795,78.08823529,79.3168966,"['cp', 'restecg', 'slope', 'thal']"
770,Naive Bayes,81.48720801,83.06098816,85.36764706,83.69326187,"['cp', 'restecg', 'ca', 'thal']"
771,Naive Bayes,77.94809047,77.61124011,83.78676471,80.46341682,"['cp', 'thalach', 'exang', 'oldpeak']"
772,Naive Bayes,74.98961809,75.34348125,80.73529412,77.84404906,"['cp', 'thalach', 'exang', 'slope']"
773,Naive Bayes,77.92732666,79.18751536,81.91176471,80.25108196,"['cp', 'thalach', 'exang', 'ca']"
774,Naive Bayes,78.54875788,80.42086835,81.17647059,80.55200053,"['cp', 'thalach', 'exang', 'thal']"
775,Naive Bayes,76.63626251,76.45897833,83.08823529,79.39992303,"['cp', 'thalach', 'oldpeak', 'slope']"
776,Naive Bayes,79.20689655,78.73881227,86.06617647,82.06029945,"['cp', 'thalach', 'oldpeak', 'ca']"
777,Naive Bayes,81.84130515,82.23634454,86.02941176,83.86150984,"['cp', 'thalach', 'oldpeak', 'thal']"
778,Naive Bayes,75.92584353,76.77152062,81.83823529,78.93167697,"['cp', 'thalach', 'slope', 'ca']"
779,Naive Bayes,80.21616611,82.90948194,81.25,81.78272625,"['cp', 'thalach', 'slope', 'thal']"
780,Naive Bayes,80.83055247,81.64954052,84.74264706,82.92397819,"['cp', 'thalach', 'ca', 'thal']"
781,Naive Bayes,77.29217649,77.47056954,83.125,79.88604464,"['cp', 'exang', 'oldpeak', 'slope']"
782,Naive Bayes,78.22766036,79.36988304,81.875,80.40419169,"['cp', 'exang', 'oldpeak', 'ca']"
783,Naive Bayes,80.21690768,82.38888889,82.38970588,81.92448715,"['cp', 'exang', 'oldpeak', 'thal']"
784,Naive Bayes,77.60474601,78.01847422,83.08823529,80.1940666,"['cp', 'exang', 'slope', 'ca']"
785,Naive Bayes,79.59473489,80.38640719,83.63970588,81.64556742,"['cp', 'exang', 'slope', 'thal']"
786,Naive Bayes,80.57322951,83.87896825,81.21323529,82.08737489,"['cp', 'exang', 'ca', 'thal']"
787,Naive Bayes,78.52873563,77.44850992,86.65441176,81.57165633,"['cp', 'oldpeak', 'slope', 'ca']"
788,Naive Bayes,81.55172414,83.26484953,83.67647059,83.09063626,"['cp', 'oldpeak', 'slope', 'thal']"
789,Naive Bayes,81.50945495,81.52673857,87.20588235,83.91049546,"['cp', 'oldpeak', 'ca', 'thal']"
790,Naive Bayes,82.49870226,82.89484634,87.86764706,84.80311003,"['cp', 'slope', 'ca', 'thal']"
791,Naive Bayes,52.7879125,55.08192451,69.59558824,61.39443499,"['trestbps', 'chol', 'fbs', 'restecg']"
792,Naive Bayes,66.0504264,66.57986028,76.98529412,71.11941025,"['trestbps', 'chol', 'fbs', 'thalach']"
793,Naive Bayes,71.35446793,70.26293394,82.46323529,75.69081537,"['trestbps', 'chol', 'fbs', 'exang']"
794,Naive Bayes,69.03188728,67.49316696,83.78676471,74.49173824,"['trestbps', 'chol', 'fbs', 'oldpeak']"
795,Naive Bayes,67.60882462,70.33913214,70.91911765,70.40826331,"['trestbps', 'chol', 'fbs', 'slope']"
796,Naive Bayes,65.25250278,64.59048394,81.17647059,71.5633768,"['trestbps', 'chol', 'fbs', 'ca']"
797,Naive Bayes,73.23470523,74.81494649,77.5,75.78809406,"['trestbps', 'chol', 'fbs', 'thal']"
798,Naive Bayes,66.99592139,67.03654971,78.19852941,71.99603175,"['trestbps', 'chol', 'restecg', 'thalach']"
799,Naive Bayes,71.34297367,70.20319513,82.46323529,75.6786138,"['trestbps', 'chol', 'restecg', 'exang']"
800,Naive Bayes,70.37671487,68.4416358,85,75.6181638,"['trestbps', 'chol', 'restecg', 'oldpeak']"
801,Naive Bayes,65.7730812,67.3252064,72.83088235,69.8483191,"['trestbps', 'chol', 'restecg', 'slope']"
802,Naive Bayes,67.29773823,66.34299323,81.21323529,72.88567634,"['trestbps', 'chol', 'restecg', 'ca']"
803,Naive Bayes,74.85761958,76.62646671,78.08823529,77.00436194,"['trestbps', 'chol', 'restecg', 'thal']"
804,Naive Bayes,72.3759733,73.06742346,78.30882353,75.52759615,"['trestbps', 'chol', 'thalach', 'exang']"
805,Naive Bayes,71.03188728,70.47981447,80.84558824,75.04045416,"['trestbps', 'chol', 'thalach', 'oldpeak']"
806,Naive Bayes,70.05413422,71.97167646,74.04411765,72.73892275,"['trestbps', 'chol', 'thalach', 'slope']"
807,Naive Bayes,71.97812384,72.4991376,78.97058824,75.18342201,"['trestbps', 'chol', 'thalach', 'ca']"
808,Naive Bayes,74.94660734,78.36706349,75.11029412,76.39269702,"['trestbps', 'chol', 'thalach', 'thal']"
809,Naive Bayes,75.55802744,75.86859305,81.32352941,78.17823036,"['trestbps', 'chol', 'exang', 'oldpeak']"
810,Naive Bayes,70.36596218,70.43512525,78.82352941,74.17143314,"['trestbps', 'chol', 'exang', 'slope']"
811,Naive Bayes,74.96885428,77.43699322,77.09558824,77.01086644,"['trestbps', 'chol', 'exang', 'ca']"
812,Naive Bayes,74.26770486,75.24845674,79.33823529,76.96128411,"['trestbps', 'chol', 'exang', 'thal']"
813,Naive Bayes,71.32369299,70.8623338,80.625,75.12074769,"['trestbps', 'chol', 'oldpeak', 'slope']"
814,Naive Bayes,72.25769373,71.20130144,84.92647059,77.05096118,"['trestbps', 'chol', 'oldpeak', 'ca']"
815,Naive Bayes,76.8928439,77.79246759,81.21323529,79.12010865,"['trestbps', 'chol', 'oldpeak', 'thal']"
816,Naive Bayes,71.92361884,72.26906839,80.07352941,75.60803415,"['trestbps', 'chol', 'slope', 'ca']"
817,Naive Bayes,73.6240267,76.20145867,76.32352941,75.83209239,"['trestbps', 'chol', 'slope', 'thal']"
818,Naive Bayes,75.81535039,78.3557423,77.5,77.72428889,"['trestbps', 'chol', 'ca', 'thal']"
819,Naive Bayes,67.95365221,68.162649,77.5,72.39735849,"['trestbps', 'fbs', 'restecg', 'thalach']"
820,Naive Bayes,70.99888765,70.08232535,81.80147059,75.3320364,"['trestbps', 'fbs', 'restecg', 'exang']"
821,Naive Bayes,67.3759733,66.52240673,81.91176471,73.11151222,"['trestbps', 'fbs', 'restecg', 'oldpeak']"
822,Naive Bayes,66.02966259,67.38222394,73.38235294,70.14020715,"['trestbps', 'fbs', 'restecg', 'slope']"
823,Naive Bayes,66.25324435,65.44409773,81.76470588,72.41275718,"['trestbps', 'fbs', 'restecg', 'ca']"
824,Naive Bayes,75.20318873,77.3090064,78.08823529,77.30322342,"['trestbps', 'fbs', 'restecg', 'thal']"
825,Naive Bayes,72.02039303,72.41943093,78.86029412,75.41213889,"['trestbps', 'fbs', 'thalach', 'exang']"
826,Naive Bayes,72.01038191,71.39747318,81.39705882,75.87970577,"['trestbps', 'fbs', 'thalach', 'oldpeak']"
827,Naive Bayes,71.68854283,74.34948467,73.97058824,73.8737019,"['trestbps', 'fbs', 'thalach', 'slope']"
828,Naive Bayes,71.64479051,71.95837633,78.89705882,75.00359919,"['trestbps', 'fbs', 'thalach', 'ca']"
829,Naive Bayes,74.91360771,78.25256769,75.11029412,76.38519924,"['trestbps', 'fbs', 'thalach', 'thal']"
830,Naive Bayes,75.85836114,76.50576195,80.66176471,78.20957206,"['trestbps', 'fbs', 'exang', 'oldpeak']"
831,Naive Bayes,70.67704857,70.88352566,78.78676471,74.33455118,"['trestbps', 'fbs', 'exang', 'slope']"
832,Naive Bayes,74.62476826,77.07448155,77.05882353,76.81823807,"['trestbps', 'fbs', 'exang', 'ca']"
833,Naive Bayes,73.24545792,74.69659804,77.5,75.69444973,"['trestbps', 'fbs', 'exang', 'thal']"
834,Naive Bayes,71.32295143,70.77117759,80.625,75.13291668,"['trestbps', 'fbs', 'oldpeak', 'slope']"
835,Naive Bayes,71.57953281,70.58403606,84.30147059,76.4555093,"['trestbps', 'fbs', 'oldpeak', 'ca']"
836,Naive Bayes,77.19391917,77.68302776,82.42647059,79.62518893,"['trestbps', 'fbs', 'oldpeak', 'thal']"
837,Naive Bayes,73.23618836,73.25245098,81.25,76.74701105,"['trestbps', 'fbs', 'slope', 'ca']"
838,Naive Bayes,72.94660734,75.41430791,76.25,75.14823504,"['trestbps', 'fbs', 'slope', 'thal']"
839,Naive Bayes,74.51427512,76.76922179,77.5,76.81967421,"['trestbps', 'fbs', 'ca', 'thal']"
840,Naive Bayes,73.6555432,74.37449629,79.44852941,76.64651812,"['trestbps', 'restecg', 'thalach', 'exang']"
841,Naive Bayes,72.66703745,71.80518364,82.57352941,76.59051511,"['trestbps', 'restecg', 'thalach', 'oldpeak']"
842,Naive Bayes,71.31071561,73.05681483,75.18382353,73.98447712,"['trestbps', 'restecg', 'thalach', 'slope']"
843,Naive Bayes,72.94512421,72.95206767,80.66176471,76.37291626,"['trestbps', 'restecg', 'thalach', 'ca']"
844,Naive Bayes,74.93511309,78.51537025,75.11029412,76.39285556,"['trestbps', 'restecg', 'thalach', 'thal']"
845,Naive Bayes,75.20244716,75.03062804,81.875,77.93187023,"['trestbps', 'restecg', 'exang', 'oldpeak']"
846,Naive Bayes,72.31145717,71.77834571,81.25,75.99439507,"['trestbps', 'restecg', 'exang', 'slope']"
847,Naive Bayes,74.96885428,76.44913141,78.86029412,77.4897225,"['trestbps', 'restecg', 'exang', 'ca']"
848,Naive Bayes,75.6240267,77.19363974,79.44852941,77.85471355,"['trestbps', 'restecg', 'exang', 'thal']"
849,Naive Bayes,71.95736003,71.45469344,81.875,75.91569017,"['trestbps', 'restecg', 'oldpeak', 'slope']"
850,Naive Bayes,72.26844642,71.22068134,84.33823529,76.84976248,"['trestbps', 'restecg', 'oldpeak', 'ca']"
851,Naive Bayes,78.22766036,77.72039754,84.88970588,80.84389511,"['trestbps', 'restecg', 'oldpeak', 'thal']"
852,Naive Bayes,73.56878013,72.43165568,85.47794118,78.10353278,"['trestbps', 'restecg', 'slope', 'ca']"
853,Naive Bayes,75.30441231,76.85226212,79.375,77.67366442,"['trestbps', 'restecg', 'slope', 'thal']"
854,Naive Bayes,76.23692992,77.96221181,80.11029412,78.57788222,"['trestbps', 'restecg', 'ca', 'thal']"
855,Naive Bayes,77.91509084,78.79652563,81.32352941,79.89876708,"['trestbps', 'thalach', 'exang', 'oldpeak']"
856,Naive Bayes,72.68928439,73.69362745,77.61029412,75.4903322,"['trestbps', 'thalach', 'exang', 'slope']"
857,Naive Bayes,72.96662959,74.75567595,76.43382353,75.51504541,"['trestbps', 'thalach', 'exang', 'ca']"
858,Naive Bayes,74.93511309,77.07218272,77.53676471,77.00067426,"['trestbps', 'thalach', 'exang', 'thal']"
859,Naive Bayes,74.00185391,73.90534027,81.25,77.12913304,"['trestbps', 'thalach', 'oldpeak', 'slope']"
860,Naive Bayes,73.27994067,72.60939112,82.5,77.09408645,"['trestbps', 'thalach', 'oldpeak', 'ca']"
861,Naive Bayes,76.6154987,76.31375006,82.46323529,79.12227466,"['trestbps', 'thalach', 'oldpeak', 'thal']"
862,Naive Bayes,72.9243604,73.35393017,79.375,76.12563251,"['trestbps', 'thalach', 'slope', 'ca']"
863,Naive Bayes,74.91434928,77.45112782,76.83823529,76.70200802,"['trestbps', 'thalach', 'slope', 'thal']"
864,Naive Bayes,78.87356322,80.99031279,79.96323529,80.40097403,"['trestbps', 'thalach', 'ca', 'thal']"
865,Naive Bayes,74.57953281,75.66154971,78.86029412,76.96978978,"['trestbps', 'exang', 'oldpeak', 'slope']"
866,Naive Bayes,75.21394142,77.97747432,77.02205882,77.29246175,"['trestbps', 'exang', 'oldpeak', 'ca']"
867,Naive Bayes,73.9243604,75.03400044,78.23529412,76.25558895,"['trestbps', 'exang', 'oldpeak', 'thal']"
868,Naive Bayes,73.93585465,75.74441619,77.57352941,76.45336749,"['trestbps', 'exang', 'slope', 'ca']"
869,Naive Bayes,76.58101594,79.26785714,77.61029412,78.04871601,"['trestbps', 'exang', 'slope', 'thal']"
870,Naive Bayes,76.24842418,78.96276844,77.53676471,77.93046183,"['trestbps', 'exang', 'ca', 'thal']"
871,Naive Bayes,73.60326288,72.84258943,84.22794118,77.73944878,"['trestbps', 'oldpeak', 'slope', 'ca']"
872,Naive Bayes,77.90582128,77.90810359,82.97794118,80.07590849,"['trestbps', 'oldpeak', 'slope', 'thal']"
873,Naive Bayes,76.87208009,77.08766401,82.42647059,79.36351341,"['trestbps', 'oldpeak', 'ca', 'thal']"
874,Naive Bayes,77.82906934,79.37201649,80.55147059,79.52560457,"['trestbps', 'slope', 'ca', 'thal']"
875,Naive Bayes,67.67482388,68.09595885,78.125,72.37504188,"['chol', 'fbs', 'restecg', 'thalach']"
876,Naive Bayes,71.36522062,69.61603177,84.30147059,76.16011466,"['chol', 'fbs', 'restecg', 'exang']"
877,Naive Bayes,67.70930664,66.21189268,83.75,73.69220459,"['chol', 'fbs', 'restecg', 'oldpeak']"
878,Naive Bayes,67.66481275,70.64215686,69.74264706,70.09027658,"['chol', 'fbs', 'restecg', 'slope']"
879,Naive Bayes,68.95513534,67.31135529,83.67647059,74.46701279,"['chol', 'fbs', 'restecg', 'ca']"
880,Naive Bayes,73.52502781,74.7478623,78.05147059,75.97384723,"['chol', 'fbs', 'restecg', 'thal']"
881,Naive Bayes,72.0756396,72.41830065,78.97058824,75.52618623,"['chol', 'fbs', 'thalach', 'exang']"
882,Naive Bayes,71.37671487,70.86776965,80.84558824,75.20719563,"['chol', 'fbs', 'thalach', 'oldpeak']"
883,Naive Bayes,70.73155358,72.82492997,74.11764706,73.19306358,"['chol', 'fbs', 'thalach', 'slope']"
884,Naive Bayes,72.62476826,72.55492899,81.32352941,76.26257024,"['chol', 'fbs', 'thalach', 'ca']"
885,Naive Bayes,73.94660734,77.2999223,73.93382353,75.19511933,"['chol', 'fbs', 'thalach', 'thal']"
886,Naive Bayes,74.57953281,74.70682835,80.69852941,77.32038723,"['chol', 'fbs', 'exang', 'oldpeak']"
887,Naive Bayes,70.68780126,70.34950788,80.03676471,74.67291122,"['chol', 'fbs', 'exang', 'slope']"
888,Naive Bayes,74.33518725,76.66880436,77.09558824,76.60496923,"['chol', 'fbs', 'exang', 'ca']"
889,Naive Bayes,72.67779014,76.31228249,73.89705882,74.54501428,"['chol', 'fbs', 'exang', 'thal']"
890,Naive Bayes,70.97812384,70.10328658,81.83823529,75.16478081,"['chol', 'fbs', 'oldpeak', 'slope']"
891,Naive Bayes,72.61401557,71.82208045,84.88970588,77.34099863,"['chol', 'fbs', 'oldpeak', 'ca']"
892,Naive Bayes,77.55024101,79.23032695,79.96323529,79.26395107,"['chol', 'fbs', 'oldpeak', 'thal']"
893,Naive Bayes,71.91212458,71.91914948,81.28676471,75.92625062,"['chol', 'fbs', 'slope', 'ca']"
894,Naive Bayes,73.96959585,77.01503759,75.69852941,75.73420823,"['chol', 'fbs', 'slope', 'thal']"
895,Naive Bayes,75.52651094,79.03486138,75.69852941,76.99382678,"['chol', 'fbs', 'ca', 'thal']"
896,Naive Bayes,72.72080089,72.97385621,79.55882353,76.0976148,"['chol', 'restecg', 'thalach', 'exang']"
897,Naive Bayes,72.33296255,71.30259334,82.61029412,76.23640588,"['chol', 'restecg', 'thalach', 'oldpeak']"
898,Naive Bayes,71.04486466,72.66610153,75.22058824,73.71434066,"['chol', 'restecg', 'thalach', 'slope']"
899,Naive Bayes,73.95810159,73.65016803,81.94852941,77.19657626,"['chol', 'restecg', 'thalach', 'ca']"
900,Naive Bayes,74.59176863,77.27187926,75.69852941,76.16793361,"['chol', 'restecg', 'thalach', 'thal']"
901,Naive Bayes,74.57953281,74.96818025,80.11029412,77.13845769,"['chol', 'restecg', 'exang', 'oldpeak']"
902,Naive Bayes,70.02039303,69.20701904,81.25,74.56258359,"['chol', 'restecg', 'exang', 'slope']"
903,Naive Bayes,74.99110122,77.19598015,77.72058824,77.19010632,"['chol', 'restecg', 'exang', 'ca']"
904,Naive Bayes,74.31219874,76.49805509,77.61029412,76.73316598,"['chol', 'restecg', 'exang', 'thal']"
905,Naive Bayes,70.62254357,69.60911749,83.05147059,75.33200454,"['chol', 'restecg', 'oldpeak', 'slope']"
906,Naive Bayes,73.29217649,72.31385832,85.55147059,77.82440187,"['chol', 'restecg', 'oldpeak', 'ca']"
907,Naive Bayes,77.59473489,77.75022796,83.71323529,80.04022647,"['chol', 'restecg', 'oldpeak', 'thal']"
908,Naive Bayes,70.57804968,71.30440685,79.44852941,74.71475414,"['chol', 'restecg', 'slope', 'ca']"
909,Naive Bayes,72.63477938,76.3145732,73.86029412,74.51482373,"['chol', 'restecg', 'slope', 'thal']"
910,Naive Bayes,76.5272525,79.31212836,78.19852941,78.31192983,"['chol', 'restecg', 'ca', 'thal']"
911,Naive Bayes,76.60252132,78.42409332,78.93382353,78.45285602,"['chol', 'thalach', 'exang', 'oldpeak']"
912,Naive Bayes,72.01038191,73.41954764,76.43382353,74.77003991,"['chol', 'thalach', 'exang', 'slope']"
913,Naive Bayes,73.70077864,75.28508772,77.09558824,76.12556235,"['chol', 'thalach', 'exang', 'ca']"
914,Naive Bayes,73.34371524,75.00451496,77.02205882,75.84903635,"['chol', 'thalach', 'exang', 'thal']"
915,Naive Bayes,72.33370412,72.91220793,79.48529412,75.66854947,"['chol', 'thalach', 'oldpeak', 'slope']"
916,Naive Bayes,73.63552095,73.33857147,81.94852941,77.23349818,"['chol', 'thalach', 'oldpeak', 'ca']"
917,Naive Bayes,76.67074527,76.50036857,82.53676471,79.27160649,"['chol', 'thalach', 'oldpeak', 'thal']"
918,Naive Bayes,72.64627364,73.39353285,78.86029412,75.7504376,"['chol', 'thalach', 'slope', 'ca']"
919,Naive Bayes,74.30292918,76.72076479,76.28676471,76.07930699,"['chol', 'thalach', 'slope', 'thal']"
920,Naive Bayes,78.23989618,79.62757998,80.625,79.92779475,"['chol', 'thalach', 'ca', 'thal']"
921,Naive Bayes,74.93511309,75.98834709,78.89705882,77.14256387,"['chol', 'exang', 'oldpeak', 'slope']"
922,Naive Bayes,73.61253244,76.19211018,75.88235294,75.81953754,"['chol', 'exang', 'oldpeak', 'ca']"
923,Naive Bayes,75.27994067,76.65604575,78.89705882,77.43475673,"['chol', 'exang', 'oldpeak', 'thal']"
924,Naive Bayes,73.63552095,74.6358912,78.82352941,76.48927466,"['chol', 'exang', 'slope', 'ca']"
925,Naive Bayes,75.92510197,77.87782805,78.19852941,77.78665924,"['chol', 'exang', 'slope', 'thal']"
926,Naive Bayes,77.6154987,79.38493292,80.07352941,79.59057333,"['chol', 'exang', 'ca', 'thal']"
927,Naive Bayes,73.94734891,72.7292831,84.88970588,78.08942348,"['chol', 'oldpeak', 'slope', 'ca']"
928,Naive Bayes,76.91657397,76.5952381,83.01470588,79.45166606,"['chol', 'oldpeak', 'slope', 'thal']"
929,Naive Bayes,77.53874676,77.55486756,83.71323529,80.2677823,"['chol', 'oldpeak', 'ca', 'thal']"
930,Naive Bayes,79.44197256,79.5268625,84.15441176,81.49940992,"['chol', 'slope', 'ca', 'thal']"
931,Naive Bayes,73.36596218,73.47712418,80.14705882,76.60903379,"['fbs', 'restecg', 'thalach', 'exang']"
932,Naive Bayes,71.33296255,70.62890321,81.39705882,75.23954232,"['fbs', 'restecg', 'thalach', 'oldpeak']"
933,Naive Bayes,71.68854283,74.52083829,73.45588235,73.656599,"['fbs', 'restecg', 'thalach', 'slope']"
934,Naive Bayes,72.6240267,71.97467153,81.91176471,76.33607386,"['fbs', 'restecg', 'thalach', 'ca']"
935,Naive Bayes,75.56952169,78.76436189,75.73529412,76.95647345,"['fbs', 'restecg', 'thalach', 'thal']"
936,Naive Bayes,75.2246941,75.27227382,81.28676471,77.83300938,"['fbs', 'restecg', 'exang', 'oldpeak']"
937,Naive Bayes,71.00964034,70.54365638,80.66176471,75.05748668,"['fbs', 'restecg', 'exang', 'slope']"
938,Naive Bayes,75.9810901,77.27429481,80.11029412,78.49351038,"['fbs', 'restecg', 'exang', 'ca']"
939,Naive Bayes,74.99110122,78.39060888,76.39705882,76.67819502,"['fbs', 'restecg', 'exang', 'thal']"
940,Naive Bayes,70.97812384,70.19897661,82.5,75.37137497,"['fbs', 'restecg', 'oldpeak', 'slope']"
941,Naive Bayes,73.62550983,72.8812737,84.33823529,77.73695118,"['fbs', 'restecg', 'oldpeak', 'ca']"
942,Naive Bayes,78.25064887,78.73645579,83.08823529,80.34700249,"['fbs', 'restecg', 'oldpeak', 'thal']"
943,Naive Bayes,74.21394142,73.88446393,84.33823529,78.30037618,"['fbs', 'restecg', 'slope', 'ca']"
944,Naive Bayes,73.62550983,75.12770563,78.08823529,76.03652662,"['fbs', 'restecg', 'slope', 'thal']"
945,Naive Bayes,74.88209121,78.3199113,76.36029412,76.45040539,"['fbs', 'restecg', 'ca', 'thal']"
946,Naive Bayes,77.57026326,79.02131554,80.11029412,79.36519368,"['fbs', 'thalach', 'exang', 'oldpeak']"
947,Naive Bayes,72.97812384,74.10375817,77.61029412,75.67094081,"['fbs', 'thalach', 'exang', 'slope']"
948,Naive Bayes,74.66852058,76.73916409,77.09558824,76.81446821,"['fbs', 'thalach', 'exang', 'ca']"
949,Naive Bayes,73.33370412,74.82539683,77.57352941,75.96708754,"['fbs', 'thalach', 'exang', 'thal']"
950,Naive Bayes,72.98961809,73.6994324,80.07352941,76.26406123,"['fbs', 'thalach', 'oldpeak', 'slope']"
951,Naive Bayes,73.60252132,73.55614973,81.36029412,76.99540295,"['fbs', 'thalach', 'oldpeak', 'ca']"
952,Naive Bayes,75.99258435,76.13293651,81.28676471,78.48407784,"['fbs', 'thalach', 'oldpeak', 'thal']"
953,Naive Bayes,73.29143493,73.98572411,79.44852941,76.38310885,"['fbs', 'thalach', 'slope', 'ca']"
954,Naive Bayes,75.315165,77.49883175,77.46323529,77.05908831,"['fbs', 'thalach', 'slope', 'thal']"
955,Naive Bayes,77.89581016,79.90909258,79.41176471,79.42591817,"['fbs', 'thalach', 'ca', 'thal']"
956,Naive Bayes,75.26844642,76.44668043,78.89705882,77.36433807,"['fbs', 'exang', 'oldpeak', 'slope']"
957,Naive Bayes,74.58027438,77.07346657,77.05882353,76.80810203,"['fbs', 'exang', 'oldpeak', 'ca']"
958,Naive Bayes,74.60177976,75.94826527,78.27205882,76.79538849,"['fbs', 'exang', 'oldpeak', 'thal']"
959,Naive Bayes,74.29143493,75.69833284,78.82352941,76.96979106,"['fbs', 'exang', 'slope', 'ca']"
960,Naive Bayes,76.24768261,78.83753501,77.57352941,77.8317719,"['fbs', 'exang', 'slope', 'thal']"
961,Naive Bayes,76.30367075,79.24608561,77.61029412,78.12541502,"['fbs', 'exang', 'ca', 'thal']"
962,Naive Bayes,74.5925102,73.60242694,85.47794118,78.72469704,"['fbs', 'oldpeak', 'slope', 'ca']"
963,Naive Bayes,76.59399333,76.74136321,81.80147059,78.89588289,"['fbs', 'oldpeak', 'slope', 'thal']"
964,Naive Bayes,76.2269188,76.65826331,81.875,78.89745646,"['fbs', 'oldpeak', 'ca', 'thal']"
965,Naive Bayes,79.14163886,81.00185607,81.13970588,80.68308061,"['fbs', 'slope', 'ca', 'thal']"
966,Naive Bayes,76.61401557,78.53438744,78.93382353,78.5096742,"['restecg', 'thalach', 'exang', 'oldpeak']"
967,Naive Bayes,71.99962922,73.01715686,77.02205882,74.87450897,"['restecg', 'thalach', 'exang', 'slope']"
968,Naive Bayes,74.33518725,76.23611111,77.05882353,76.59094195,"['restecg', 'thalach', 'exang', 'ca']"
969,Naive Bayes,75.97960697,77.27901484,80.03676471,78.39082443,"['restecg', 'thalach', 'exang', 'thal']"
970,Naive Bayes,72.35595106,73.13213248,78.89705882,75.5358423,"['restecg', 'thalach', 'oldpeak', 'slope']"
971,Naive Bayes,73.30292918,73.87160303,80.73529412,76.82395382,"['restecg', 'thalach', 'oldpeak', 'ca']"
972,Naive Bayes,77.68223953,78.04296894,81.98529412,79.77358088,"['restecg', 'thalach', 'oldpeak', 'thal']"
973,Naive Bayes,73.23692992,73.98077134,79.375,76.39328527,"['restecg', 'thalach', 'slope', 'ca']"
974,Naive Bayes,75.2814238,77.39659876,77.5,77.03983033,"['restecg', 'thalach', 'slope', 'thal']"
975,Naive Bayes,79.54097145,81.26460145,81.25,81.05356116,"['restecg', 'thalach', 'ca', 'thal']"
976,Naive Bayes,74.94660734,76.00253698,78.89705882,77.12098251,"['restecg', 'exang', 'oldpeak', 'slope']"
977,Naive Bayes,73.91360771,76.17477376,77.05882353,76.33127493,"['restecg', 'exang', 'oldpeak', 'ca']"
978,Naive Bayes,74.6240267,75.43216162,79.52205882,77.06516892,"['restecg', 'exang', 'oldpeak', 'thal']"
979,Naive Bayes,73.93585465,75.19527987,78.78676471,76.73121014,"['restecg', 'exang', 'slope', 'ca']"
980,Naive Bayes,76.57026326,79.36134454,77.57352941,78.05354609,"['restecg', 'exang', 'slope', 'thal']"
981,Naive Bayes,78.22766036,79.92035471,81.25,80.29851134,"['restecg', 'exang', 'ca', 'thal']"
982,Naive Bayes,72.62476826,71.15781116,85.47794118,77.36910458,"['restecg', 'oldpeak', 'slope', 'ca']"
983,Naive Bayes,76.93882091,76.62826797,83.01470588,79.48083481,"['restecg', 'oldpeak', 'slope', 'thal']"
984,Naive Bayes,77.53874676,76.77050362,85.51470588,80.59902225,"['restecg', 'oldpeak', 'ca', 'thal']"
985,Naive Bayes,79.16314423,80.47846078,82.38970588,81.01520238,"['restecg', 'slope', 'ca', 'thal']"
986,Naive Bayes,77.29217649,77.95502236,81.36029412,79.46444247,"['thalach', 'exang', 'oldpeak', 'slope']"
987,Naive Bayes,77.58175751,79.49789916,80.11029412,79.63562023,"['thalach', 'exang', 'oldpeak', 'ca']"
988,Naive Bayes,79.24916574,80.97257236,81.36029412,80.96333079,"['thalach', 'exang', 'oldpeak', 'thal']"
989,Naive Bayes,75.64775677,76.93255811,79.52205882,77.9544811,"['thalach', 'exang', 'slope', 'ca']"
990,Naive Bayes,74.96811272,77.91739766,75.84558824,76.64481868,"['thalach', 'exang', 'slope', 'thal']"
991,Naive Bayes,77.9495736,80.02318296,80.03676471,79.79853193,"['thalach', 'exang', 'ca', 'thal']"
992,Naive Bayes,73.25769373,73.13045314,81.25,76.7936156,"['thalach', 'oldpeak', 'slope', 'ca']"
993,Naive Bayes,75.2814238,76.47624671,79.375,77.57336356,"['thalach', 'oldpeak', 'slope', 'thal']"
994,Naive Bayes,78.2836485,77.87345201,84.33823529,80.81391332,"['thalach', 'oldpeak', 'ca', 'thal']"
995,Naive Bayes,76.91657397,79.46629398,78.16176471,78.23323911,"['thalach', 'slope', 'ca', 'thal']"
996,Naive Bayes,75.91434928,77.24375276,80.07352941,78.43046828,"['exang', 'oldpeak', 'slope', 'ca']"
997,Naive Bayes,78.56025213,80.62944125,80.11029412,80.02646963,"['exang', 'oldpeak', 'slope', 'thal']"
998,Naive Bayes,76.92732666,79.61614821,78.27205882,78.75824626,"['exang', 'oldpeak', 'ca', 'thal']"
999,Naive Bayes,78.20541342,82.10972284,77.53676471,79.48539885,"['exang', 'slope', 'ca', 'thal']"
1000,Naive Bayes,77.51724138,77.66013072,82.97794118,79.98808308,"['oldpeak', 'slope', 'ca', 'thal']"
1001,Naive Bayes,71.52131999,73.72671261,75,73.98203843,"['age', 'sex', 'cp', 'trestbps', 'chol']"
1002,Naive Bayes,71.86614757,73.87719298,75.58823529,74.32898278,"['age', 'sex', 'cp', 'trestbps', 'fbs']"
1003,Naive Bayes,74.81238413,76.69005848,78.05147059,76.90524857,"['age', 'sex', 'cp', 'trestbps', 'restecg']"
1004,Naive Bayes,75.89061921,76.48771438,81.17647059,78.39119032,"['age', 'sex', 'cp', 'trestbps', 'thalach']"
1005,Naive Bayes,76.89136077,77.33718346,82.46323529,79.52358459,"['age', 'sex', 'cp', 'trestbps', 'exang']"
1006,Naive Bayes,77.23618836,77.09931131,83.75,79.96092143,"['age', 'sex', 'cp', 'trestbps', 'oldpeak']"
1007,Naive Bayes,76.82610308,77.61919505,81.13970588,79.26308353,"['age', 'sex', 'cp', 'trestbps', 'slope']"
1008,Naive Bayes,76.14794216,76.86721148,82.38970588,79.21513369,"['age', 'sex', 'cp', 'trestbps', 'ca']"
1009,Naive Bayes,78.82684464,82.8627829,78.08823529,79.96170538,"['age', 'sex', 'cp', 'trestbps', 'thal']"
1010,Naive Bayes,69.60808306,71.56081947,74.48529412,72.65272801,"['age', 'sex', 'cp', 'chol', 'fbs']"
1011,Naive Bayes,70.89840564,71.8429955,77.5,74.17406797,"['age', 'sex', 'cp', 'chol', 'restecg']"
1012,Naive Bayes,75.60252132,75.64368531,82.42647059,78.46165469,"['age', 'sex', 'cp', 'chol', 'thalach']"
1013,Naive Bayes,76.60177976,77.66348469,81.25,79.10756842,"['age', 'sex', 'cp', 'chol', 'exang']"
1014,Naive Bayes,77.89358547,77.79006339,84.33823529,80.56981581,"['age', 'sex', 'cp', 'chol', 'oldpeak']"
1015,Naive Bayes,77.18168335,78.69354145,79.92647059,79.2253704,"['age', 'sex', 'cp', 'chol', 'slope']"
1016,Naive Bayes,74.52428624,75.91896301,80,77.51935528,"['age', 'sex', 'cp', 'chol', 'ca']"
1017,Naive Bayes,76.8361142,79.76899245,76.875,77.93011562,"['age', 'sex', 'cp', 'chol', 'thal']"
1018,Naive Bayes,70.86614757,72.15991525,76.17647059,73.72534541,"['age', 'sex', 'cp', 'fbs', 'restecg']"
1019,Naive Bayes,76.91434928,76.89351442,83.01470588,79.4702205,"['age', 'sex', 'cp', 'fbs', 'thalach']"
1020,Naive Bayes,75.55654431,76.37098119,80.58823529,78.20439594,"['age', 'sex', 'cp', 'fbs', 'exang']"
1021,Naive Bayes,78.57174638,78.60590254,84.33823529,81.06595215,"['age', 'sex', 'cp', 'fbs', 'oldpeak']"
1022,Naive Bayes,76.79310345,77.73937908,81.10294118,79.25608934,"['age', 'sex', 'cp', 'fbs', 'slope']"
1023,Naive Bayes,75.81460882,76.56154373,82.35294118,79.0576283,"['age', 'sex', 'cp', 'fbs', 'ca']"
1024,Naive Bayes,77.81535039,81.38592522,77.46323529,78.96521576,"['age', 'sex', 'cp', 'fbs', 'thal']"
1025,Naive Bayes,75.94660734,75.22093949,83.67647059,78.95474118,"['age', 'sex', 'cp', 'restecg', 'thalach']"
1026,Naive Bayes,76.94660734,78.44632414,80.625,79.12417326,"['age', 'sex', 'cp', 'restecg', 'exang']"
1027,Naive Bayes,78.18242492,78.22384392,84.26470588,80.74499125,"['age', 'sex', 'cp', 'restecg', 'oldpeak']"
1028,Naive Bayes,74.44679273,76.30053688,77.46323529,76.7477359,"['age', 'sex', 'cp', 'restecg', 'slope']"
1029,Naive Bayes,76.53726363,77.42545596,82.42647059,79.48796349,"['age', 'sex', 'cp', 'restecg', 'ca']"
1030,Naive Bayes,79.1386726,82.33131944,79.33823529,80.40383295,"['age', 'sex', 'cp', 'restecg', 'thal']"
1031,Naive Bayes,76.6240267,77.94010148,80.69852941,79.00229183,"['age', 'sex', 'cp', 'thalach', 'exang']"
1032,Naive Bayes,78.85984427,77.78597898,87.31617647,81.95541704,"['age', 'sex', 'cp', 'thalach', 'oldpeak']"
1033,Naive Bayes,76.54801631,76.89429959,82.35294118,79.26143808,"['age', 'sex', 'cp', 'thalach', 'slope']"
1034,Naive Bayes,78.19466073,77.27330581,85.44117647,81.01076964,"['age', 'sex', 'cp', 'thalach', 'ca']"
1035,Naive Bayes,78.83908046,80.55096074,81.10294118,80.4507024,"['age', 'sex', 'cp', 'thalach', 'thal']"
1036,Naive Bayes,79.57100482,79.63192294,84.375,81.71543237,"['age', 'sex', 'cp', 'exang', 'oldpeak']"
1037,Naive Bayes,77.27067112,77.35364146,83.01470588,79.94656921,"['age', 'sex', 'cp', 'exang', 'slope']"
1038,Naive Bayes,76.90359659,78.59373925,80.03676471,79.17777771,"['age', 'sex', 'cp', 'exang', 'ca']"
1039,Naive Bayes,77.25769373,79.65276407,79.41176471,79.2857258,"['age', 'sex', 'cp', 'exang', 'thal']"
1040,Naive Bayes,78.88283278,78.25931529,86.06617647,81.74682389,"['age', 'sex', 'cp', 'oldpeak', 'slope']"
1041,Naive Bayes,80.17463849,79.97246072,86.65441176,82.87007086,"['age', 'sex', 'cp', 'oldpeak', 'ca']"
1042,Naive Bayes,80.51724138,82.46011097,82.46323529,82.10273303,"['age', 'sex', 'cp', 'oldpeak', 'thal']"
1043,Naive Bayes,78.48498331,78.01503759,85.36764706,81.35183042,"['age', 'sex', 'cp', 'slope', 'ca']"
1044,Naive Bayes,78.4727475,80.875129,79.81617647,79.85837871,"['age', 'sex', 'cp', 'slope', 'thal']"
1045,Naive Bayes,79.15016685,80.39664348,82.97794118,81.31506829,"['age', 'sex', 'cp', 'ca', 'thal']"
1046,Naive Bayes,65.90693363,70.45024326,64.77941176,67.2504292,"['age', 'sex', 'trestbps', 'chol', 'fbs']"
1047,Naive Bayes,65.55061179,69.32582682,67.83088235,68.39769544,"['age', 'sex', 'trestbps', 'chol', 'restecg']"
1048,Naive Bayes,69.51983686,71.42929293,74.52205882,72.60270778,"['age', 'sex', 'trestbps', 'chol', 'thalach']"
1049,Naive Bayes,72.27697442,72.66825765,79.41176471,75.70693725,"['age', 'sex', 'trestbps', 'chol', 'exang']"
1050,Naive Bayes,72.66629588,71.69215985,82.53676471,76.58702576,"['age', 'sex', 'trestbps', 'chol', 'oldpeak']"
1051,Naive Bayes,72.55580274,73.62694839,79.375,75.97296525,"['age', 'sex', 'trestbps', 'chol', 'slope']"
1052,Naive Bayes,72.52354468,73.80561234,78.19852941,75.50773626,"['age', 'sex', 'trestbps', 'chol', 'ca']"
1053,Naive Bayes,71.50982573,74.5251661,75.11029412,74.36559519,"['age', 'sex', 'trestbps', 'chol', 'thal']"
1054,Naive Bayes,65.88394512,69.28310974,69.00735294,68.91547172,"['age', 'sex', 'trestbps', 'fbs', 'restecg']"
1055,Naive Bayes,70.50982573,72.78509386,74.48529412,73.43650765,"['age', 'sex', 'trestbps', 'fbs', 'thalach']"
1056,Naive Bayes,70.91064145,71.7338137,77.5,74.20358245,"['age', 'sex', 'trestbps', 'fbs', 'exang']"
1057,Naive Bayes,72.33296255,71.41346906,82.5,76.46153359,"['age', 'sex', 'trestbps', 'fbs', 'oldpeak']"
1058,Naive Bayes,71.58954394,72.61643693,78.125,74.8999494,"['age', 'sex', 'trestbps', 'fbs', 'slope']"
1059,Naive Bayes,72.5020393,73.99204601,77.5,75.3756001,"['age', 'sex', 'trestbps', 'fbs', 'ca']"
1060,Naive Bayes,70.50982573,73.96549774,73.19852941,73.13082657,"['age', 'sex', 'trestbps', 'fbs', 'thal']"
1061,Naive Bayes,70.93362996,71.80527966,77.57352941,74.26517274,"['age', 'sex', 'trestbps', 'restecg', 'thalach']"
1062,Naive Bayes,71.94364108,72.25555924,79.41176471,75.44946852,"['age', 'sex', 'trestbps', 'restecg', 'exang']"
1063,Naive Bayes,72.2899518,71.75950292,82.46323529,76.55425278,"['age', 'sex', 'trestbps', 'restecg', 'oldpeak']"
1064,Naive Bayes,71.60029663,72.9308197,76.94852941,74.63671322,"['age', 'sex', 'trestbps', 'restecg', 'slope']"
1065,Naive Bayes,72.85687801,74.71898496,77.61029412,75.8093354,"['age', 'sex', 'trestbps', 'restecg', 'ca']"
1066,Naive Bayes,73.16722284,77.38838376,73.93382353,75.270228,"['age', 'sex', 'trestbps', 'restecg', 'thal']"
1067,Naive Bayes,75.24545792,75.21359158,81.875,78.23943381,"['age', 'sex', 'trestbps', 'thalach', 'exang']"
1068,Naive Bayes,74.02335929,73.59062764,82.02205882,77.39265722,"['age', 'sex', 'trestbps', 'thalach', 'oldpeak']"
1069,Naive Bayes,73.24619948,74.34191372,78.16176471,75.95651747,"['age', 'sex', 'trestbps', 'thalach', 'slope']"
1070,Naive Bayes,73.81386726,74.90259349,79.33823529,76.82862236,"['age', 'sex', 'trestbps', 'thalach', 'ca']"
1071,Naive Bayes,75.83685577,79.28518459,75.69852941,77.17797416,"['age', 'sex', 'trestbps', 'thalach', 'thal']"
1072,Naive Bayes,75.88060808,76.5560682,81.28676471,78.44485724,"['age', 'sex', 'trestbps', 'exang', 'oldpeak']"
1073,Naive Bayes,75.22543567,76.63711362,78.71323529,77.5046124,"['age', 'sex', 'trestbps', 'exang', 'slope']"
1074,Naive Bayes,74.54653319,76.24458819,78.19852941,76.96485456,"['age', 'sex', 'trestbps', 'exang', 'ca']"
1075,Naive Bayes,75.24619948,78.25730994,76.32352941,76.93396802,"['age', 'sex', 'trestbps', 'exang', 'thal']"
1076,Naive Bayes,72.6240267,72.50154799,80.58823529,76.10523358,"['age', 'sex', 'trestbps', 'oldpeak', 'slope']"
1077,Naive Bayes,74.63552095,74.81730899,81.39705882,77.54702814,"['age', 'sex', 'trestbps', 'oldpeak', 'ca']"
1078,Naive Bayes,74.58027438,76.30894024,77.61029412,76.69351627,"['age', 'sex', 'trestbps', 'oldpeak', 'thal']"
1079,Naive Bayes,74.48127549,76.30012531,78.75,77.16033278,"['age', 'sex', 'trestbps', 'slope', 'ca']"
1080,Naive Bayes,75.87059696,80.03978864,75.11029412,76.98885142,"['age', 'sex', 'trestbps', 'slope', 'thal']"
1081,Naive Bayes,75.41453467,77.80697454,78.08823529,77.63286155,"['age', 'sex', 'trestbps', 'ca', 'thal']"
1082,Naive Bayes,65.58583611,69.76694139,65.33088235,67.37682392,"['age', 'sex', 'chol', 'fbs', 'restecg']"
1083,Naive Bayes,68.22024472,70.62719298,71.39705882,70.69959846,"['age', 'sex', 'chol', 'fbs', 'thalach']"
1084,Naive Bayes,70.68780126,71.37931225,77.57352941,74.21088497,"['age', 'sex', 'chol', 'fbs', 'exang']"
1085,Naive Bayes,70.33147942,70.01853341,80.07352941,74.49206718,"['age', 'sex', 'chol', 'fbs', 'oldpeak']"
1086,Naive Bayes,69.92139414,71.08677481,76.32352941,73.23902782,"['age', 'sex', 'chol', 'fbs', 'slope']"
1087,Naive Bayes,71.21245829,72.92120006,76.32352941,74.32733048,"['age', 'sex', 'chol', 'fbs', 'ca']"
1088,Naive Bayes,69.58583611,74.41060539,69.63235294,71.537033,"['age', 'sex', 'chol', 'fbs', 'thal']"
1089,Naive Bayes,69.26548016,71.10489347,73.34558824,71.93381689,"['age', 'sex', 'chol', 'restecg', 'thalach']"
1090,Naive Bayes,72.61104931,73.87737821,77.57352941,75.41818516,"['age', 'sex', 'chol', 'restecg', 'exang']"
1091,Naive Bayes,71.66703745,71.66580667,80.73529412,75.69258708,"['age', 'sex', 'chol', 'restecg', 'oldpeak']"
1092,Naive Bayes,70.26622173,71.09967213,77.53676471,73.88837691,"['age', 'sex', 'chol', 'restecg', 'slope']"
1093,Naive Bayes,73.85910271,75.47648756,78.82352941,76.75330442,"['age', 'sex', 'chol', 'restecg', 'ca']"
1094,Naive Bayes,72.52280311,76.61733945,73.89705882,74.75324254,"['age', 'sex', 'chol', 'restecg', 'thal']"
1095,Naive Bayes,75.2562106,75.01393189,81.875,78.20905331,"['age', 'sex', 'chol', 'thalach', 'exang']"
1096,Naive Bayes,74.6785317,73.41925893,83.86029412,78.13119843,"['age', 'sex', 'chol', 'thalach', 'oldpeak']"
1097,Naive Bayes,71.67779014,73.28333702,76.43382353,74.45533194,"['age', 'sex', 'chol', 'thalach', 'slope']"
1098,Naive Bayes,72.20022247,72.84471596,79.44852941,75.71376839,"['age', 'sex', 'chol', 'thalach', 'ca']"
1099,Naive Bayes,73.86911383,77.65833921,73.89705882,75.31326604,"['age', 'sex', 'chol', 'thalach', 'thal']"
1100,Naive Bayes,75.90211346,75.93519617,82.53676471,78.73896617,"['age', 'sex', 'chol', 'exang', 'oldpeak']"
1101,Naive Bayes,73.99035966,75.82854809,77.02205882,76.30492886,"['age', 'sex', 'chol', 'exang', 'slope']"
1102,Naive Bayes,73.64479051,73.86363581,80.73529412,77.00031143,"['age', 'sex', 'chol', 'exang', 'ca']"
1103,Naive Bayes,74.90211346,78.54383061,75.11029412,76.29076325,"['age', 'sex', 'chol', 'exang', 'thal']"
1104,Naive Bayes,72.60177976,72.33811858,80.625,76.09833769,"['age', 'sex', 'chol', 'oldpeak', 'slope']"
1105,Naive Bayes,74.62476826,74.01852671,83.23529412,77.96785672,"['age', 'sex', 'chol', 'oldpeak', 'ca']"
1106,Naive Bayes,76.20467186,77.38335422,80,78.29120008,"['age', 'sex', 'chol', 'oldpeak', 'thal']"
1107,Naive Bayes,74.18094179,75.61342974,80.03676471,77.17029117,"['age', 'sex', 'chol', 'slope', 'ca']"
1108,Naive Bayes,75.57100482,79.26618724,75.11029412,76.83793972,"['age', 'sex', 'chol', 'slope', 'thal']"
1109,Naive Bayes,74.81460882,77.01963241,77.53676471,76.8909466,"['age', 'sex', 'chol', 'ca', 'thal']"
1110,Naive Bayes,70.6555432,72.36526979,74.59558824,73.19255073,"['age', 'sex', 'fbs', 'restecg', 'thalach']"
1111,Naive Bayes,72.61104931,73.69650937,78.16176471,75.56024062,"['age', 'sex', 'fbs', 'restecg', 'exang']"
1112,Naive Bayes,72.27845755,72.12920168,81.25,76.26642936,"['age', 'sex', 'fbs', 'restecg', 'oldpeak']"
1113,Naive Bayes,70.29996292,71.00151727,76.91176471,73.64906118,"['age', 'sex', 'fbs', 'restecg', 'slope']"
1114,Naive Bayes,73.56952169,75.67903828,77.02205882,76.06951794,"['age', 'sex', 'fbs', 'restecg', 'ca']"
1115,Naive Bayes,71.22172785,75.08571911,72.68382353,73.44177179,"['age', 'sex', 'fbs', 'restecg', 'thal']"
1116,Naive Bayes,74.61179088,74.98350042,80.625,77.6004718,"['age', 'sex', 'fbs', 'thalach', 'exang']"
1117,Naive Bayes,74.63477938,74.34656159,81.98529412,77.77382181,"['age', 'sex', 'fbs', 'thalach', 'oldpeak']"
1118,Naive Bayes,70.31071561,71.70220869,75.77205882,73.40478313,"['age', 'sex', 'fbs', 'thalach', 'slope']"
1119,Naive Bayes,72.54505006,73.6190462,78.82352941,75.77906162,"['age', 'sex', 'fbs', 'thalach', 'ca']"
1120,Naive Bayes,74.52502781,78.57021655,73.86029412,75.76299129,"['age', 'sex', 'fbs', 'thalach', 'thal']"
1121,Naive Bayes,74.89061921,74.84316462,81.875,77.85453669,"['age', 'sex', 'fbs', 'exang', 'oldpeak']"
1122,Naive Bayes,74.98034854,77.07609711,76.98529412,76.9409629,"['age', 'sex', 'fbs', 'exang', 'slope']"
1123,Naive Bayes,74.25695217,73.81345521,82.5,77.81745229,"['age', 'sex', 'fbs', 'exang', 'ca']"
1124,Naive Bayes,74.55728587,77.79600516,75.69852941,76.22877716,"['age', 'sex', 'fbs', 'exang', 'thal']"
1125,Naive Bayes,72.34519837,72.56001188,79.48529412,75.5796359,"['age', 'sex', 'fbs', 'oldpeak', 'slope']"
1126,Naive Bayes,74.00185391,73.6995614,82.61029412,77.53552416,"['age', 'sex', 'fbs', 'oldpeak', 'ca']"
1127,Naive Bayes,74.26918799,76.25711951,76.98529412,76.25079604,"['age', 'sex', 'fbs', 'oldpeak', 'thal']"
1128,Naive Bayes,74.85910271,75.87288855,80.625,77.67223486,"['age', 'sex', 'fbs', 'slope', 'ca']"
1129,Naive Bayes,77.20541342,81.65416773,75.69852941,78.13110378,"['age', 'sex', 'fbs', 'slope', 'thal']"
1130,Naive Bayes,76.44901743,78.3966912,79.33823529,78.51306382,"['age', 'sex', 'fbs', 'ca', 'thal']"
1131,Naive Bayes,73.55506118,73.75223598,80.03676471,76.61060124,"['age', 'sex', 'restecg', 'thalach', 'exang']"
1132,Naive Bayes,74.65702633,74.21906761,82.02205882,77.71571978,"['age', 'sex', 'restecg', 'thalach', 'oldpeak']"
1133,Naive Bayes,71.93437152,72.92222591,77.61029412,74.95541717,"['age', 'sex', 'restecg', 'thalach', 'slope']"
1134,Naive Bayes,74.51353356,75.71073517,80.07352941,77.45330595,"['age', 'sex', 'restecg', 'thalach', 'ca']"
1135,Naive Bayes,73.85687801,77.52298355,74.52205882,75.56749183,"['age', 'sex', 'restecg', 'thalach', 'thal']"
1136,Naive Bayes,76.23618836,76.17890287,83.125,79.09857262,"['age', 'sex', 'restecg', 'exang', 'oldpeak']"
1137,Naive Bayes,75.63626251,77.7386788,77.61029412,77.57186394,"['age', 'sex', 'restecg', 'exang', 'slope']"
1138,Naive Bayes,74.90285502,76.10873384,80.07352941,77.80090124,"['age', 'sex', 'restecg', 'exang', 'ca']"
1139,Naive Bayes,74.57953281,78.10732267,75.11029412,76.12964988,"['age', 'sex', 'restecg', 'exang', 'thal']"
1140,Naive Bayes,72.64553207,72.90522876,80.03676471,76.02763871,"['age', 'sex', 'restecg', 'oldpeak', 'slope']"
1141,Naive Bayes,75.29143493,74.981934,83.23529412,78.50694508,"['age', 'sex', 'restecg', 'oldpeak', 'ca']"
1142,Naive Bayes,75.54801631,77.11344538,78.78676471,77.59067524,"['age', 'sex', 'restecg', 'oldpeak', 'thal']"
1143,Naive Bayes,75.83759733,76.42390289,81.83823529,78.71358457,"['age', 'sex', 'restecg', 'slope', 'ca']"
1144,Naive Bayes,76.8383389,80.85541909,76.32352941,78.15404208,"['age', 'sex', 'restecg', 'slope', 'thal']"
1145,Naive Bayes,77.12717835,80.73623019,78.125,78.73518006,"['age', 'sex', 'restecg', 'ca', 'thal']"
1146,Naive Bayes,78.27067112,78.29850361,83.16176471,80.56951872,"['age', 'sex', 'thalach', 'exang', 'oldpeak']"
1147,Naive Bayes,75.00185391,76.78835569,77.68382353,77.09719792,"['age', 'sex', 'thalach', 'exang', 'slope']"
1148,Naive Bayes,76.60326288,76.69513244,82.5,79.37910619,"['age', 'sex', 'thalach', 'exang', 'ca']"
1149,Naive Bayes,76.88134965,79.35504202,78.125,78.59536445,"['age', 'sex', 'thalach', 'exang', 'thal']"
1150,Naive Bayes,74.31368187,74.84171827,80.11029412,77.13826191,"['age', 'sex', 'thalach', 'oldpeak', 'slope']"
1151,Naive Bayes,76.64849833,76.59652194,83.19852941,79.52213512,"['age', 'sex', 'thalach', 'oldpeak', 'ca']"
1152,Naive Bayes,76.93733778,79.8287456,77.05882353,78.24990143,"['age', 'sex', 'thalach', 'oldpeak', 'thal']"
1153,Naive Bayes,76.21542455,77.09421225,80.66176471,78.52755159,"['age', 'sex', 'thalach', 'slope', 'ca']"
1154,Naive Bayes,74.24768261,77.27726603,74.52205882,75.50569015,"['age', 'sex', 'thalach', 'slope', 'thal']"
1155,Naive Bayes,78.13941416,80.03151261,79.96323529,79.81183617,"['age', 'sex', 'thalach', 'ca', 'thal']"
1156,Naive Bayes,78.20467186,78.999613,81.80147059,80.11411327,"['age', 'sex', 'exang', 'oldpeak', 'slope']"
1157,Naive Bayes,77.17167223,78.214169,81.25,79.51101608,"['age', 'sex', 'exang', 'oldpeak', 'ca']"
1158,Naive Bayes,77.83908046,79.43110227,79.92647059,79.48459247,"['age', 'sex', 'exang', 'oldpeak', 'thal']"
1159,Naive Bayes,78.20541342,79.91170186,80.58823529,80.10702431,"['age', 'sex', 'exang', 'slope', 'ca']"
1160,Naive Bayes,74.94660734,78.93439649,74.48529412,76.18062868,"['age', 'sex', 'exang', 'slope', 'thal']"
1161,Naive Bayes,76.18168335,79.368078,76.36029412,77.63280898,"['age', 'sex', 'exang', 'ca', 'thal']"
1162,Naive Bayes,77.87282165,77.9958335,84.26470588,80.74699617,"['age', 'sex', 'oldpeak', 'slope', 'ca']"
1163,Naive Bayes,76.24842418,78.90926884,77.53676471,77.78976767,"['age', 'sex', 'oldpeak', 'slope', 'thal']"
1164,Naive Bayes,77.86206897,79.90583075,79.375,79.41738166,"['age', 'sex', 'oldpeak', 'ca', 'thal']"
1165,Naive Bayes,75.83759733,79.08910478,76.94852941,77.4474345,"['age', 'sex', 'slope', 'ca', 'thal']"
1166,Naive Bayes,72.25472747,75.8663566,73.34558824,74.01873705,"['age', 'cp', 'trestbps', 'chol', 'fbs']"
1167,Naive Bayes,72.95439377,77.19681707,72.79411765,74.1351333,"['age', 'cp', 'trestbps', 'chol', 'restecg']"
1168,Naive Bayes,73.89988877,75.8252064,77.02205882,76.01059559,"['age', 'cp', 'trestbps', 'chol', 'thalach']"
1169,Naive Bayes,74.567297,76.20261438,78.82352941,77.09690363,"['age', 'cp', 'trestbps', 'chol', 'exang']"
1170,Naive Bayes,77.29217649,77.93087386,83.78676471,80.21415998,"['age', 'cp', 'trestbps', 'chol', 'oldpeak']"
1171,Naive Bayes,72.93214683,75.3025964,75.73529412,75.14387687,"['age', 'cp', 'trestbps', 'chol', 'slope']"
1172,Naive Bayes,73.57804968,75.248557,78.23529412,76.34869879,"['age', 'cp', 'trestbps', 'chol', 'ca']"
1173,Naive Bayes,74.8676307,78.63318793,74.44852941,76.08887598,"['age', 'cp', 'trestbps', 'chol', 'thal']"
1174,Naive Bayes,72.95513534,77.94209957,72.13235294,74.10960118,"['age', 'cp', 'trestbps', 'fbs', 'restecg']"
1175,Naive Bayes,73.89988877,75.33443384,77.57352941,76.13078596,"['age', 'cp', 'trestbps', 'fbs', 'thalach']"
1176,Naive Bayes,75.2017056,76.50649295,80,77.83037277,"['age', 'cp', 'trestbps', 'fbs', 'exang']"
1177,Naive Bayes,77.558769,77.47921441,84.96323529,80.50045808,"['age', 'cp', 'trestbps', 'fbs', 'oldpeak']"
1178,Naive Bayes,74.22321098,76.23465694,77.46323529,76.41919078,"['age', 'cp', 'trestbps', 'fbs', 'slope']"
1179,Naive Bayes,74.19021135,75.76587302,78.78676471,76.89171084,"['age', 'cp', 'trestbps', 'fbs', 'ca']"
1180,Naive Bayes,74.20096403,77.99637153,73.82352941,75.34480746,"['age', 'cp', 'trestbps', 'fbs', 'thal']"
1181,Naive Bayes,73.90063033,75.02256756,78.75,76.31920991,"['age', 'cp', 'trestbps', 'restecg', 'thalach']"
1182,Naive Bayes,75.90211346,76.22895474,81.91176471,78.60038606,"['age', 'cp', 'trestbps', 'restecg', 'exang']"
1183,Naive Bayes,77.2814238,76.39302018,86.17647059,80.54354168,"['age', 'cp', 'trestbps', 'restecg', 'oldpeak']"
1184,Naive Bayes,72.61179088,74.374871,76.875,75.32444305,"['age', 'cp', 'trestbps', 'restecg', 'slope']"
1185,Naive Bayes,75.5357805,76.8069919,80.66176471,78.26854842,"['age', 'cp', 'trestbps', 'restecg', 'ca']"
1186,Naive Bayes,76.15869485,79.86230849,76.25,77.56386233,"['age', 'cp', 'trestbps', 'restecg', 'thal']"
1187,Naive Bayes,74.62328513,75.21787926,80.07352941,77.4674169,"['age', 'cp', 'trestbps', 'thalach', 'exang']"
1188,Naive Bayes,77.59176863,76.79932675,85.47794118,80.6873327,"['age', 'cp', 'trestbps', 'thalach', 'oldpeak']"
1189,Naive Bayes,73.63329626,74.15123593,80,76.82484738,"['age', 'cp', 'trestbps', 'thalach', 'slope']"
1190,Naive Bayes,76.19243604,76.78994668,81.21323529,78.79267396,"['age', 'cp', 'trestbps', 'thalach', 'ca']"
1191,Naive Bayes,78.15943641,81.01470588,79.26470588,79.73440113,"['age', 'cp', 'trestbps', 'thalach', 'thal']"
1192,Naive Bayes,77.5925102,77.48330972,84.33823529,80.43145714,"['age', 'cp', 'trestbps', 'exang', 'oldpeak']"
1193,Naive Bayes,75.56803856,76.18945648,81.25,78.47684878,"['age', 'cp', 'trestbps', 'exang', 'slope']"
1194,Naive Bayes,77.25991843,78.12061404,81.875,79.76710655,"['age', 'cp', 'trestbps', 'exang', 'ca']"
1195,Naive Bayes,77.86058584,78.87152175,81.72794118,79.92544181,"['age', 'cp', 'trestbps', 'exang', 'thal']"
1196,Naive Bayes,77.23692992,76.74876809,84.22794118,80.03467142,"['age', 'cp', 'trestbps', 'oldpeak', 'slope']"
1197,Naive Bayes,79.18464961,78.69212246,86.69117647,82.26766874,"['age', 'cp', 'trestbps', 'oldpeak', 'ca']"
1198,Naive Bayes,79.88431591,80.66834602,83.63970588,81.80876365,"['age', 'cp', 'trestbps', 'oldpeak', 'thal']"
1199,Naive Bayes,75.5357805,75.79441864,81.80147059,78.56319469,"['age', 'cp', 'trestbps', 'slope', 'ca']"
1200,Naive Bayes,78.88283278,82.78791577,78.125,80.12621536,"['age', 'cp', 'trestbps', 'slope', 'thal']"
1201,Naive Bayes,77.5272525,79.53396414,81.13970588,79.83310037,"['age', 'cp', 'trestbps', 'ca', 'thal']"
1202,Naive Bayes,72.621802,77.30264554,72.16911765,73.91514383,"['age', 'cp', 'chol', 'fbs', 'restecg']"
1203,Naive Bayes,73.27845755,76.14880952,75.18382353,75.24132192,"['age', 'cp', 'chol', 'fbs', 'thalach']"
1204,Naive Bayes,73.89988877,75.41021672,78.19852941,76.45042866,"['age', 'cp', 'chol', 'fbs', 'exang']"
1205,Naive Bayes,75.90285502,76.95568924,82.46323529,78.88986038,"['age', 'cp', 'chol', 'fbs', 'oldpeak']"
1206,Naive Bayes,73.9558769,75.67867139,78.16176471,76.48439549,"['age', 'cp', 'chol', 'fbs', 'slope']"
1207,Naive Bayes,74.27845755,76.4676274,77.64705882,76.76936741,"['age', 'cp', 'chol', 'fbs', 'ca']"
1208,Naive Bayes,77.22543567,81.11877828,76.36029412,78.51721387,"['age', 'cp', 'chol', 'fbs', 'thal']"
1209,Naive Bayes,74.30070449,77.0524674,77.02205882,76.46472595,"['age', 'cp', 'chol', 'restecg', 'thalach']"
1210,Naive Bayes,73.27771598,74.05641555,78.86029412,76.19420115,"['age', 'cp', 'chol', 'restecg', 'exang']"
1211,Naive Bayes,75.94809047,76.79657953,83.16176471,79.20535785,"['age', 'cp', 'chol', 'restecg', 'oldpeak']"
1212,Naive Bayes,73.30144605,75.25694988,76.91176471,75.83765763,"['age', 'cp', 'chol', 'restecg', 'slope']"
1213,Naive Bayes,72.87838339,75.12368991,77.61029412,75.85007546,"['age', 'cp', 'chol', 'restecg', 'ca']"
1214,Naive Bayes,76.8361142,81.34526503,75.14705882,78.01043742,"['age', 'cp', 'chol', 'restecg', 'thal']"
1215,Naive Bayes,73.3214683,73.66318369,80.07352941,76.67520108,"['age', 'cp', 'chol', 'thalach', 'exang']"
1216,Naive Bayes,76.92510197,76.75891601,84.30147059,80.06427828,"['age', 'cp', 'chol', 'thalach', 'oldpeak']"
1217,Naive Bayes,73.33370412,74.40037594,78.78676471,76.37426807,"['age', 'cp', 'chol', 'thalach', 'slope']"
1218,Naive Bayes,76.60400445,77.3120485,81.28676471,79.12418301,"['age', 'cp', 'chol', 'thalach', 'ca']"
1219,Naive Bayes,78.8928439,80.78302988,81.21323529,80.81665221,"['age', 'cp', 'chol', 'thalach', 'thal']"
1220,Naive Bayes,78.29365962,77.49221065,85.58823529,81.09219265,"['age', 'cp', 'chol', 'exang', 'oldpeak']"
1221,Naive Bayes,76.29069336,76.99484004,81.32352941,78.94163489,"['age', 'cp', 'chol', 'exang', 'slope']"
1222,Naive Bayes,77.62699296,78.91998378,81.32352941,79.88664156,"['age', 'cp', 'chol', 'exang', 'ca']"
1223,Naive Bayes,78.2269188,79.05108973,82.42647059,80.4295162,"['age', 'cp', 'chol', 'exang', 'thal']"
1224,Naive Bayes,76.56878013,76.20336968,83.63970588,79.51056649,"['age', 'cp', 'chol', 'oldpeak', 'slope']"
1225,Naive Bayes,77.52799407,77.16167871,85.47794118,80.83406659,"['age', 'cp', 'chol', 'oldpeak', 'ca']"
1226,Naive Bayes,81.18539118,82.54695562,83.63970588,82.7562505,"['age', 'cp', 'chol', 'oldpeak', 'thal']"
1227,Naive Bayes,76.5925102,76.92599759,82.42647059,79.47188514,"['age', 'cp', 'chol', 'slope', 'ca']"
1228,Naive Bayes,80.19466073,84.14120709,79.33823529,81.43214164,"['age', 'cp', 'chol', 'slope', 'thal']"
1229,Naive Bayes,77.90507972,79.19448023,82.42647059,80.45256493,"['age', 'cp', 'chol', 'ca', 'thal']"
1230,Naive Bayes,73.61179088,75.87669709,76.98529412,75.90953936,"['age', 'cp', 'fbs', 'restecg', 'thalach']"
1231,Naive Bayes,74.26770486,74.91473168,80.11029412,77.17184524,"['age', 'cp', 'fbs', 'restecg', 'exang']"
1232,Naive Bayes,76.90285502,76.70714665,84.30147059,79.92135472,"['age', 'cp', 'fbs', 'restecg', 'oldpeak']"
1233,Naive Bayes,73.93511309,75.4754472,78.125,76.50529569,"['age', 'cp', 'fbs', 'restecg', 'slope']"
1234,Naive Bayes,72.86837227,74.53171364,78.16176471,75.86203243,"['age', 'cp', 'fbs', 'restecg', 'ca']"
1235,Naive Bayes,75.17945866,79.02266932,74.52205882,76.51054318,"['age', 'cp', 'fbs', 'restecg', 'thal']"
1236,Naive Bayes,73.96662959,74.61846405,79.48529412,76.90876314,"['age', 'cp', 'fbs', 'thalach', 'exang']"
1237,Naive Bayes,77.54801631,77.36252396,84.22794118,80.36557325,"['age', 'cp', 'fbs', 'thalach', 'oldpeak']"
1238,Naive Bayes,73.97886541,74.77318296,79.96323529,77.09026633,"['age', 'cp', 'fbs', 'thalach', 'slope']"
1239,Naive Bayes,76.22617723,77.64778982,80,78.61326466,"['age', 'cp', 'fbs', 'thalach', 'ca']"
1240,Naive Bayes,77.53652206,80.03751885,79.30147059,79.39885907,"['age', 'cp', 'fbs', 'thalach', 'thal']"
1241,Naive Bayes,77.95958472,77.16210229,85.55147059,80.87254701,"['age', 'cp', 'fbs', 'exang', 'oldpeak']"
1242,Naive Bayes,75.9243604,76.28667871,81.875,78.81711235,"['age', 'cp', 'fbs', 'exang', 'slope']"
1243,Naive Bayes,77.93807935,79.06239864,81.91176471,80.23584791,"['age', 'cp', 'fbs', 'exang', 'ca']"
1244,Naive Bayes,78.5272525,79.19569758,82.97794118,80.7639661,"['age', 'cp', 'fbs', 'exang', 'thal']"
1245,Naive Bayes,76.56952169,75.88141897,84.22794118,79.56439394,"['age', 'cp', 'fbs', 'oldpeak', 'slope']"
1246,Naive Bayes,78.20615499,77.42410561,86.69117647,81.54596328,"['age', 'cp', 'fbs', 'oldpeak', 'ca']"
1247,Naive Bayes,79.89581016,80.61115647,83.63970588,81.7931665,"['age', 'cp', 'fbs', 'oldpeak', 'thal']"
1248,Naive Bayes,77.56025213,77.77726178,83.60294118,80.43969451,"['age', 'cp', 'fbs', 'slope', 'ca']"
1249,Naive Bayes,79.50574713,83.08086629,79.30147059,80.85349772,"['age', 'cp', 'fbs', 'slope', 'thal']"
1250,Naive Bayes,77.87282165,79.31617776,82.35294118,80.37547465,"['age', 'cp', 'fbs', 'ca', 'thal']"
1251,Naive Bayes,73.92287727,74.82262642,78.82352941,76.70181861,"['age', 'cp', 'restecg', 'thalach', 'exang']"
1252,Naive Bayes,77.24842418,76.19425681,86.10294118,80.56801089,"['age', 'cp', 'restecg', 'thalach', 'oldpeak']"
1253,Naive Bayes,73.99035966,74.25104428,81.17647059,77.37969578,"['age', 'cp', 'restecg', 'thalach', 'slope']"
1254,Naive Bayes,75.21468298,76.58991061,79.96323529,77.9524935,"['age', 'cp', 'restecg', 'thalach', 'ca']"
1255,Naive Bayes,77.51427512,80.09313725,78.71323529,79.13097045,"['age', 'cp', 'restecg', 'thalach', 'thal']"
1256,Naive Bayes,78.28216537,77.98563171,84.96323529,81.04742778,"['age', 'cp', 'restecg', 'exang', 'oldpeak']"
1257,Naive Bayes,77.30292918,77.91494668,81.91176471,79.74299835,"['age', 'cp', 'restecg', 'exang', 'slope']"
1258,Naive Bayes,76.27067112,77.62586614,80.66176471,78.86079486,"['age', 'cp', 'restecg', 'exang', 'ca']"
1259,Naive Bayes,78.18242492,79.28247703,81.76470588,80.18915707,"['age', 'cp', 'restecg', 'exang', 'thal']"
1260,Naive Bayes,75.61327401,75.52617506,82.46323529,78.59995097,"['age', 'cp', 'restecg', 'oldpeak', 'slope']"
1261,Naive Bayes,79.19614386,79.02401961,86.69117647,82.35067157,"['age', 'cp', 'restecg', 'oldpeak', 'ca']"
1262,Naive Bayes,80.89581016,81.8208228,84.30147059,82.75013179,"['age', 'cp', 'restecg', 'oldpeak', 'thal']"
1263,Naive Bayes,75.93659622,77.23499312,80.58823529,78.72271664,"['age', 'cp', 'restecg', 'slope', 'ca']"
1264,Naive Bayes,79.19466073,84.11522301,76.91176471,80.13222969,"['age', 'cp', 'restecg', 'slope', 'thal']"
1265,Naive Bayes,78.53948832,80.06629826,82.42647059,80.8823885,"['age', 'cp', 'restecg', 'ca', 'thal']"
1266,Naive Bayes,77.95884316,78.09683523,83.19852941,80.36889852,"['age', 'cp', 'thalach', 'exang', 'oldpeak']"
1267,Naive Bayes,75.2899518,76.16094771,80.11029412,77.95975729,"['age', 'cp', 'thalach', 'exang', 'slope']"
1268,Naive Bayes,78.27141268,79.70665635,81.28676471,80.38378807,"['age', 'cp', 'thalach', 'exang', 'ca']"
1269,Naive Bayes,78.58249907,80.37068161,81.21323529,80.5629401,"['age', 'cp', 'thalach', 'exang', 'thal']"
1270,Naive Bayes,77.26918799,77.61772077,83.08823529,79.99984872,"['age', 'cp', 'thalach', 'oldpeak', 'slope']"
1271,Naive Bayes,78.89581016,78.11871423,86.10294118,81.76142565,"['age', 'cp', 'thalach', 'oldpeak', 'ca']"
1272,Naive Bayes,82.86355209,83.72712418,85.51470588,84.47131993,"['age', 'cp', 'thalach', 'oldpeak', 'thal']"
1273,Naive Bayes,76.55951057,77.03116483,82.38970588,79.35355187,"['age', 'cp', 'thalach', 'slope', 'ca']"
1274,Naive Bayes,79.17167223,81.94783527,79.92647059,80.59526137,"['age', 'cp', 'thalach', 'slope', 'thal']"
1275,Naive Bayes,79.85131628,80.55873753,83.56617647,81.95013362,"['age', 'cp', 'thalach', 'ca', 'thal']"
1276,Naive Bayes,77.62550983,78.49069644,81.94852941,79.91240717,"['age', 'cp', 'exang', 'oldpeak', 'slope']"
1277,Naive Bayes,79.2499073,80.30379257,82.53676471,81.2596766,"['age', 'cp', 'exang', 'oldpeak', 'ca']"
1278,Naive Bayes,79.88357434,81.86894319,81.875,81.58537051,"['age', 'cp', 'exang', 'oldpeak', 'thal']"
1279,Naive Bayes,75.60252132,77.08616139,80.03676471,78.23158613,"['age', 'cp', 'exang', 'slope', 'ca']"
1280,Naive Bayes,77.25917686,79.74982422,79.44852941,79.26786224,"['age', 'cp', 'exang', 'slope', 'thal']"
1281,Naive Bayes,79.56173526,81.38805583,82.46323529,81.53553838,"['age', 'cp', 'exang', 'ca', 'thal']"
1282,Naive Bayes,76.90433815,76.2171639,84.85294118,80.09006624,"['age', 'cp', 'oldpeak', 'slope', 'ca']"
1283,Naive Bayes,80.88431591,81.75475453,84.30147059,82.80585264,"['age', 'cp', 'oldpeak', 'slope', 'thal']"
1284,Naive Bayes,79.19688543,79.3255934,85.47794118,81.99159938,"['age', 'cp', 'oldpeak', 'ca', 'thal']"
1285,Naive Bayes,80.495736,81.90841688,83.60294118,82.53354978,"['age', 'cp', 'slope', 'ca', 'thal']"
1286,Naive Bayes,59.73637375,62.61502221,66.65441176,64.11523671,"['age', 'trestbps', 'chol', 'fbs', 'restecg']"
1287,Naive Bayes,68.66258806,69.73937908,75.77205882,72.34586007,"['age', 'trestbps', 'chol', 'fbs', 'thalach']"
1288,Naive Bayes,68.04041528,68.59930128,76.94852941,72.30266277,"['age', 'trestbps', 'chol', 'fbs', 'exang']"
1289,Naive Bayes,68.43121987,68.23040109,78.97058824,72.82173018,"['age', 'trestbps', 'chol', 'fbs', 'oldpeak']"
1290,Naive Bayes,66.66258806,69.49929972,69.15441176,69.10266474,"['age', 'trestbps', 'chol', 'fbs', 'slope']"
1291,Naive Bayes,66.63033,68.43689996,75.22058824,70.90235459,"['age', 'trestbps', 'chol', 'fbs', 'ca']"
1292,Naive Bayes,72.54505006,74.92726396,75.11029412,74.72520494,"['age', 'trestbps', 'chol', 'fbs', 'thal']"
1293,Naive Bayes,67.30700779,68.7971327,73.93382353,70.95105581,"['age', 'trestbps', 'chol', 'restecg', 'thalach']"
1294,Naive Bayes,70.33073786,70.14664111,79.41176471,74.37789764,"['age', 'trestbps', 'chol', 'restecg', 'exang']"
1295,Naive Bayes,70.36522062,70.09318892,80.77205882,74.65365849,"['age', 'trestbps', 'chol', 'restecg', 'oldpeak']"
1296,Naive Bayes,65.31776047,67.65527176,69.70588235,68.56126869,"['age', 'trestbps', 'chol', 'restecg', 'slope']"
1297,Naive Bayes,68.29847979,69.25906842,75.77205882,72.01988972,"['age', 'trestbps', 'chol', 'restecg', 'ca']"
1298,Naive Bayes,73.19021135,74.6080605,78.125,75.93634179,"['age', 'trestbps', 'chol', 'restecg', 'thal']"
1299,Naive Bayes,71.06414535,72.63321293,75.91911765,74.13757321,"['age', 'trestbps', 'chol', 'thalach', 'exang']"
1300,Naive Bayes,72.42120875,72.55958524,79.63235294,75.76588083,"['age', 'trestbps', 'chol', 'thalach', 'oldpeak']"
1301,Naive Bayes,69.27623285,71.58126935,72.72058824,71.95077755,"['age', 'trestbps', 'chol', 'thalach', 'slope']"
1302,Naive Bayes,71.99962922,73.57870166,75.91911765,74.49589073,"['age', 'trestbps', 'chol', 'thalach', 'ca']"
1303,Naive Bayes,74.60177976,78.04533865,74.59558824,76.05465117,"['age', 'trestbps', 'chol', 'thalach', 'thal']"
1304,Naive Bayes,74.61253244,75.45958032,79.55882353,77.1596824,"['age', 'trestbps', 'chol', 'exang', 'oldpeak']"
1305,Naive Bayes,72.69002595,73.33893557,78.82352941,75.77827518,"['age', 'trestbps', 'chol', 'exang', 'slope']"
1306,Naive Bayes,72.66703745,74.97342621,75.25735294,74.981676,"['age', 'trestbps', 'chol', 'exang', 'ca']"
1307,Naive Bayes,73.60103819,76.52577002,73.93382353,75.04153846,"['age', 'trestbps', 'chol', 'exang', 'thal']"
1308,Naive Bayes,71.35520949,71.77509281,78.27205882,74.58271553,"['age', 'trestbps', 'chol', 'oldpeak', 'slope']"
1309,Naive Bayes,73.9810901,73.99454027,83.125,77.84920673,"['age', 'trestbps', 'chol', 'oldpeak', 'ca']"
1310,Naive Bayes,75.29291806,77.12593607,78.23529412,77.3420132,"['age', 'trestbps', 'chol', 'oldpeak', 'thal']"
1311,Naive Bayes,74.558769,74.82322115,81.83823529,77.78883193,"['age', 'trestbps', 'chol', 'slope', 'ca']"
1312,Naive Bayes,72.95661846,76.36224233,73.93382353,74.72470654,"['age', 'trestbps', 'chol', 'slope', 'thal']"
1313,Naive Bayes,73.55728587,75.88430116,75.77205882,75.63973991,"['age', 'trestbps', 'chol', 'ca', 'thal']"
1314,Naive Bayes,67.28476085,68.47901003,73.89705882,70.87515762,"['age', 'trestbps', 'fbs', 'restecg', 'thalach']"
1315,Naive Bayes,69.98665184,70.13524259,78.71323529,73.95378508,"['age', 'trestbps', 'fbs', 'restecg', 'exang']"
1316,Naive Bayes,69.04338154,69.18181818,78.86029412,73.49358674,"['age', 'trestbps', 'fbs', 'restecg', 'oldpeak']"
1317,Naive Bayes,64.693363,67.25718094,69.15441176,68.03656893,"['age', 'trestbps', 'fbs', 'restecg', 'slope']"
1318,Naive Bayes,69.2332221,69.68486781,77.53676471,73.14241976,"['age', 'trestbps', 'fbs', 'restecg', 'ca']"
1319,Naive Bayes,72.53429737,74.7893324,75.625,74.79168672,"['age', 'trestbps', 'fbs', 'restecg', 'thal']"
1320,Naive Bayes,71.36522062,72.8253784,76.43382353,74.48338616,"['age', 'trestbps', 'fbs', 'thalach', 'exang']"
1321,Naive Bayes,71.10938079,71.33964814,78.41911765,74.43016583,"['age', 'trestbps', 'fbs', 'thalach', 'oldpeak']"
1322,Naive Bayes,70.97664071,73.48665782,73.93382353,73.47804649,"['age', 'trestbps', 'fbs', 'thalach', 'slope']"
1323,Naive Bayes,71.32295143,72.98735905,75.84558824,74.07843137,"['age', 'trestbps', 'fbs', 'thalach', 'ca']"
1324,Naive Bayes,72.32220986,76.21994182,71.61764706,73.63961039,"['age', 'trestbps', 'fbs', 'thalach', 'thal']"
1325,Naive Bayes,75.91360771,76.96319229,80.11029412,78.19964013,"['age', 'trestbps', 'fbs', 'exang', 'oldpeak']"
1326,Naive Bayes,73.30218762,73.79318394,79.375,76.25052684,"['age', 'trestbps', 'fbs', 'exang', 'slope']"
1327,Naive Bayes,73.97960697,76.81691361,75.80882353,76.13679934,"['age', 'trestbps', 'fbs', 'exang', 'ca']"
1328,Naive Bayes,73.5902855,76.73327408,73.86029412,75.07968222,"['age', 'trestbps', 'fbs', 'exang', 'thal']"
1329,Naive Bayes,71.65628476,71.76949057,79.44852941,75.16764862,"['age', 'trestbps', 'fbs', 'oldpeak', 'slope']"
1330,Naive Bayes,72.29143493,72.00710186,83.08823529,76.7492166,"['age', 'trestbps', 'fbs', 'oldpeak', 'ca']"
1331,Naive Bayes,75.29291806,77.22530213,78.19852941,77.40135629,"['age', 'trestbps', 'fbs', 'oldpeak', 'thal']"
1332,Naive Bayes,73.56952169,74.37025255,80.58823529,76.81420958,"['age', 'trestbps', 'fbs', 'slope', 'ca']"
1333,Naive Bayes,72.62328513,75.95846091,73.89705882,74.40498558,"['age', 'trestbps', 'fbs', 'slope', 'thal']"
1334,Naive Bayes,74.18094179,77.09627954,75.11029412,75.90415375,"['age', 'trestbps', 'fbs', 'ca', 'thal']"
1335,Naive Bayes,73.03262885,74.03022876,78.34558824,76.01082509,"['age', 'trestbps', 'restecg', 'thalach', 'exang']"
1336,Naive Bayes,73.06637004,73.66187807,79.08088235,75.95244629,"['age', 'trestbps', 'restecg', 'thalach', 'oldpeak']"
1337,Naive Bayes,70.99962922,73.00081699,73.97058824,73.37724642,"['age', 'trestbps', 'restecg', 'thalach', 'slope']"
1338,Naive Bayes,73.27919911,74.48459384,78.27205882,76.15016954,"['age', 'trestbps', 'restecg', 'thalach', 'ca']"
1339,Naive Bayes,74.29069336,77.6151871,74.63235294,75.80011064,"['age', 'trestbps', 'restecg', 'thalach', 'thal']"
1340,Naive Bayes,75.26918799,76.07774338,80.11029412,77.69822839,"['age', 'trestbps', 'restecg', 'exang', 'oldpeak']"
1341,Naive Bayes,73.63477938,74.3015873,79.44852941,76.59361416,"['age', 'trestbps', 'restecg', 'exang', 'slope']"
1342,Naive Bayes,73.30144605,75.53281488,76.43382353,75.78473745,"['age', 'trestbps', 'restecg', 'exang', 'ca']"
1343,Naive Bayes,74.27994067,77.24032508,75.18382353,75.8544872,"['age', 'trestbps', 'restecg', 'exang', 'thal']"
1344,Naive Bayes,71.36670374,72.0524043,78.93382353,74.91451222,"['age', 'trestbps', 'restecg', 'oldpeak', 'slope']"
1345,Naive Bayes,72.01334816,72.48648705,81.32352941,76.15371445,"['age', 'trestbps', 'restecg', 'oldpeak', 'ca']"
1346,Naive Bayes,74.39191694,75.04255793,79.55882353,76.95274764,"['age', 'trestbps', 'restecg', 'oldpeak', 'thal']"
1347,Naive Bayes,72.23470523,73.36470893,79.44852941,75.84023089,"['age', 'trestbps', 'restecg', 'slope', 'ca']"
1348,Naive Bayes,71.66703745,74.56482458,73.38235294,73.59965418,"['age', 'trestbps', 'restecg', 'slope', 'thal']"
1349,Naive Bayes,73.16870597,75.79451079,75.77205882,75.46463277,"['age', 'trestbps', 'restecg', 'ca', 'thal']"
1350,Naive Bayes,77.29217649,78.81267507,80.18382353,79.27699364,"['age', 'trestbps', 'thalach', 'exang', 'oldpeak']"
1351,Naive Bayes,74.99110122,75.60457516,80.07352941,77.6722153,"['age', 'trestbps', 'thalach', 'exang', 'slope']"
1352,Naive Bayes,74.63477938,76.77287582,77.05882353,76.83593217,"['age', 'trestbps', 'thalach', 'exang', 'ca']"
1353,Naive Bayes,76.24768261,78.97621363,77.57352941,77.9909469,"['age', 'trestbps', 'thalach', 'exang', 'thal']"
1354,Naive Bayes,74.38969225,75.09910192,79.55882353,77.12248017,"['age', 'trestbps', 'thalach', 'oldpeak', 'slope']"
1355,Naive Bayes,74.3129403,74.57378741,80.73529412,77.37135264,"['age', 'trestbps', 'thalach', 'oldpeak', 'ca']"
1356,Naive Bayes,75.03559511,76.45105411,78.30882353,77.19252369,"['age', 'trestbps', 'thalach', 'oldpeak', 'thal']"
1357,Naive Bayes,73.89136077,74.55366357,79.41176471,76.77497666,"['age', 'trestbps', 'thalach', 'slope', 'ca']"
1358,Naive Bayes,74.60252132,77.90262515,75.11029412,76.09382424,"['age', 'trestbps', 'thalach', 'slope', 'thal']"
1359,Naive Bayes,77.8613274,81.03396359,77.61029412,79.08220796,"['age', 'trestbps', 'thalach', 'ca', 'thal']"
1360,Naive Bayes,75.63626251,76.65081208,79.52205882,77.8177335,"['age', 'trestbps', 'exang', 'oldpeak', 'slope']"
1361,Naive Bayes,75.56952169,78.21362229,77.64705882,77.75128385,"['age', 'trestbps', 'exang', 'oldpeak', 'ca']"
1362,Naive Bayes,77.24916574,79.28613814,78.86029412,78.77223612,"['age', 'trestbps', 'exang', 'oldpeak', 'thal']"
1363,Naive Bayes,72.69002595,74.60041034,76.43382353,75.36466556,"['age', 'trestbps', 'exang', 'slope', 'ca']"
1364,Naive Bayes,76.58175751,78.94475867,78.19852941,78.14445518,"['age', 'trestbps', 'exang', 'slope', 'thal']"
1365,Naive Bayes,78.20615499,83.11309524,76.39705882,79.20544079,"['age', 'trestbps', 'exang', 'ca', 'thal']"
1366,Naive Bayes,74.00185391,74.10613488,81.32352941,77.25899616,"['age', 'trestbps', 'oldpeak', 'slope', 'ca']"
1367,Naive Bayes,76.65999258,77.30107745,80.69852941,78.69951787,"['age', 'trestbps', 'oldpeak', 'slope', 'thal']"
1368,Naive Bayes,77.55024101,78.48297214,81.875,79.92273691,"['age', 'trestbps', 'oldpeak', 'ca', 'thal']"
1369,Naive Bayes,76.83908046,79.37803644,78.78676471,78.65160223,"['age', 'trestbps', 'slope', 'ca', 'thal']"
1370,Naive Bayes,67.3192436,68.86475045,73.30882353,70.72282887,"['age', 'chol', 'fbs', 'restecg', 'thalach']"
1371,Naive Bayes,69.39747868,68.67232699,80.66176471,74.12521416,"['age', 'chol', 'fbs', 'restecg', 'exang']"
1372,Naive Bayes,68.06488691,67.43510286,81.94852941,73.69305937,"['age', 'chol', 'fbs', 'restecg', 'oldpeak']"
1373,Naive Bayes,66.70856507,69.34779965,69.11764706,68.96957923,"['age', 'chol', 'fbs', 'restecg', 'slope']"
1374,Naive Bayes,69.24471635,69.04477102,80.03676471,73.83137391,"['age', 'chol', 'fbs', 'restecg', 'ca']"
1375,Naive Bayes,71.22321098,73.38123327,75.03676471,73.6325563,"['age', 'chol', 'fbs', 'restecg', 'thal']"
1376,Naive Bayes,72.07638116,72.50219298,78.97058824,75.48850101,"['age', 'chol', 'fbs', 'thalach', 'exang']"
1377,Naive Bayes,71.75454208,71.59590822,80.25735294,75.34051287,"['age', 'chol', 'fbs', 'thalach', 'oldpeak']"
1378,Naive Bayes,71.3444568,73.57249742,74.52205882,73.78524649,"['age', 'chol', 'fbs', 'thalach', 'slope']"
1379,Naive Bayes,71.31145717,72.49926901,76.47058824,74.20882072,"['age', 'chol', 'fbs', 'thalach', 'ca']"
1380,Naive Bayes,73.95736003,77.43044357,73.97058824,75.42659369,"['age', 'chol', 'fbs', 'thalach', 'thal']"
1381,Naive Bayes,74.96811272,75.80516856,79.55882353,77.36801574,"['age', 'chol', 'fbs', 'exang', 'oldpeak']"
1382,Naive Bayes,71.75528365,71.73332842,80.07352941,75.55035177,"['age', 'chol', 'fbs', 'exang', 'slope']"
1383,Naive Bayes,73.66777901,76.13575606,76.47058824,76.06405693,"['age', 'chol', 'fbs', 'exang', 'ca']"
1384,Naive Bayes,73.61253244,77.13003096,73.30882353,74.98958821,"['age', 'chol', 'fbs', 'exang', 'thal']"
1385,Naive Bayes,71.67779014,71.69866735,79.48529412,75.11880982,"['age', 'chol', 'fbs', 'oldpeak', 'slope']"
1386,Naive Bayes,73.31368187,73.09303071,82.53676471,77.02117833,"['age', 'chol', 'fbs', 'oldpeak', 'ca']"
1387,Naive Bayes,76.23915462,78.09114935,78.78676471,78.14125974,"['age', 'chol', 'fbs', 'oldpeak', 'thal']"
1388,Naive Bayes,72.9243604,73.16735019,81.25,76.59406379,"['age', 'chol', 'fbs', 'slope', 'ca']"
1389,Naive Bayes,72.33444568,76.36096016,72.16911765,73.7052874,"['age', 'chol', 'fbs', 'slope', 'thal']"
1390,Naive Bayes,73.85836114,76.36663852,75.69852941,75.63235043,"['age', 'chol', 'fbs', 'ca', 'thal']"
1391,Naive Bayes,72.05339266,72.66339869,78.38235294,75.34139716,"['age', 'chol', 'restecg', 'thalach', 'exang']"
1392,Naive Bayes,73.72228402,73.42622461,82.09558824,77.16921688,"['age', 'chol', 'restecg', 'thalach', 'oldpeak']"
1393,Naive Bayes,70.6555432,72.88382722,73.34558824,72.90064267,"['age', 'chol', 'restecg', 'thalach', 'slope']"
1394,Naive Bayes,72.27845755,73.07309942,78.27205882,75.29535684,"['age', 'chol', 'restecg', 'thalach', 'ca']"
1395,Naive Bayes,74.90285502,77.64437442,75.77205882,76.42399455,"['age', 'chol', 'restecg', 'thalach', 'thal']"
1396,Naive Bayes,74.6240267,75.08879429,80.14705882,77.25839007,"['age', 'chol', 'restecg', 'exang', 'oldpeak']"
1397,Naive Bayes,73.04560623,74.08902157,77.68382353,75.62532836,"['age', 'chol', 'restecg', 'exang', 'slope']"
1398,Naive Bayes,73.99035966,75.09760922,78.89705882,76.79401269,"['age', 'chol', 'restecg', 'exang', 'ca']"
1399,Naive Bayes,73.61253244,76.24761517,75.14705882,75.54204612,"['age', 'chol', 'restecg', 'exang', 'thal']"
1400,Naive Bayes,70.98961809,71.49787738,79.48529412,74.88746063,"['age', 'chol', 'restecg', 'oldpeak', 'slope']"
1401,Naive Bayes,74.93733778,73.94423636,85.51470588,78.92071802,"['age', 'chol', 'restecg', 'oldpeak', 'ca']"
1402,Naive Bayes,76.31664813,77.12998796,80.69852941,78.67585793,"['age', 'chol', 'restecg', 'oldpeak', 'thal']"
1403,Naive Bayes,71.55728587,72.87433155,78.19852941,74.98383341,"['age', 'chol', 'restecg', 'slope', 'ca']"
1404,Naive Bayes,73.27919911,77.63430116,72.13235294,74.53206414,"['age', 'chol', 'restecg', 'slope', 'thal']"
1405,Naive Bayes,73.54653319,75.74509804,75.77205882,75.55883174,"['age', 'chol', 'restecg', 'ca', 'thal']"
1406,Naive Bayes,76.31368187,77.97152194,79.00735294,78.23858092,"['age', 'chol', 'thalach', 'exang', 'oldpeak']"
1407,Naive Bayes,74.03411198,74.5870313,79.52205882,76.87009679,"['age', 'chol', 'thalach', 'exang', 'slope']"
1408,Naive Bayes,73.69002595,76.00567595,75.91911765,75.82114312,"['age', 'chol', 'thalach', 'exang', 'ca']"
1409,Naive Bayes,73.33296255,76.00715023,75.22058824,75.42027417,"['age', 'chol', 'thalach', 'exang', 'thal']"
1410,Naive Bayes,73.34519837,73.94494201,78.93382353,76.12533924,"['age', 'chol', 'thalach', 'oldpeak', 'slope']"
1411,Naive Bayes,73.96885428,74.70510054,80.14705882,77.00422269,"['age', 'chol', 'thalach', 'oldpeak', 'ca']"
1412,Naive Bayes,73.99035966,75.21354858,78.27205882,76.48349618,"['age', 'chol', 'thalach', 'oldpeak', 'thal']"
1413,Naive Bayes,71.60029663,72.17327633,78.86029412,75.15393803,"['age', 'chol', 'thalach', 'slope', 'ca']"
1414,Naive Bayes,73.27845755,76.67525148,73.89705882,74.79868586,"['age', 'chol', 'thalach', 'slope', 'thal']"
1415,Naive Bayes,77.83982202,80.57481326,78.16176471,79.16043602,"['age', 'chol', 'thalach', 'ca', 'thal']"
1416,Naive Bayes,75.66852058,77.21253501,78.97058824,77.74260452,"['age', 'chol', 'exang', 'oldpeak', 'slope']"
1417,Naive Bayes,74.61327401,76.89696054,77.09558824,76.81577088,"['age', 'chol', 'exang', 'oldpeak', 'ca']"
1418,Naive Bayes,76.26992955,78.54621849,77.72058824,77.83518774,"['age', 'chol', 'exang', 'oldpeak', 'thal']"
1419,Naive Bayes,74.36892844,76.58723402,77.09558824,76.59610027,"['age', 'chol', 'exang', 'slope', 'ca']"
1420,Naive Bayes,74.93659622,78.20179739,75.14705882,76.21959537,"['age', 'chol', 'exang', 'slope', 'thal']"
1421,Naive Bayes,77.90507972,81.96711377,77.05882353,79.15298861,"['age', 'chol', 'exang', 'ca', 'thal']"
1422,Naive Bayes,72.66852058,72.23783671,81.91176471,76.41640228,"['age', 'chol', 'oldpeak', 'slope', 'ca']"
1423,Naive Bayes,75.99332592,76.84659424,80.03676471,78.09894348,"['age', 'chol', 'oldpeak', 'slope', 'thal']"
1424,Naive Bayes,78.85131628,79.32598039,83.67647059,81.26689275,"['age', 'chol', 'oldpeak', 'ca', 'thal']"
1425,Naive Bayes,77.16240267,78.49420828,79.92647059,78.95011856,"['age', 'chol', 'slope', 'ca', 'thal']"
1426,Naive Bayes,72.36522062,72.89576883,78.93382353,75.70837836,"['age', 'fbs', 'restecg', 'thalach', 'exang']"
1427,Naive Bayes,72.38820912,72.50714996,80.22058824,75.7715742,"['age', 'fbs', 'restecg', 'thalach', 'oldpeak']"
1428,Naive Bayes,72.35595106,75.28508772,73.38235294,74.12222707,"['age', 'fbs', 'restecg', 'thalach', 'slope']"
1429,Naive Bayes,72.2899518,73.01899356,78.27205882,75.36111369,"['age', 'fbs', 'restecg', 'thalach', 'ca']"
1430,Naive Bayes,72.93437152,76.83186993,72.13235294,74.24629278,"['age', 'fbs', 'restecg', 'thalach', 'thal']"
1431,Naive Bayes,74.95736003,75.52997076,80.14705882,77.4856628,"['age', 'fbs', 'restecg', 'exang', 'oldpeak']"
1432,Naive Bayes,73.35669262,74.2391088,78.86029412,76.30711642,"['age', 'fbs', 'restecg', 'exang', 'slope']"
1433,Naive Bayes,74.00185391,76.41658681,77.09558824,76.46477516,"['age', 'fbs', 'restecg', 'exang', 'ca']"
1434,Naive Bayes,73.60177976,77.25106271,73.30882353,74.9754789,"['age', 'fbs', 'restecg', 'exang', 'thal']"
1435,Naive Bayes,71.30070449,72.0683298,78.86029412,74.91905996,"['age', 'fbs', 'restecg', 'oldpeak', 'slope']"
1436,Naive Bayes,72.65776789,72.25383389,82.53676471,76.6010086,"['age', 'fbs', 'restecg', 'oldpeak', 'ca']"
1437,Naive Bayes,74.32665925,75.74237678,78.23529412,76.72513476,"['age', 'fbs', 'restecg', 'oldpeak', 'thal']"
1438,Naive Bayes,70.93437152,73.53508772,75.22058824,73.78872247,"['age', 'fbs', 'restecg', 'slope', 'ca']"
1439,Naive Bayes,72.99110122,76.86915866,72.16911765,74.11404326,"['age', 'fbs', 'restecg', 'slope', 'thal']"
1440,Naive Bayes,73.84760845,76.79408582,74.48529412,75.26038156,"['age', 'fbs', 'restecg', 'ca', 'thal']"
1441,Naive Bayes,77.61475714,78.91417269,80.77205882,79.62814065,"['age', 'fbs', 'thalach', 'exang', 'oldpeak']"
1442,Naive Bayes,74.32369299,74.46787926,80.69852941,77.3417998,"['age', 'fbs', 'thalach', 'exang', 'slope']"
1443,Naive Bayes,75.32517612,77.31372549,77.72058824,77.33094704,"['age', 'fbs', 'thalach', 'exang', 'ca']"
1444,Naive Bayes,72.6555432,75.85042735,73.41911765,74.45693026,"['age', 'fbs', 'thalach', 'exang', 'thal']"
1445,Naive Bayes,74.35669262,74.75726694,80.18382353,77.13068684,"['age', 'fbs', 'thalach', 'oldpeak', 'slope']"
1446,Naive Bayes,74.96959585,75.48683429,81.36029412,78.02166603,"['age', 'fbs', 'thalach', 'oldpeak', 'ca']"
1447,Naive Bayes,72.70077864,74.17024792,76.50735294,75.02828946,"['age', 'fbs', 'thalach', 'oldpeak', 'thal']"
1448,Naive Bayes,73.59102707,74.12641899,80.07352941,76.75821352,"['age', 'fbs', 'thalach', 'slope', 'ca']"
1449,Naive Bayes,74.30218762,77.07897194,75.73529412,75.90030544,"['age', 'fbs', 'thalach', 'slope', 'thal']"
1450,Naive Bayes,75.84983315,79.78937729,74.48529412,76.80335081,"['age', 'fbs', 'thalach', 'ca', 'thal']"
1451,Naive Bayes,75.64627364,76.91421569,79.55882353,77.9185576,"['age', 'fbs', 'exang', 'oldpeak', 'slope']"
1452,Naive Bayes,75.92510197,78.62635614,77.68382353,77.9136951,"['age', 'fbs', 'exang', 'oldpeak', 'ca']"
1453,Naive Bayes,76.5925102,78.61157796,78.30882353,78.15451547,"['age', 'fbs', 'exang', 'oldpeak', 'thal']"
1454,Naive Bayes,73.66852058,75.10139933,78.27205882,76.41212238,"['age', 'fbs', 'exang', 'slope', 'ca']"
1455,Naive Bayes,76.27067112,79.14655606,76.98529412,77.65871543,"['age', 'fbs', 'exang', 'slope', 'thal']"
1456,Naive Bayes,78.23989618,83.12054367,76.39705882,79.14836078,"['age', 'fbs', 'exang', 'ca', 'thal']"
1457,Naive Bayes,73.6470152,73.31264489,83.125,77.50596231,"['age', 'fbs', 'oldpeak', 'slope', 'ca']"
1458,Naive Bayes,75.97107898,75.97863248,81.875,78.45682485,"['age', 'fbs', 'oldpeak', 'slope', 'thal']"
1459,Naive Bayes,78.55098257,79.35616615,83.08823529,80.91943682,"['age', 'fbs', 'oldpeak', 'ca', 'thal']"
1460,Naive Bayes,77.47348906,79.55909476,79.33823529,79.02356549,"['age', 'fbs', 'slope', 'ca', 'thal']"
1461,Naive Bayes,76.94809047,78.32927908,80.14705882,78.96806059,"['age', 'restecg', 'thalach', 'exang', 'oldpeak']"
1462,Naive Bayes,73.98961809,75.23181115,78.27205882,76.61159794,"['age', 'restecg', 'thalach', 'exang', 'slope']"
1463,Naive Bayes,74.7352614,77.41456583,76.54411765,76.7568036,"['age', 'restecg', 'thalach', 'exang', 'ca']"
1464,Naive Bayes,75.65776789,78.15833702,77.05882353,77.33820318,"['age', 'restecg', 'thalach', 'exang', 'thal']"
1465,Naive Bayes,72.98961809,73.75864053,78.89705882,75.92591211,"['age', 'restecg', 'thalach', 'oldpeak', 'slope']"
1466,Naive Bayes,74.00259548,74.94315259,80.14705882,77.12875863,"['age', 'restecg', 'thalach', 'oldpeak', 'ca']"
1467,Naive Bayes,75.71449759,75.96845054,80.77205882,78.13056458,"['age', 'restecg', 'thalach', 'oldpeak', 'thal']"
1468,Naive Bayes,73.93585465,75.10354317,78.23529412,76.43073468,"['age', 'restecg', 'thalach', 'slope', 'ca']"
1469,Naive Bayes,73.63477938,76.48118411,75.11029412,75.43763265,"['age', 'restecg', 'thalach', 'slope', 'thal']"
1470,Naive Bayes,77.88431591,80.55275444,78.23529412,79.17086527,"['age', 'restecg', 'thalach', 'ca', 'thal']"
1471,Naive Bayes,75.36892844,76.71875248,78.97058824,77.41092859,"['age', 'restecg', 'exang', 'oldpeak', 'slope']"
1472,Naive Bayes,75.26918799,77.73419928,77.68382353,77.47007894,"['age', 'restecg', 'exang', 'oldpeak', 'ca']"
1473,Naive Bayes,76.5925102,78.41503268,78.93382353,78.35000047,"['age', 'restecg', 'exang', 'oldpeak', 'thal']"
1474,Naive Bayes,76.315165,78.62605278,78.86029412,78.4355027,"['age', 'restecg', 'exang', 'slope', 'ca']"
1475,Naive Bayes,76.60400445,79.27727501,77.61029412,78.01522167,"['age', 'restecg', 'exang', 'slope', 'thal']"
1476,Naive Bayes,78.56173526,81.62701484,79.48529412,80.07594031,"['age', 'restecg', 'exang', 'ca', 'thal']"
1477,Naive Bayes,74.28068224,74.87516367,81.28676471,77.54907442,"['age', 'restecg', 'oldpeak', 'slope', 'ca']"
1478,Naive Bayes,74.98183166,76.00466853,79.41176471,77.34263606,"['age', 'restecg', 'oldpeak', 'slope', 'thal']"
1479,Naive Bayes,78.86281053,78.82033515,84.92647059,81.49764537,"['age', 'restecg', 'oldpeak', 'ca', 'thal']"
1480,Naive Bayes,78.54022989,80.78318817,80,80.08182005,"['age', 'restecg', 'slope', 'ca', 'thal']"
1481,Naive Bayes,77.33667037,77.82137943,81.39705882,79.43902018,"['age', 'thalach', 'exang', 'oldpeak', 'slope']"
1482,Naive Bayes,76.5925102,78.98856209,78.27205882,78.51702954,"['age', 'thalach', 'exang', 'oldpeak', 'ca']"
1483,Naive Bayes,77.25917686,79.38643791,78.89705882,79.03191511,"['age', 'thalach', 'exang', 'oldpeak', 'thal']"
1484,Naive Bayes,74.31368187,76.44934641,77.05882353,76.59691555,"['age', 'thalach', 'exang', 'slope', 'ca']"
1485,Naive Bayes,75.64775677,78.76633987,75.84558824,77.1882891,"['age', 'thalach', 'exang', 'slope', 'thal']"
1486,Naive Bayes,77.27141268,80.3897796,78.23529412,79.02756694,"['age', 'thalach', 'exang', 'ca', 'thal']"
1487,Naive Bayes,72.37893956,72.53189793,80.14705882,75.91704529,"['age', 'thalach', 'oldpeak', 'slope', 'ca']"
1488,Naive Bayes,75.33741194,76.47335344,79.44852941,77.66405814,"['age', 'thalach', 'oldpeak', 'slope', 'thal']"
1489,Naive Bayes,76.29440119,77.15402477,80.69852941,78.70447118,"['age', 'thalach', 'oldpeak', 'ca', 'thal']"
1490,Naive Bayes,75.23841305,77.48195338,76.94852941,76.94547227,"['age', 'thalach', 'slope', 'ca', 'thal']"
1491,Naive Bayes,76.59325176,78.36416409,79.44852941,78.76751522,"['age', 'exang', 'oldpeak', 'slope', 'ca']"
1492,Naive Bayes,77.24916574,79.67724458,78.23529412,78.83814904,"['age', 'exang', 'oldpeak', 'slope', 'thal']"
1493,Naive Bayes,76.91583241,79.83965428,77.64705882,78.59224804,"['age', 'exang', 'oldpeak', 'ca', 'thal']"
1494,Naive Bayes,77.26065999,81.28332946,76.36029412,78.40806102,"['age', 'exang', 'slope', 'ca', 'thal']"
1495,Naive Bayes,76.93956248,77.79068098,80.625,78.90514216,"['age', 'oldpeak', 'slope', 'ca', 'thal']"
1496,Naive Bayes,70.90915832,73.52445508,73.23529412,73.04566002,"['sex', 'cp', 'trestbps', 'chol', 'fbs']"
1497,Naive Bayes,72.86540601,74.44079897,77.5,75.32061607,"['sex', 'cp', 'trestbps', 'chol', 'restecg']"
1498,Naive Bayes,75.54505006,76.70229495,79.96323529,77.3730597,"['sex', 'cp', 'trestbps', 'chol', 'thalach']"
1499,Naive Bayes,76.87912495,78.83804487,79.96323529,78.75269098,"['sex', 'cp', 'trestbps', 'chol', 'exang']"
1500,Naive Bayes,78.8383389,79.2659661,83.71323529,80.89519361,"['sex', 'cp', 'trestbps', 'chol', 'oldpeak']"
1501,Naive Bayes,74.54653319,76.14486584,78.125,76.83903221,"['sex', 'cp', 'trestbps', 'chol', 'slope']"
1502,Naive Bayes,76.84760845,79.1507153,80,79.18929582,"['sex', 'cp', 'trestbps', 'chol', 'ca']"
1503,Naive Bayes,77.54801631,83.82034696,73.89705882,77.6796841,"['sex', 'cp', 'trestbps', 'chol', 'thal']"
1504,Naive Bayes,73.8676307,75.84711779,78.05147059,76.49204446,"['sex', 'cp', 'trestbps', 'fbs', 'restecg']"
1505,Naive Bayes,76.56952169,77.74984029,81.17647059,78.99179107,"['sex', 'cp', 'trestbps', 'fbs', 'thalach']"
1506,Naive Bayes,75.87912495,78.80148287,78.08823529,77.71089296,"['sex', 'cp', 'trestbps', 'fbs', 'exang']"
1507,Naive Bayes,79.84983315,80.40938183,84.30147059,81.91223176,"['sex', 'cp', 'trestbps', 'fbs', 'oldpeak']"
1508,Naive Bayes,74.20244716,76.74417662,76.83823529,76.25440004,"['sex', 'cp', 'trestbps', 'fbs', 'slope']"
1509,Naive Bayes,76.16944753,80.19536067,77.5,78.14199302,"['sex', 'cp', 'trestbps', 'fbs', 'ca']"
1510,Naive Bayes,77.87059696,84.62341988,73.86029412,78.00241534,"['sex', 'cp', 'trestbps', 'fbs', 'thal']"
1511,Naive Bayes,77.18020022,77.85961375,82.42647059,79.66790888,"['sex', 'cp', 'trestbps', 'restecg', 'thalach']"
1512,Naive Bayes,74.89988877,76.91759994,79.41176471,77.45055737,"['sex', 'cp', 'trestbps', 'restecg', 'exang']"
1513,Naive Bayes,80.78383389,81.13000119,85.44117647,82.70051607,"['sex', 'cp', 'trestbps', 'restecg', 'oldpeak']"
1514,Naive Bayes,77.12643678,78.93167213,79.88970588,79.02563278,"['sex', 'cp', 'trestbps', 'restecg', 'slope']"
1515,Naive Bayes,76.50278087,78.62006011,80.58823529,79.14358723,"['sex', 'cp', 'trestbps', 'restecg', 'ca']"
1516,Naive Bayes,77.7816092,81.61175941,76.875,78.73863527,"['sex', 'cp', 'trestbps', 'restecg', 'thal']"
1517,Naive Bayes,76.94660734,76.75668338,83.67647059,79.83843943,"['sex', 'cp', 'trestbps', 'thalach', 'exang']"
1518,Naive Bayes,79.59399333,78.08937225,87.94117647,82.50411043,"['sex', 'cp', 'trestbps', 'thalach', 'oldpeak']"
1519,Naive Bayes,74.89061921,74.32785489,83.52941176,78.30695093,"['sex', 'cp', 'trestbps', 'thalach', 'slope']"
1520,Naive Bayes,78.85131628,78.31830696,86.02941176,81.72786055,"['sex', 'cp', 'trestbps', 'thalach', 'ca']"
1521,Naive Bayes,79.8613274,83.19039019,81.72794118,81.51604261,"['sex', 'cp', 'trestbps', 'thalach', 'thal']"
1522,Naive Bayes,78.18094179,77.62950936,84.88970588,80.74970262,"['sex', 'cp', 'trestbps', 'exang', 'oldpeak']"
1523,Naive Bayes,77.2246941,76.98600668,83.63970588,80.00298416,"['sex', 'cp', 'trestbps', 'exang', 'slope']"
1524,Naive Bayes,80.21764924,81.8624871,83.08823529,82.24301842,"['sex', 'cp', 'trestbps', 'exang', 'ca']"
1525,Naive Bayes,77.57026326,79.53914434,80.51470588,79.65555178,"['sex', 'cp', 'trestbps', 'exang', 'thal']"
1526,Naive Bayes,79.54875788,78.30446214,87.27941176,82.37902171,"['sex', 'cp', 'trestbps', 'oldpeak', 'slope']"
1527,Naive Bayes,83.12161661,82.80172859,89.08088235,85.52985842,"['sex', 'cp', 'trestbps', 'oldpeak', 'ca']"
1528,Naive Bayes,79.15090842,79.77259325,82.94117647,81.04865377,"['sex', 'cp', 'trestbps', 'oldpeak', 'thal']"
1529,Naive Bayes,80.45198369,80.05994152,86.58088235,83.02442881,"['sex', 'cp', 'trestbps', 'slope', 'ca']"
1530,Naive Bayes,78.83982202,82.55794369,78.60294118,79.95040953,"['sex', 'cp', 'trestbps', 'slope', 'thal']"
1531,Naive Bayes,79.48424175,82.10550887,81.17647059,81.18205207,"['sex', 'cp', 'trestbps', 'ca', 'thal']"
1532,Naive Bayes,69.90841676,72.04030911,73.86029412,72.53900208,"['sex', 'cp', 'chol', 'fbs', 'restecg']"
1533,Naive Bayes,72.87764182,74.51128936,76.875,74.74748569,"['sex', 'cp', 'chol', 'fbs', 'thalach']"
1534,Naive Bayes,76.27919911,79.4592243,77.57352941,77.9864548,"['sex', 'cp', 'chol', 'fbs', 'exang']"
1535,Naive Bayes,78.87208009,80.56431378,81.875,80.64081745,"['sex', 'cp', 'chol', 'fbs', 'oldpeak']"
1536,Naive Bayes,72.58954394,74.31769374,76.91176471,75.1715273,"['sex', 'cp', 'chol', 'fbs', 'slope']"
1537,Naive Bayes,76.83759733,79.19581343,79.96323529,79.11022825,"['sex', 'cp', 'chol', 'fbs', 'ca']"
1538,Naive Bayes,77.21468298,81.09958016,76.32352941,77.9957119,"['sex', 'cp', 'chol', 'fbs', 'thal']"
1539,Naive Bayes,74.24545792,74.61565786,80.625,76.9834969,"['sex', 'cp', 'chol', 'restecg', 'thalach']"
1540,Naive Bayes,75.28846867,76.94259546,79.44852941,77.76605528,"['sex', 'cp', 'chol', 'restecg', 'exang']"
1541,Naive Bayes,79.49499444,79.48126321,85.44117647,81.86358486,"['sex', 'cp', 'chol', 'restecg', 'oldpeak']"
1542,Naive Bayes,73.86837227,75.46588899,77.53676471,76.27051622,"['sex', 'cp', 'chol', 'restecg', 'slope']"
1543,Naive Bayes,76.88134965,79.07330106,80.07352941,79.1632447,"['sex', 'cp', 'chol', 'restecg', 'ca']"
1544,Naive Bayes,76.558769,80.27027221,75.73529412,77.37051849,"['sex', 'cp', 'chol', 'restecg', 'thal']"
1545,Naive Bayes,75.32295143,75.53784584,81.875,78.40031963,"['sex', 'cp', 'chol', 'thalach', 'exang']"
1546,Naive Bayes,78.58249907,77.70588235,86.13970588,81.41524363,"['sex', 'cp', 'chol', 'thalach', 'oldpeak']"
1547,Naive Bayes,74.90359659,74.46376939,83.52941176,78.34428217,"['sex', 'cp', 'chol', 'thalach', 'slope']"
1548,Naive Bayes,78.17389692,76.8980171,87.24264706,81.48423161,"['sex', 'cp', 'chol', 'thalach', 'ca']"
1549,Naive Bayes,78.88357434,80.7333005,81.80147059,80.60456985,"['sex', 'cp', 'chol', 'thalach', 'thal']"
1550,Naive Bayes,77.55802744,77.26400225,83.71323529,80.09274059,"['sex', 'cp', 'chol', 'exang', 'oldpeak']"
1551,Naive Bayes,77.29217649,77.05589229,83.63970588,80.04107266,"['sex', 'cp', 'chol', 'exang', 'slope']"
1552,Naive Bayes,78.27141268,79.13235294,83.08823529,80.79468044,"['sex', 'cp', 'chol', 'exang', 'ca']"
1553,Naive Bayes,77.26918799,79.8309315,79.375,79.2812607,"['sex', 'cp', 'chol', 'exang', 'thal']"
1554,Naive Bayes,77.23692992,75.90429449,86.06617647,80.47474306,"['sex', 'cp', 'chol', 'oldpeak', 'slope']"
1555,Naive Bayes,82.17612162,82.12168903,87.90441176,84.63603574,"['sex', 'cp', 'chol', 'oldpeak', 'ca']"
1556,Naive Bayes,79.20541342,81.17142971,81.25,80.85596958,"['sex', 'cp', 'chol', 'oldpeak', 'thal']"
1557,Naive Bayes,78.17315536,77.18946542,85.99264706,81.14948278,"['sex', 'cp', 'chol', 'slope', 'ca']"
1558,Naive Bayes,77.83908046,81.82972136,76.80147059,78.75852007,"['sex', 'cp', 'chol', 'slope', 'thal']"
1559,Naive Bayes,77.81535039,80.38472643,79.375,79.49099775,"['sex', 'cp', 'chol', 'ca', 'thal']"
1560,Naive Bayes,74.54653319,74.80523261,81.17647059,77.51089026,"['sex', 'cp', 'fbs', 'restecg', 'thalach']"
1561,Naive Bayes,75.93362996,78.05624355,78.82352941,78.07329946,"['sex', 'cp', 'fbs', 'restecg', 'exang']"
1562,Naive Bayes,80.81757508,80.47819303,86.65441176,82.99902213,"['sex', 'cp', 'fbs', 'restecg', 'oldpeak']"
1563,Naive Bayes,75.21394142,76.73321699,79.92647059,77.83233347,"['sex', 'cp', 'fbs', 'restecg', 'slope']"
1564,Naive Bayes,76.84835002,79.68250338,79.33823529,78.99011082,"['sex', 'cp', 'fbs', 'restecg', 'ca']"
1565,Naive Bayes,76.50278087,80.14168717,76.32352941,77.68913011,"['sex', 'cp', 'fbs', 'restecg', 'thal']"
1566,Naive Bayes,75.63477938,75.92088678,81.83823529,78.60472572,"['sex', 'cp', 'fbs', 'thalach', 'exang']"
1567,Naive Bayes,78.58249907,77.90250135,86.10294118,81.43910225,"['sex', 'cp', 'fbs', 'thalach', 'oldpeak']"
1568,Naive Bayes,75.58101594,75.2536418,83.49264706,78.82003933,"['sex', 'cp', 'fbs', 'thalach', 'slope']"
1569,Naive Bayes,78.495736,77.83684702,85.40441176,81.26037602,"['sex', 'cp', 'fbs', 'thalach', 'ca']"
1570,Naive Bayes,79.87282165,81.96672553,82.35294118,81.58894835,"['sex', 'cp', 'fbs', 'thalach', 'thal']"
1571,Naive Bayes,78.20318873,78.29040404,83.67647059,80.62286296,"['sex', 'cp', 'fbs', 'exang', 'oldpeak']"
1572,Naive Bayes,75.93511309,75.80094733,83.01470588,78.99386673,"['sex', 'cp', 'fbs', 'exang', 'slope']"
1573,Naive Bayes,79.5839822,80.57679739,83.71323529,81.8589251,"['sex', 'cp', 'fbs', 'exang', 'ca']"
1574,Naive Bayes,77.8928439,79.66901447,81.10294118,79.96594314,"['sex', 'cp', 'fbs', 'exang', 'thal']"
1575,Naive Bayes,77.90359659,76.53368046,86.69117647,81.05616757,"['sex', 'cp', 'fbs', 'oldpeak', 'slope']"
1576,Naive Bayes,82.16462736,81.89414606,87.90441176,84.54456728,"['sex', 'cp', 'fbs', 'oldpeak', 'ca']"
1577,Naive Bayes,79.17241379,79.72842032,82.97794118,81.10138796,"['sex', 'cp', 'fbs', 'oldpeak', 'thal']"
1578,Naive Bayes,78.82906934,77.79319623,86.65441176,81.77623121,"['sex', 'cp', 'fbs', 'slope', 'ca']"
1579,Naive Bayes,78.495736,81.33437314,79.19117647,79.69199288,"['sex', 'cp', 'fbs', 'slope', 'thal']"
1580,Naive Bayes,80.48498331,82.00762559,83.60294118,82.39678857,"['sex', 'cp', 'fbs', 'ca', 'thal']"
1581,Naive Bayes,77.00185391,77.24555261,83.125,79.90219651,"['sex', 'cp', 'restecg', 'thalach', 'exang']"
1582,Naive Bayes,81.23989618,79.72136223,89.19117647,83.95223183,"['sex', 'cp', 'restecg', 'thalach', 'oldpeak']"
1583,Naive Bayes,75.58101594,76.27441875,82.31617647,78.63220551,"['sex', 'cp', 'restecg', 'thalach', 'slope']"
1584,Naive Bayes,78.18390805,77.7245442,86.06617647,81.37593329,"['sex', 'cp', 'restecg', 'thalach', 'ca']"
1585,Naive Bayes,79.83982202,81.08324733,83.56617647,81.83020944,"['sex', 'cp', 'restecg', 'thalach', 'thal']"
1586,Naive Bayes,77.23618836,76.98748375,83.71323529,79.89932477,"['sex', 'cp', 'restecg', 'exang', 'oldpeak']"
1587,Naive Bayes,77.98183166,78.20369551,83.63970588,80.6056813,"['sex', 'cp', 'restecg', 'exang', 'slope']"
1588,Naive Bayes,78.57174638,79.78921569,81.875,80.7093971,"['sex', 'cp', 'restecg', 'exang', 'ca']"
1589,Naive Bayes,76.89136077,78.71313701,79.92647059,79.05789678,"['sex', 'cp', 'restecg', 'exang', 'thal']"
1590,Naive Bayes,78.58324064,78.01442052,86.02941176,81.54321146,"['sex', 'cp', 'restecg', 'oldpeak', 'slope']"
1591,Naive Bayes,82.16536893,82.3747678,87.90441176,84.65566351,"['sex', 'cp', 'restecg', 'oldpeak', 'ca']"
1592,Naive Bayes,80.14015573,82.48704383,81.80147059,81.68413869,"['sex', 'cp', 'restecg', 'oldpeak', 'thal']"
1593,Naive Bayes,79.15164998,78.84150327,85.40441176,81.90503892,"['sex', 'cp', 'restecg', 'slope', 'ca']"
1594,Naive Bayes,79.48498331,83.03469694,78.63970588,80.48103353,"['sex', 'cp', 'restecg', 'slope', 'thal']"
1595,Naive Bayes,79.17241379,81.2398035,81.83823529,81.19398764,"['sex', 'cp', 'restecg', 'ca', 'thal']"
1596,Naive Bayes,79.27067112,78.30774854,86.21323529,81.88338158,"['sex', 'cp', 'thalach', 'exang', 'oldpeak']"
1597,Naive Bayes,76.32443456,76.59131898,81.91176471,79.00507173,"['sex', 'cp', 'thalach', 'exang', 'slope']"
1598,Naive Bayes,79.28290693,80.0506106,83.71323529,81.63648006,"['sex', 'cp', 'thalach', 'exang', 'ca']"
1599,Naive Bayes,79.23767149,80.80047404,82.35294118,81.20091211,"['sex', 'cp', 'thalach', 'exang', 'thal']"
1600,Naive Bayes,77.22617723,76.37492573,85.44117647,80.42467483,"['sex', 'cp', 'thalach', 'oldpeak', 'slope']"
1601,Naive Bayes,81.84278828,80.07791538,90.33088235,84.71543277,"['sex', 'cp', 'thalach', 'oldpeak', 'ca']"
1602,Naive Bayes,83.16462736,84.02057463,86.61764706,84.85871592,"['sex', 'cp', 'thalach', 'oldpeak', 'thal']"
1603,Naive Bayes,77.50574713,77.28061576,84.15441176,80.37121569,"['sex', 'cp', 'thalach', 'slope', 'ca']"
1604,Naive Bayes,79.81757508,82.23542312,81.06617647,81.19470929,"['sex', 'cp', 'thalach', 'slope', 'thal']"
1605,Naive Bayes,81.49721913,82.60544633,85.33088235,83.39373698,"['sex', 'cp', 'thalach', 'ca', 'thal']"
1606,Naive Bayes,79.20467186,79.84880565,83.05147059,81.13449607,"['sex', 'cp', 'exang', 'oldpeak', 'slope']"
1607,Naive Bayes,79.52799407,80.09864121,83.75,81.68766446,"['sex', 'cp', 'exang', 'oldpeak', 'ca']"
1608,Naive Bayes,81.17315536,82.75158484,83.63970588,82.86468854,"['sex', 'cp', 'exang', 'oldpeak', 'thal']"
1609,Naive Bayes,78.23767149,79.81447392,81.83823529,80.46537685,"['sex', 'cp', 'exang', 'slope', 'ca']"
1610,Naive Bayes,77.58101594,80.28403949,79.33823529,79.37067684,"['sex', 'cp', 'exang', 'slope', 'thal']"
1611,Naive Bayes,79.83982202,82.10915156,82.35294118,81.78794739,"['sex', 'cp', 'exang', 'ca', 'thal']"
1612,Naive Bayes,78.82832777,78.82189542,84.77941176,81.53072212,"['sex', 'cp', 'oldpeak', 'slope', 'ca']"
1613,Naive Bayes,80.495736,83.18902649,81.13970588,81.90802132,"['sex', 'cp', 'oldpeak', 'slope', 'thal']"
1614,Naive Bayes,81.47497219,82.57033571,84.85294118,83.46281409,"['sex', 'cp', 'oldpeak', 'ca', 'thal']"
1615,Naive Bayes,81.83129403,84.04603893,84.19117647,83.5576639,"['sex', 'cp', 'slope', 'ca', 'thal']"
1616,Naive Bayes,61.92547275,65.65659388,63.52941176,64.28575791,"['sex', 'trestbps', 'chol', 'fbs', 'restecg']"
1617,Naive Bayes,74.14645903,74.57844366,80.40441176,77.0794947,"['sex', 'trestbps', 'chol', 'fbs', 'thalach']"
1618,Naive Bayes,69.34223211,69.35142055,78.75,73.61965293,"['sex', 'trestbps', 'chol', 'fbs', 'exang']"
1619,Naive Bayes,71.621802,70.42724458,83.05147059,76.06280528,"['sex', 'trestbps', 'chol', 'fbs', 'oldpeak']"
1620,Naive Bayes,70.94438265,72.48252879,76.25,73.93892269,"['sex', 'trestbps', 'chol', 'fbs', 'slope']"
1621,Naive Bayes,71.85836114,72.06003199,79.88970588,75.53458766,"['sex', 'trestbps', 'chol', 'fbs', 'ca']"
1622,Naive Bayes,71.5105673,75.79436766,73.82352941,73.93299049,"['sex', 'trestbps', 'chol', 'fbs', 'thal']"
1623,Naive Bayes,73.19169448,73.60186058,79.92647059,76.33019919,"['sex', 'trestbps', 'chol', 'restecg', 'thalach']"
1624,Naive Bayes,70.64256581,70.35412953,80.625,74.94997294,"['sex', 'trestbps', 'chol', 'restecg', 'exang']"
1625,Naive Bayes,72.2899518,71.26874785,83.125,76.52123208,"['sex', 'trestbps', 'chol', 'restecg', 'oldpeak']"
1626,Naive Bayes,70.58880237,72.1767828,76.28676471,73.87947276,"['sex', 'trestbps', 'chol', 'restecg', 'slope']"
1627,Naive Bayes,73.51427512,73.61118929,81.76470588,77.27018908,"['sex', 'trestbps', 'chol', 'restecg', 'ca']"
1628,Naive Bayes,69.20949203,73.12963181,72.57352941,72.09698223,"['sex', 'trestbps', 'chol', 'restecg', 'thal']"
1629,Naive Bayes,73.94512421,73.97528748,81.21323529,77.27119179,"['sex', 'trestbps', 'chol', 'thalach', 'exang']"
1630,Naive Bayes,73.34519837,72.65298943,81.98529412,76.83836597,"['sex', 'trestbps', 'chol', 'thalach', 'oldpeak']"
1631,Naive Bayes,71.32220986,72.40191778,77.61029412,74.58220278,"['sex', 'trestbps', 'chol', 'thalach', 'slope']"
1632,Naive Bayes,76.49351131,76.55830753,82.97794118,79.42038963,"['sex', 'trestbps', 'chol', 'thalach', 'ca']"
1633,Naive Bayes,75.50352243,78.6701901,76.25,77.11326167,"['sex', 'trestbps', 'chol', 'thalach', 'thal']"
1634,Naive Bayes,75.21319985,76.1580889,80.11029412,77.549021,"['sex', 'trestbps', 'chol', 'exang', 'oldpeak']"
1635,Naive Bayes,73.94586578,75.00882722,79.33823529,76.77794965,"['sex', 'trestbps', 'chol', 'exang', 'slope']"
1636,Naive Bayes,72.63403782,73.8024043,78.27205882,75.73809658,"['sex', 'trestbps', 'chol', 'exang', 'ca']"
1637,Naive Bayes,74.95661846,80.2666111,73.34558824,75.97093567,"['sex', 'trestbps', 'chol', 'exang', 'thal']"
1638,Naive Bayes,73.25695217,72.77401838,81.83823529,76.77962268,"['sex', 'trestbps', 'chol', 'oldpeak', 'slope']"
1639,Naive Bayes,73.98034854,73.35592268,82.57352941,77.32339732,"['sex', 'trestbps', 'chol', 'oldpeak', 'ca']"
1640,Naive Bayes,75.58101594,78.7276605,75.77205882,76.78438703,"['sex', 'trestbps', 'chol', 'oldpeak', 'thal']"
1641,Naive Bayes,74.4705228,74.81895275,81.76470588,77.77729384,"['sex', 'trestbps', 'chol', 'slope', 'ca']"
1642,Naive Bayes,74.18094179,79.16197309,72.61029412,75.2152763,"['sex', 'trestbps', 'chol', 'slope', 'thal']"
1643,Naive Bayes,75.43678161,78.77144785,76.91176471,77.32288301,"['sex', 'trestbps', 'chol', 'ca', 'thal']"
1644,Naive Bayes,71.24545792,72.08462102,78.05147059,74.49079467,"['sex', 'trestbps', 'fbs', 'restecg', 'thalach']"
1645,Naive Bayes,69.62031887,69.84901257,78.71323529,73.77029535,"['sex', 'trestbps', 'fbs', 'restecg', 'exang']"
1646,Naive Bayes,70.96737115,69.77485273,83.08823529,75.70180239,"['sex', 'trestbps', 'fbs', 'restecg', 'oldpeak']"
1647,Naive Bayes,72.54579162,74.123557,77.42647059,75.36899755,"['sex', 'trestbps', 'fbs', 'restecg', 'slope']"
1648,Naive Bayes,73.81535039,73.0687732,83.52941176,77.75494496,"['sex', 'trestbps', 'fbs', 'restecg', 'ca']"
1649,Naive Bayes,71.52206155,75.38136154,73.82352941,73.9838346,"['sex', 'trestbps', 'fbs', 'restecg', 'thal']"
1650,Naive Bayes,74.5902855,74.56667404,81.76470588,77.79381034,"['sex', 'trestbps', 'fbs', 'thalach', 'exang']"
1651,Naive Bayes,73.33444568,73.15633111,80.73529412,76.57061325,"['sex', 'trestbps', 'fbs', 'thalach', 'oldpeak']"
1652,Naive Bayes,72.60103819,73.68660287,78.19852941,75.58521595,"['sex', 'trestbps', 'fbs', 'thalach', 'slope']"
1653,Naive Bayes,76.82684464,76.63588506,83.60294118,79.72010951,"['sex', 'trestbps', 'fbs', 'thalach', 'ca']"
1654,Naive Bayes,75.85836114,80.11851792,75.07352941,77.10206123,"['sex', 'trestbps', 'fbs', 'thalach', 'thal']"
1655,Naive Bayes,74.21171672,75.0977911,79.48529412,76.73050642,"['sex', 'trestbps', 'fbs', 'exang', 'oldpeak']"
1656,Naive Bayes,74.92584353,75.16993464,81.13970588,77.71594853,"['sex', 'trestbps', 'fbs', 'exang', 'slope']"
1657,Naive Bayes,73.27919911,74.73786181,78.23529412,76.21603775,"['sex', 'trestbps', 'fbs', 'exang', 'ca']"
1658,Naive Bayes,74.61253244,80.35568869,72.68382353,75.49546729,"['sex', 'trestbps', 'fbs', 'exang', 'thal']"
1659,Naive Bayes,74.24694105,73.785745,82.42647059,77.57935476,"['sex', 'trestbps', 'fbs', 'oldpeak', 'slope']"
1660,Naive Bayes,72.66852058,72.67385092,80.77205882,76.09354045,"['sex', 'trestbps', 'fbs', 'oldpeak', 'ca']"
1661,Naive Bayes,76.24768261,80.03554559,75.77205882,77.43096082,"['sex', 'trestbps', 'fbs', 'oldpeak', 'thal']"
1662,Naive Bayes,75.47126437,75.63881491,83.01470588,78.78916935,"['sex', 'trestbps', 'fbs', 'slope', 'ca']"
1663,Naive Bayes,74.52502781,78.47633034,75.03676471,75.97740168,"['sex', 'trestbps', 'fbs', 'slope', 'thal']"
1664,Naive Bayes,77.10418984,81.03572279,78.125,78.92962258,"['sex', 'trestbps', 'fbs', 'ca', 'thal']"
1665,Naive Bayes,73.92287727,73.53571429,82.38970588,77.4861551,"['sex', 'trestbps', 'restecg', 'thalach', 'exang']"
1666,Naive Bayes,74.95736003,73.86742645,83.82352941,78.29362847,"['sex', 'trestbps', 'restecg', 'thalach', 'oldpeak']"
1667,Naive Bayes,72.61253244,74.05047825,77.57352941,75.47296189,"['sex', 'trestbps', 'restecg', 'thalach', 'slope']"
1668,Naive Bayes,75.504264,75.03615043,83.60294118,78.85743066,"['sex', 'trestbps', 'restecg', 'thalach', 'ca']"
1669,Naive Bayes,75.78086763,78.80945199,76.83823529,77.44316583,"['sex', 'trestbps', 'restecg', 'thalach', 'thal']"
1670,Naive Bayes,76.18094179,76.47858282,81.875,78.58981522,"['sex', 'trestbps', 'restecg', 'exang', 'oldpeak']"
1671,Naive Bayes,73.93511309,74.90771045,79.375,76.78866283,"['sex', 'trestbps', 'restecg', 'exang', 'slope']"
1672,Naive Bayes,73.90211346,75.07850509,79.44852941,76.95538569,"['sex', 'trestbps', 'restecg', 'exang', 'ca']"
1673,Naive Bayes,74.94586578,79.92758411,74.48529412,76.27245242,"['sex', 'trestbps', 'restecg', 'exang', 'thal']"
1674,Naive Bayes,73.58027438,73.75118861,81.80147059,77.12382853,"['sex', 'trestbps', 'restecg', 'oldpeak', 'slope']"
1675,Naive Bayes,74.29217649,73.80756265,83.19852941,77.75567522,"['sex', 'trestbps', 'restecg', 'oldpeak', 'ca']"
1676,Naive Bayes,75.90359659,78.9957265,76.36029412,77.16452166,"['sex', 'trestbps', 'restecg', 'oldpeak', 'thal']"
1677,Naive Bayes,75.18242492,76.70039683,80.03676471,77.93487229,"['sex', 'trestbps', 'restecg', 'slope', 'ca']"
1678,Naive Bayes,74.85836114,81.76743355,71.43382353,75.47820265,"['sex', 'trestbps', 'restecg', 'slope', 'thal']"
1679,Naive Bayes,76.43752317,79.80906641,78.125,78.44409765,"['sex', 'trestbps', 'restecg', 'ca', 'thal']"
1680,Naive Bayes,78.21468298,77.81153251,83.71323529,80.57668067,"['sex', 'trestbps', 'thalach', 'exang', 'oldpeak']"
1681,Naive Bayes,77.25917686,77.46553885,82.42647059,79.62313541,"['sex', 'trestbps', 'thalach', 'exang', 'slope']"
1682,Naive Bayes,76.2246941,76.68537152,81.28676471,78.812187,"['sex', 'trestbps', 'thalach', 'exang', 'ca']"
1683,Naive Bayes,74.91212458,77.87800383,76.91176471,76.97027861,"['sex', 'trestbps', 'thalach', 'exang', 'thal']"
1684,Naive Bayes,75.30292918,74.4437017,83.75,78.48895142,"['sex', 'trestbps', 'thalach', 'oldpeak', 'slope']"
1685,Naive Bayes,77.58249907,77.01818885,84.41176471,80.3325281,"['sex', 'trestbps', 'thalach', 'oldpeak', 'ca']"
1686,Naive Bayes,76.21468298,78.69050076,77.53676471,77.90239204,"['sex', 'trestbps', 'thalach', 'oldpeak', 'thal']"
1687,Naive Bayes,77.18316648,76.8128225,83.63970588,79.86247572,"['sex', 'trestbps', 'thalach', 'slope', 'ca']"
1688,Naive Bayes,75.91583241,78.15014919,78.05147059,77.62579069,"['sex', 'trestbps', 'thalach', 'slope', 'thal']"
1689,Naive Bayes,79.76307008,82.12613122,80.51470588,81.12264671,"['sex', 'trestbps', 'thalach', 'ca', 'thal']"
1690,Naive Bayes,76.19243604,77.42563796,80,78.2616316,"['sex', 'trestbps', 'exang', 'oldpeak', 'slope']"
1691,Naive Bayes,76.48201706,77.74848273,80.625,78.95496184,"['sex', 'trestbps', 'exang', 'oldpeak', 'ca']"
1692,Naive Bayes,79.82906934,82.07622512,81.80147059,81.41535434,"['sex', 'trestbps', 'exang', 'oldpeak', 'thal']"
1693,Naive Bayes,74.88060808,75.92948056,79.375,77.44835799,"['sex', 'trestbps', 'exang', 'slope', 'ca']"
1694,Naive Bayes,75.60326288,78.52329559,76.91176471,77.06702774,"['sex', 'trestbps', 'exang', 'slope', 'thal']"
1695,Naive Bayes,79.495736,82.34531039,79.96323529,80.87628132,"['sex', 'trestbps', 'exang', 'ca', 'thal']"
1696,Naive Bayes,76.57174638,76.55883582,83.05147059,79.40379919,"['sex', 'trestbps', 'oldpeak', 'slope', 'ca']"
1697,Naive Bayes,75.57026326,76.81116836,79.92647059,77.79777143,"['sex', 'trestbps', 'oldpeak', 'slope', 'thal']"
1698,Naive Bayes,78.81757508,80.62009804,81.21323529,80.62798092,"['sex', 'trestbps', 'oldpeak', 'ca', 'thal']"
1699,Naive Bayes,76.80608083,80.59210385,77.53676471,78.47168488,"['sex', 'trestbps', 'slope', 'ca', 'thal']"
1700,Naive Bayes,72.56878013,73.77340741,77.5,75.26337803,"['sex', 'chol', 'fbs', 'restecg', 'thalach']"
1701,Naive Bayes,69.36522062,68.47335194,81.21323529,74.19975721,"['sex', 'chol', 'fbs', 'restecg', 'exang']"
1702,Naive Bayes,71.29996292,69.7986879,84.30147059,76.21293937,"['sex', 'chol', 'fbs', 'restecg', 'oldpeak']"
1703,Naive Bayes,71.27919911,72.05147566,77.46323529,74.36634849,"['sex', 'chol', 'fbs', 'restecg', 'slope']"
1704,Naive Bayes,74.20541342,74.00408497,83.60294118,78.29400093,"['sex', 'chol', 'fbs', 'restecg', 'ca']"
1705,Naive Bayes,69.88913608,73.63980919,70.73529412,71.76152964,"['sex', 'chol', 'fbs', 'restecg', 'thal']"
1706,Naive Bayes,74.65702633,73.84680451,83.125,78.12167119,"['sex', 'chol', 'fbs', 'thalach', 'exang']"
1707,Naive Bayes,74.66777901,73.65867461,83.82352941,78.13497752,"['sex', 'chol', 'fbs', 'thalach', 'oldpeak']"
1708,Naive Bayes,72.34519837,73.13468721,78.89705882,75.45743421,"['sex', 'chol', 'fbs', 'thalach', 'slope']"
1709,Naive Bayes,75.22543567,74.3049625,84.30147059,78.71787873,"['sex', 'chol', 'fbs', 'thalach', 'ca']"
1710,Naive Bayes,75.20318873,79.10062895,75.03676471,76.56957836,"['sex', 'chol', 'fbs', 'thalach', 'thal']"
1711,Naive Bayes,72.92213571,73.4305952,78.89705882,75.65954128,"['sex', 'chol', 'fbs', 'exang', 'oldpeak']"
1712,Naive Bayes,73.34519837,74.58333333,78.19852941,76.14064058,"['sex', 'chol', 'fbs', 'exang', 'slope']"
1713,Naive Bayes,72.63329626,72.98678682,80.14705882,76.18307222,"['sex', 'chol', 'fbs', 'exang', 'ca']"
1714,Naive Bayes,74.2899518,79.00037733,73.34558824,75.39686159,"['sex', 'chol', 'fbs', 'exang', 'thal']"
1715,Naive Bayes,74.58027438,73.69874106,83.67647059,78.09082699,"['sex', 'chol', 'fbs', 'oldpeak', 'slope']"
1716,Naive Bayes,74.61401557,73.67694075,83.78676471,77.91242813,"['sex', 'chol', 'fbs', 'oldpeak', 'ca']"
1717,Naive Bayes,74.90359659,77.8116204,75.73529412,76.22994804,"['sex', 'chol', 'fbs', 'oldpeak', 'thal']"
1718,Naive Bayes,74.84760845,75.09765222,81.17647059,77.8418404,"['sex', 'chol', 'fbs', 'slope', 'ca']"
1719,Naive Bayes,73.24619948,78.62210012,71.43382353,74.24315723,"['sex', 'chol', 'fbs', 'slope', 'thal']"
1720,Naive Bayes,76.4705228,79.64995823,78.16176471,78.32598792,"['sex', 'chol', 'fbs', 'ca', 'thal']"
1721,Naive Bayes,73.29996292,72.55475085,82.5,77.10015464,"['sex', 'chol', 'restecg', 'thalach', 'exang']"
1722,Naive Bayes,75.97960697,74.82201882,84.44852941,79.11002776,"['sex', 'chol', 'restecg', 'thalach', 'oldpeak']"
1723,Naive Bayes,69.65406007,71.15092879,75.80882353,73.05775493,"['sex', 'chol', 'restecg', 'thalach', 'slope']"
1724,Naive Bayes,75.53652206,74.40730559,84.88970588,79.12136402,"['sex', 'chol', 'restecg', 'thalach', 'ca']"
1725,Naive Bayes,76.79310345,79.62627487,78.05147059,78.50634521,"['sex', 'chol', 'restecg', 'thalach', 'thal']"
1726,Naive Bayes,74.2017056,74.04566563,81.91176471,77.23686941,"['sex', 'chol', 'restecg', 'exang', 'oldpeak']"
1727,Naive Bayes,72.97886541,74.49676274,76.98529412,75.52247138,"['sex', 'chol', 'restecg', 'exang', 'slope']"
1728,Naive Bayes,72.30070449,72.76122291,79.48529412,75.78043461,"['sex', 'chol', 'restecg', 'exang', 'ca']"
1729,Naive Bayes,73.30070449,77.79869666,72.72058824,74.57117649,"['sex', 'chol', 'restecg', 'exang', 'thal']"
1730,Naive Bayes,73.26918799,73.18634822,81.21323529,76.64782084,"['sex', 'chol', 'restecg', 'oldpeak', 'slope']"
1731,Naive Bayes,75.59325176,74.58887604,85.58823529,79.2812745,"['sex', 'chol', 'restecg', 'oldpeak', 'ca']"
1732,Naive Bayes,76.21542455,78.80103539,77.53676471,77.68322847,"['sex', 'chol', 'restecg', 'oldpeak', 'thal']"
1733,Naive Bayes,73.20318873,75.08207264,78.19852941,76.19352611,"['sex', 'chol', 'restecg', 'slope', 'ca']"
1734,Naive Bayes,74.20318873,79.67199248,72.02205882,75.10488141,"['sex', 'chol', 'restecg', 'slope', 'thal']"
1735,Naive Bayes,77.16017798,81.64999088,76.32352941,78.25169701,"['sex', 'chol', 'restecg', 'ca', 'thal']"
1736,Naive Bayes,77.87133852,77.22495856,84.30147059,80.39595703,"['sex', 'chol', 'thalach', 'exang', 'oldpeak']"
1737,Naive Bayes,76.28068224,76.61007671,81.80147059,78.81847673,"['sex', 'chol', 'thalach', 'exang', 'slope']"
1738,Naive Bayes,76.26992955,76.21474028,82.5,79.16136151,"['sex', 'chol', 'thalach', 'exang', 'ca']"
1739,Naive Bayes,75.94660734,78.29244066,78.125,77.87551728,"['sex', 'chol', 'thalach', 'exang', 'thal']"
1740,Naive Bayes,74.66926214,74.24753729,82.53676471,77.85911749,"['sex', 'chol', 'thalach', 'oldpeak', 'slope']"
1741,Naive Bayes,77.26065999,77.14767204,83.78676471,80.03081559,"['sex', 'chol', 'thalach', 'oldpeak', 'ca']"
1742,Naive Bayes,77.87208009,80.37927398,78.71323529,79.23923978,"['sex', 'chol', 'thalach', 'oldpeak', 'thal']"
1743,Naive Bayes,76.17167223,76.30629101,83.08823529,79.0374479,"['sex', 'chol', 'thalach', 'slope', 'ca']"
1744,Naive Bayes,74.30367075,76.97519588,75.66176471,75.84045935,"['sex', 'chol', 'thalach', 'slope', 'thal']"
1745,Naive Bayes,78.43974787,81.16363826,79.30147059,79.87836449,"['sex', 'chol', 'thalach', 'ca', 'thal']"
1746,Naive Bayes,76.20318873,77.28396973,80,78.28880418,"['sex', 'chol', 'exang', 'oldpeak', 'slope']"
1747,Naive Bayes,76.14868372,77.09080299,80.625,78.6186364,"['sex', 'chol', 'exang', 'oldpeak', 'ca']"
1748,Naive Bayes,77.48201706,79.35420939,79.96323529,79.24887151,"['sex', 'chol', 'exang', 'oldpeak', 'thal']"
1749,Naive Bayes,75.87059696,78.0715623,78.19852941,77.86229947,"['sex', 'chol', 'exang', 'slope', 'ca']"
1750,Naive Bayes,75.26918799,77.71344857,77.46323529,77.08939228,"['sex', 'chol', 'exang', 'slope', 'thal']"
1751,Naive Bayes,78.15016685,80.56862745,79.33823529,79.58026455,"['sex', 'chol', 'exang', 'ca', 'thal']"
1752,Naive Bayes,75.57100482,76.58680402,80.66176471,78.17379797,"['sex', 'chol', 'oldpeak', 'slope', 'ca']"
1753,Naive Bayes,74.86985539,76.34603116,78.63970588,76.97233762,"['sex', 'chol', 'oldpeak', 'slope', 'thal']"
1754,Naive Bayes,78.1616611,80.71533613,79.375,79.67612364,"['sex', 'chol', 'oldpeak', 'ca', 'thal']"
1755,Naive Bayes,78.13941416,82.97152194,77.53676471,79.34537426,"['sex', 'chol', 'slope', 'ca', 'thal']"
1756,Naive Bayes,72.94438265,72.43715907,81.21323529,76.45450636,"['sex', 'fbs', 'restecg', 'thalach', 'exang']"
1757,Naive Bayes,75.63477938,74.67523253,83.82352941,78.73456167,"['sex', 'fbs', 'restecg', 'thalach', 'oldpeak']"
1758,Naive Bayes,70.61030775,72.29194897,75.77205882,73.70971028,"['sex', 'fbs', 'restecg', 'thalach', 'slope']"
1759,Naive Bayes,75.51501669,74.75033171,84.22794118,78.96232596,"['sex', 'fbs', 'restecg', 'thalach', 'ca']"
1760,Naive Bayes,75.11420096,78.17357071,76.21323529,76.82756492,"['sex', 'fbs', 'restecg', 'thalach', 'thal']"
1761,Naive Bayes,74.2017056,74.12073662,81.25,77.09483436,"['sex', 'fbs', 'restecg', 'exang', 'oldpeak']"
1762,Naive Bayes,73.94660734,75.57187085,77.57352941,76.29664222,"['sex', 'fbs', 'restecg', 'exang', 'slope']"
1763,Naive Bayes,72.62254357,73.02355153,80.11029412,76.19755529,"['sex', 'fbs', 'restecg', 'exang', 'ca']"
1764,Naive Bayes,74.27919911,79.08945492,73.30882353,75.37723367,"['sex', 'fbs', 'restecg', 'exang', 'thal']"
1765,Naive Bayes,74.58101594,74.82583155,81.80147059,77.75068956,"['sex', 'fbs', 'restecg', 'oldpeak', 'slope']"
1766,Naive Bayes,73.30218762,72.35119851,83.78676471,77.25336912,"['sex', 'fbs', 'restecg', 'oldpeak', 'ca']"
1767,Naive Bayes,75.57026326,78.93982553,75.73529412,76.71938074,"['sex', 'fbs', 'restecg', 'oldpeak', 'thal']"
1768,Naive Bayes,74.88134965,75.85747457,80.66176471,77.78378127,"['sex', 'fbs', 'restecg', 'slope', 'ca']"
1769,Naive Bayes,73.93511309,79.64398153,72.68382353,75.18898781,"['sex', 'fbs', 'restecg', 'slope', 'thal']"
1770,Naive Bayes,78.48350019,82.43967763,78.16176471,79.82366739,"['sex', 'fbs', 'restecg', 'ca', 'thal']"
1771,Naive Bayes,77.21542455,76.67118163,83.67647059,79.88934628,"['sex', 'fbs', 'thalach', 'exang', 'oldpeak']"
1772,Naive Bayes,75.61401557,75.88109981,81.17647059,78.19886168,"['sex', 'fbs', 'thalach', 'exang', 'slope']"
1773,Naive Bayes,75.60326288,75.98606811,81.28676471,78.41288911,"['sex', 'fbs', 'thalach', 'exang', 'ca']"
1774,Naive Bayes,74.87986652,77.22888717,77.46323529,77.00767293,"['sex', 'fbs', 'thalach', 'exang', 'thal']"
1775,Naive Bayes,74.65776789,74.54077261,81.94852941,77.66658341,"['sex', 'fbs', 'thalach', 'oldpeak', 'slope']"
1776,Naive Bayes,76.90433815,77.36766995,82.57352941,79.57982674,"['sex', 'fbs', 'thalach', 'oldpeak', 'ca']"
1777,Naive Bayes,75.86985539,79.10192147,76.91176471,77.63371038,"['sex', 'fbs', 'thalach', 'oldpeak', 'thal']"
1778,Naive Bayes,76.8383389,77.08945745,83.05147059,79.51089202,"['sex', 'fbs', 'thalach', 'slope', 'ca']"
1779,Naive Bayes,75.57174638,77.59548381,77.42647059,77.1859341,"['sex', 'fbs', 'thalach', 'slope', 'thal']"
1780,Naive Bayes,78.42899518,81.74264259,78.63970588,79.73309071,"['sex', 'fbs', 'thalach', 'ca', 'thal']"
1781,Naive Bayes,75.51427512,76.10843285,80.58823529,77.9634563,"['sex', 'fbs', 'exang', 'oldpeak', 'slope']"
1782,Naive Bayes,75.80385614,77.29096639,79.375,78.12973409,"['sex', 'fbs', 'exang', 'oldpeak', 'ca']"
1783,Naive Bayes,77.44975899,79.70129505,79.30147059,79.05730063,"['sex', 'fbs', 'exang', 'oldpeak', 'thal']"
1784,Naive Bayes,74.52576937,76.0805445,78.75,77.1501762,"['sex', 'fbs', 'exang', 'slope', 'ca']"
1785,Naive Bayes,74.91360771,78.76872663,75.58823529,76.24730804,"['sex', 'fbs', 'exang', 'slope', 'thal']"
1786,Naive Bayes,77.16091954,80.24815101,78.08823529,78.57311484,"['sex', 'fbs', 'exang', 'ca', 'thal']"
1787,Naive Bayes,77.22766036,77.46827854,83.08823529,79.88154938,"['sex', 'fbs', 'oldpeak', 'slope', 'ca']"
1788,Naive Bayes,74.58101594,75.91691324,79.30147059,76.93625049,"['sex', 'fbs', 'oldpeak', 'slope', 'thal']"
1789,Naive Bayes,77.47200593,80.6390864,78.125,78.92763626,"['sex', 'fbs', 'oldpeak', 'ca', 'thal']"
1790,Naive Bayes,78.11865035,82.29008891,78.05147059,79.34030382,"['sex', 'fbs', 'slope', 'ca', 'thal']"
1791,Naive Bayes,77.83759733,77.47714875,83.67647059,80.17962156,"['sex', 'restecg', 'thalach', 'exang', 'oldpeak']"
1792,Naive Bayes,76.27994067,76.55159718,81.875,78.77909128,"['sex', 'restecg', 'thalach', 'exang', 'slope']"
1793,Naive Bayes,76.61475714,76.40273478,83.08823529,79.51556618,"['sex', 'restecg', 'thalach', 'exang', 'ca']"
1794,Naive Bayes,75.93511309,78.56499327,77.57352941,77.80319324,"['sex', 'restecg', 'thalach', 'exang', 'thal']"
1795,Naive Bayes,75.9810901,76.29943397,81.94852941,78.50788513,"['sex', 'restecg', 'thalach', 'oldpeak', 'slope']"
1796,Naive Bayes,77.60474601,77.41192498,83.78676471,80.22975498,"['sex', 'restecg', 'thalach', 'oldpeak', 'ca']"
1797,Naive Bayes,78.2269188,80.81748489,79.375,79.83548688,"['sex', 'restecg', 'thalach', 'oldpeak', 'thal']"
1798,Naive Bayes,75.57026326,75.58137043,82.53676471,78.45052525,"['sex', 'restecg', 'thalach', 'slope', 'ca']"
1799,Naive Bayes,73.96885428,76.44919786,75.73529412,75.75024082,"['sex', 'restecg', 'thalach', 'slope', 'thal']"
1800,Naive Bayes,78.7730812,82.00221755,79.33823529,80.292484,"['sex', 'restecg', 'thalach', 'ca', 'thal']"
1801,Naive Bayes,76.53726363,76.93247184,81.83823529,78.88002635,"['sex', 'restecg', 'exang', 'oldpeak', 'slope']"
1802,Naive Bayes,76.47126437,77.49358077,80.58823529,78.85036545,"['sex', 'restecg', 'exang', 'oldpeak', 'ca']"
1803,Naive Bayes,79.18390805,81.2323545,81.21323529,80.79491373,"['sex', 'restecg', 'exang', 'oldpeak', 'thal']"
1804,Naive Bayes,75.20393029,76.37028091,79.96323529,77.87959501,"['sex', 'restecg', 'exang', 'slope', 'ca']"
1805,Naive Bayes,74.93585465,77.63299274,77.53676471,76.95504334,"['sex', 'restecg', 'exang', 'slope', 'thal']"
1806,Naive Bayes,78.23841305,81.61081862,78.27205882,79.57173555,"['sex', 'restecg', 'exang', 'ca', 'thal']"
1807,Naive Bayes,77.52799407,77.20311088,84.88970588,80.5451624,"['sex', 'restecg', 'oldpeak', 'slope', 'ca']"
1808,Naive Bayes,76.92732666,78.30990939,81.17647059,79.00396209,"['sex', 'restecg', 'oldpeak', 'slope', 'thal']"
1809,Naive Bayes,79.52873563,81.94060519,80.66176471,81.03281391,"['sex', 'restecg', 'oldpeak', 'ca', 'thal']"
1810,Naive Bayes,78.81831665,82.50322734,79.375,80.34909956,"['sex', 'restecg', 'slope', 'ca', 'thal']"
1811,Naive Bayes,79.21616611,80.13388108,82.46323529,80.99844667,"['sex', 'thalach', 'exang', 'oldpeak', 'slope']"
1812,Naive Bayes,77.81609195,77.60921913,83.63970588,80.4456328,"['sex', 'thalach', 'exang', 'oldpeak', 'ca']"
1813,Naive Bayes,79.81683352,80.00451496,84.26470588,81.88093219,"['sex', 'thalach', 'exang', 'oldpeak', 'thal']"
1814,Naive Bayes,76.57100482,77.76957713,79.96323529,78.7402173,"['sex', 'thalach', 'exang', 'slope', 'ca']"
1815,Naive Bayes,77.21542455,79.95537959,78.08823529,78.6945949,"['sex', 'thalach', 'exang', 'slope', 'thal']"
1816,Naive Bayes,81.83055247,82.82189542,84.81617647,83.70775222,"['sex', 'thalach', 'exang', 'ca', 'thal']"
1817,Naive Bayes,75.92658509,76.23316312,81.875,78.71499605,"['sex', 'thalach', 'oldpeak', 'slope', 'ca']"
1818,Naive Bayes,75.31442343,77.43835692,77.02205882,76.85596072,"['sex', 'thalach', 'oldpeak', 'slope', 'thal']"
1819,Naive Bayes,80.20689655,80.18459752,84.88970588,82.36376197,"['sex', 'thalach', 'oldpeak', 'ca', 'thal']"
1820,Naive Bayes,79.49647757,81.89549099,80.55147059,80.76343167,"['sex', 'thalach', 'slope', 'ca', 'thal']"
1821,Naive Bayes,75.84835002,77.81611362,78.75,77.97610635,"['sex', 'exang', 'oldpeak', 'slope', 'ca']"
1822,Naive Bayes,78.18316648,81.0092643,78.16176471,79.22467163,"['sex', 'exang', 'oldpeak', 'slope', 'thal']"
1823,Naive Bayes,78.49499444,79.95588235,81.21323529,80.47311349,"['sex', 'exang', 'oldpeak', 'ca', 'thal']"
1824,Naive Bayes,77.50574713,80.43114857,78.08823529,78.90901947,"['sex', 'exang', 'slope', 'ca', 'thal']"
1825,Naive Bayes,77.53874676,79.03717108,80.55147059,79.4394485,"['sex', 'oldpeak', 'slope', 'ca', 'thal']"
1826,Naive Bayes,72.87764182,77.56421356,72.09558824,73.90980446,"['cp', 'trestbps', 'chol', 'fbs', 'restecg']"
1827,Naive Bayes,74.26770486,76.31227132,77.61029412,76.52408893,"['cp', 'trestbps', 'chol', 'fbs', 'thalach']"
1828,Naive Bayes,73.9558769,72.68808552,84.30147059,77.88670489,"['cp', 'trestbps', 'chol', 'fbs', 'exang']"
1829,Naive Bayes,77.85910271,76.04858903,87.90441176,81.14808635,"['cp', 'trestbps', 'chol', 'fbs', 'oldpeak']"
1830,Naive Bayes,71.62031887,73.49217741,76.28676471,74.27335164,"['cp', 'trestbps', 'chol', 'fbs', 'slope']"
1831,Naive Bayes,75.59176863,76.23858559,83.125,78.96613364,"['cp', 'trestbps', 'chol', 'fbs', 'ca']"
1832,Naive Bayes,74.54579162,77.27216518,76.32352941,76.22339374,"['cp', 'trestbps', 'chol', 'fbs', 'thal']"
1833,Naive Bayes,74.31219874,76.46486928,78.23529412,76.85788175,"['cp', 'trestbps', 'chol', 'restecg', 'thalach']"
1834,Naive Bayes,74.63403782,75.00445407,81.32352941,77.66820248,"['cp', 'trestbps', 'chol', 'restecg', 'exang']"
1835,Naive Bayes,75.30218762,75.90656076,82.57352941,78.49369643,"['cp', 'trestbps', 'chol', 'restecg', 'oldpeak']"
1836,Naive Bayes,74.35669262,76.51913485,77.61029412,76.75940894,"['cp', 'trestbps', 'chol', 'restecg', 'slope']"
1837,Naive Bayes,74.90285502,76.77913392,80.11029412,77.80843197,"['cp', 'trestbps', 'chol', 'restecg', 'ca']"
1838,Naive Bayes,75.86911383,79.26819311,75.73529412,77.15667395,"['cp', 'trestbps', 'chol', 'restecg', 'thal']"
1839,Naive Bayes,74.65628476,73.87358101,83.125,78.176271,"['cp', 'trestbps', 'chol', 'thalach', 'exang']"
1840,Naive Bayes,78.2584353,76.57730724,87.38970588,81.46804768,"['cp', 'trestbps', 'chol', 'thalach', 'oldpeak']"
1841,Naive Bayes,72.99888765,73.08106049,80.66176471,76.54434419,"['cp', 'trestbps', 'chol', 'thalach', 'slope']"
1842,Naive Bayes,78.87282165,78.73158386,84.85294118,81.54336963,"['cp', 'trestbps', 'chol', 'thalach', 'ca']"
1843,Naive Bayes,78.49425287,79.89933024,81.61764706,80.42022761,"['cp', 'trestbps', 'chol', 'thalach', 'thal']"
1844,Naive Bayes,77.25917686,76.21664009,85.58823529,80.27749084,"['cp', 'trestbps', 'chol', 'exang', 'oldpeak']"
1845,Naive Bayes,75.87912495,77.08769945,80.625,78.49150018,"['cp', 'trestbps', 'chol', 'exang', 'slope']"
1846,Naive Bayes,76.24842418,77.47136223,80.66176471,78.82470043,"['cp', 'trestbps', 'chol', 'exang', 'ca']"
1847,Naive Bayes,77.85910271,79.14091224,81.72794118,79.95922559,"['cp', 'trestbps', 'chol', 'exang', 'thal']"
1848,Naive Bayes,75.56878013,75.9370485,81.21323529,78.1782509,"['cp', 'trestbps', 'chol', 'oldpeak', 'slope']"
1849,Naive Bayes,78.52799407,76.1738404,89.11764706,82.01964799,"['cp', 'trestbps', 'chol', 'oldpeak', 'ca']"
1850,Naive Bayes,81.54097145,81.22583922,86.69117647,83.5818518,"['cp', 'trestbps', 'chol', 'oldpeak', 'thal']"
1851,Naive Bayes,75.56878013,77.10672515,79.96323529,78.17880744,"['cp', 'trestbps', 'chol', 'slope', 'ca']"
1852,Naive Bayes,78.84909158,83.51107716,77.46323529,79.88129849,"['cp', 'trestbps', 'chol', 'slope', 'thal']"
1853,Naive Bayes,79.21764924,80.22976851,84.15441176,81.64359513,"['cp', 'trestbps', 'chol', 'ca', 'thal']"
1854,Naive Bayes,76.26918799,77.38758898,80.625,78.72412565,"['cp', 'trestbps', 'fbs', 'restecg', 'thalach']"
1855,Naive Bayes,75.21319985,73.93600476,84.88970588,78.7408151,"['cp', 'trestbps', 'fbs', 'restecg', 'exang']"
1856,Naive Bayes,76.60326288,75.20670156,86.17647059,79.97265557,"['cp', 'trestbps', 'fbs', 'restecg', 'oldpeak']"
1857,Naive Bayes,74.32369299,76.01282618,78.75,76.97371772,"['cp', 'trestbps', 'fbs', 'restecg', 'slope']"
1858,Naive Bayes,75.90359659,77.10369532,81.91176471,78.86707496,"['cp', 'trestbps', 'fbs', 'restecg', 'ca']"
1859,Naive Bayes,75.89210234,78.61704309,77.57352941,77.43722779,"['cp', 'trestbps', 'fbs', 'restecg', 'thal']"
1860,Naive Bayes,75.27919911,74.64917809,83.08823529,78.53574865,"['cp', 'trestbps', 'fbs', 'thalach', 'exang']"
1861,Naive Bayes,78.60326288,76.67023564,87.97794118,81.80401394,"['cp', 'trestbps', 'fbs', 'thalach', 'oldpeak']"
1862,Naive Bayes,73.29996292,73.5304929,80.58823529,76.74712948,"['cp', 'trestbps', 'fbs', 'thalach', 'slope']"
1863,Naive Bayes,79.1954023,78.89154258,85.44117647,81.91218383,"['cp', 'trestbps', 'fbs', 'thalach', 'ca']"
1864,Naive Bayes,79.82832777,81.57070467,82.83088235,81.7178401,"['cp', 'trestbps', 'fbs', 'thalach', 'thal']"
1865,Naive Bayes,77.5925102,76.64147669,85.58823529,80.5092199,"['cp', 'trestbps', 'fbs', 'exang', 'oldpeak']"
1866,Naive Bayes,76.54653319,77.95100355,80.625,78.93403437,"['cp', 'trestbps', 'fbs', 'exang', 'slope']"
1867,Naive Bayes,76.24842418,77.23366013,81.25,78.9674314,"['cp', 'trestbps', 'fbs', 'exang', 'ca']"
1868,Naive Bayes,77.51501669,78.7553329,81.69117647,79.62028177,"['cp', 'trestbps', 'fbs', 'exang', 'thal']"
1869,Naive Bayes,75.54653319,75.81911746,81.80147059,78.30244336,"['cp', 'trestbps', 'fbs', 'oldpeak', 'slope']"
1870,Naive Bayes,79.17315536,77.53906826,88.52941176,82.45933461,"['cp', 'trestbps', 'fbs', 'oldpeak', 'ca']"
1871,Naive Bayes,81.22988506,81.54883421,85.47794118,83.14207965,"['cp', 'trestbps', 'fbs', 'oldpeak', 'thal']"
1872,Naive Bayes,76.18020022,77.40786261,80.51470588,78.74261061,"['cp', 'trestbps', 'fbs', 'slope', 'ca']"
1873,Naive Bayes,77.52651094,82.66467193,76.21323529,78.54096738,"['cp', 'trestbps', 'fbs', 'slope', 'thal']"
1874,Naive Bayes,78.83982202,80.36128677,83.52941176,81.34153797,"['cp', 'trestbps', 'fbs', 'ca', 'thal']"
1875,Naive Bayes,74.93437152,74.21230159,83.08823529,78.30634325,"['cp', 'trestbps', 'restecg', 'thalach', 'exang']"
1876,Naive Bayes,78.2814238,76.69476666,87.35294118,81.41761985,"['cp', 'trestbps', 'restecg', 'thalach', 'oldpeak']"
1877,Naive Bayes,73.97812384,74.04975674,81.21323529,77.27859678,"['cp', 'trestbps', 'restecg', 'thalach', 'slope']"
1878,Naive Bayes,76.89358547,76.85869531,83.63970588,79.90681969,"['cp', 'trestbps', 'restecg', 'thalach', 'ca']"
1879,Naive Bayes,77.51501669,80.33657768,78.67647059,79.18171329,"['cp', 'trestbps', 'restecg', 'thalach', 'thal']"
1880,Naive Bayes,77.92658509,77.03792235,85.58823529,80.75369834,"['cp', 'trestbps', 'restecg', 'exang', 'oldpeak']"
1881,Naive Bayes,76.23544679,76.40750439,83.08823529,79.27902617,"['cp', 'trestbps', 'restecg', 'exang', 'slope']"
1882,Naive Bayes,76.93807935,78.35643029,81.28676471,79.44009468,"['cp', 'trestbps', 'restecg', 'exang', 'ca']"
1883,Naive Bayes,78.53800519,79.51251526,82.97794118,80.71025548,"['cp', 'trestbps', 'restecg', 'exang', 'thal']"
1884,Naive Bayes,75.90211346,75.50079745,83.01470588,78.7061937,"['cp', 'trestbps', 'restecg', 'oldpeak', 'slope']"
1885,Naive Bayes,79.1954023,77.73017102,88.49264706,82.51676987,"['cp', 'trestbps', 'restecg', 'oldpeak', 'ca']"
1886,Naive Bayes,80.55172414,80.56129908,86.10294118,82.85921187,"['cp', 'trestbps', 'restecg', 'oldpeak', 'thal']"
1887,Naive Bayes,74.88060808,76.34835143,80.51470588,77.89807236,"['cp', 'trestbps', 'restecg', 'slope', 'ca']"
1888,Naive Bayes,77.5272525,82.125559,76.83823529,78.87336601,"['cp', 'trestbps', 'restecg', 'slope', 'thal']"
1889,Naive Bayes,81.53096033,82.85814543,85.44117647,83.6669242,"['cp', 'trestbps', 'restecg', 'ca', 'thal']"
1890,Naive Bayes,78.2814238,77.71650327,84.41176471,80.78087713,"['cp', 'trestbps', 'thalach', 'exang', 'oldpeak']"
1891,Naive Bayes,75.26770486,76.03263674,80.07352941,77.87770609,"['cp', 'trestbps', 'thalach', 'exang', 'slope']"
1892,Naive Bayes,78.2269188,79.57303799,81.875,80.51272176,"['cp', 'trestbps', 'thalach', 'exang', 'ca']"
1893,Naive Bayes,79.53874676,81.64868903,81.76470588,81.34129627,"['cp', 'trestbps', 'thalach', 'exang', 'thal']"
1894,Naive Bayes,78.29217649,77.55701754,84.92647059,80.92544042,"['cp', 'trestbps', 'thalach', 'oldpeak', 'slope']"
1895,Naive Bayes,78.87282165,78.30754476,86.10294118,81.83166132,"['cp', 'trestbps', 'thalach', 'oldpeak', 'ca']"
1896,Naive Bayes,82.53021876,83.25942307,86.02941176,84.37278346,"['cp', 'trestbps', 'thalach', 'oldpeak', 'thal']"
1897,Naive Bayes,75.24694105,76.16927122,80.625,78.17290553,"['cp', 'trestbps', 'thalach', 'slope', 'ca']"
1898,Naive Bayes,78.57026326,82.09351433,79.375,80.30066024,"['cp', 'trestbps', 'thalach', 'slope', 'thal']"
1899,Naive Bayes,80.16314423,82.11729928,82.31617647,81.98339005,"['cp', 'trestbps', 'thalach', 'ca', 'thal']"
1900,Naive Bayes,77.60326288,77.47461457,83.75,80.17919267,"['cp', 'trestbps', 'exang', 'oldpeak', 'slope']"
1901,Naive Bayes,78.53874676,79.52790678,82.46323529,80.78119703,"['cp', 'trestbps', 'exang', 'oldpeak', 'ca']"
1902,Naive Bayes,80.82832777,82.53769841,83.60294118,82.67055864,"['cp', 'trestbps', 'exang', 'oldpeak', 'thal']"
1903,Naive Bayes,78.22766036,78.89473684,83.05147059,80.69590165,"['cp', 'trestbps', 'exang', 'slope', 'ca']"
1904,Naive Bayes,78.87208009,80.31508305,82.35294118,80.90483124,"['cp', 'trestbps', 'exang', 'slope', 'thal']"
1905,Naive Bayes,78.51575825,82.41697995,79.33823529,80.2859432,"['cp', 'trestbps', 'exang', 'ca', 'thal']"
1906,Naive Bayes,78.18390805,77.31779096,86.02941176,81.21515009,"['cp', 'trestbps', 'oldpeak', 'slope', 'ca']"
1907,Naive Bayes,80.22914349,81.2581723,83.63970588,82.08352982,"['cp', 'trestbps', 'oldpeak', 'slope', 'thal']"
1908,Naive Bayes,80.50871339,81.14339664,85.36764706,82.85747681,"['cp', 'trestbps', 'oldpeak', 'ca', 'thal']"
1909,Naive Bayes,81.48646644,84.20394067,84.15441176,83.46696795,"['cp', 'trestbps', 'slope', 'ca', 'thal']"
1910,Naive Bayes,74.31219874,77.78812227,76.39705882,76.47335344,"['cp', 'chol', 'fbs', 'restecg', 'thalach']"
1911,Naive Bayes,74.96811272,75.35994398,80.69852941,77.66399512,"['cp', 'chol', 'fbs', 'restecg', 'exang']"
1912,Naive Bayes,76.5925102,78.46225454,80.69852941,78.93003563,"['cp', 'chol', 'fbs', 'restecg', 'oldpeak']"
1913,Naive Bayes,73.33444568,75.74441004,76.36029412,75.55128343,"['cp', 'chol', 'fbs', 'restecg', 'slope']"
1914,Naive Bayes,73.94660734,76.13973945,78.93382353,76.92252516,"['cp', 'chol', 'fbs', 'restecg', 'ca']"
1915,Naive Bayes,75.2246941,78.29318394,76.39705882,76.95256686,"['cp', 'chol', 'fbs', 'restecg', 'thal']"
1916,Naive Bayes,74.31145717,74.25778294,81.25,77.51351954,"['cp', 'chol', 'fbs', 'thalach', 'exang']"
1917,Naive Bayes,77.94734891,77.20175439,85.51470588,80.88121412,"['cp', 'chol', 'fbs', 'thalach', 'oldpeak']"
1918,Naive Bayes,72.96737115,73.93659866,78.75,76.02938861,"['cp', 'chol', 'fbs', 'thalach', 'slope']"
1919,Naive Bayes,79.22914349,79.34776893,84.81617647,81.79479188,"['cp', 'chol', 'fbs', 'thalach', 'ca']"
1920,Naive Bayes,79.8613274,81.22700227,83.49264706,81.90370966,"['cp', 'chol', 'fbs', 'thalach', 'thal']"
1921,Naive Bayes,75.96885428,75.20828587,83.82352941,78.91703546,"['cp', 'chol', 'fbs', 'exang', 'oldpeak']"
1922,Naive Bayes,75.57879125,77.02276997,79.41176471,77.97830056,"['cp', 'chol', 'fbs', 'exang', 'slope']"
1923,Naive Bayes,75.97033741,76.93532852,81.32352941,78.7783731,"['cp', 'chol', 'fbs', 'exang', 'ca']"
1924,Naive Bayes,78.20393029,79.5200747,81.72794118,80.24116846,"['cp', 'chol', 'fbs', 'exang', 'thal']"
1925,Naive Bayes,75.55802744,75.77831834,81.80147059,78.31029272,"['cp', 'chol', 'fbs', 'oldpeak', 'slope']"
1926,Naive Bayes,78.57322951,76.6696571,88.52941176,81.94730841,"['cp', 'chol', 'fbs', 'oldpeak', 'ca']"
1927,Naive Bayes,81.54097145,81.90645354,85.44117647,83.27804607,"['cp', 'chol', 'fbs', 'oldpeak', 'thal']"
1928,Naive Bayes,76.58101594,77.89047988,81.17647059,79.17406578,"['cp', 'chol', 'fbs', 'slope', 'ca']"
1929,Naive Bayes,78.18168335,83.2826937,76.25,79.11005469,"['cp', 'chol', 'fbs', 'slope', 'thal']"
1930,Naive Bayes,79.5294772,81.02956049,83.56617647,81.76059665,"['cp', 'chol', 'fbs', 'ca', 'thal']"
1931,Naive Bayes,74.3444568,74.2373581,81.32352941,77.57261922,"['cp', 'chol', 'restecg', 'thalach', 'exang']"
1932,Naive Bayes,78.61624027,77.95175439,86.76470588,81.67317341,"['cp', 'chol', 'restecg', 'thalach', 'oldpeak']"
1933,Naive Bayes,74.67927327,74.90665011,81.83823529,77.94048377,"['cp', 'chol', 'restecg', 'thalach', 'slope']"
1934,Naive Bayes,77.27215425,78.02570598,82.46323529,79.9788317,"['cp', 'chol', 'restecg', 'thalach', 'ca']"
1935,Naive Bayes,78.23767149,80.71922548,79.96323529,80.037331,"['cp', 'chol', 'restecg', 'thalach', 'thal']"
1936,Naive Bayes,77.64849833,76.90271608,85,80.40541706,"['cp', 'chol', 'restecg', 'exang', 'oldpeak']"
1937,Naive Bayes,75.60103819,75.97396064,81.875,78.59430606,"['cp', 'chol', 'restecg', 'exang', 'slope']"
1938,Naive Bayes,76.28216537,77.61919505,80.66176471,78.83020301,"['cp', 'chol', 'restecg', 'exang', 'ca']"
1939,Naive Bayes,78.20393029,79.50420168,81.76470588,80.25385917,"['cp', 'chol', 'restecg', 'exang', 'thal']"
1940,Naive Bayes,75.2246941,75.17586524,82.38970588,78.20502956,"['cp', 'chol', 'restecg', 'oldpeak', 'slope']"
1941,Naive Bayes,79.24063775,76.65008109,90.33088235,82.78441032,"['cp', 'chol', 'restecg', 'oldpeak', 'ca']"
1942,Naive Bayes,81.88579904,82.18779846,86.13970588,83.79512481,"['cp', 'chol', 'restecg', 'oldpeak', 'thal']"
1943,Naive Bayes,74.58027438,75.96226946,79.33823529,77.33506117,"['cp', 'chol', 'restecg', 'slope', 'ca']"
1944,Naive Bayes,78.16017798,83.30058937,75.625,78.87519103,"['cp', 'chol', 'restecg', 'slope', 'thal']"
1945,Naive Bayes,80.85279941,81.94634257,85.40441176,83.19517758,"['cp', 'chol', 'restecg', 'ca', 'thal']"
1946,Naive Bayes,78.29217649,78.03104575,83.82352941,80.65734136,"['cp', 'chol', 'thalach', 'exang', 'oldpeak']"
1947,Naive Bayes,75.33444568,75.45321637,81.36029412,78.17886898,"['cp', 'chol', 'thalach', 'exang', 'slope']"
1948,Naive Bayes,78.27141268,79.66331269,81.94852941,80.45268768,"['cp', 'chol', 'thalach', 'exang', 'ca']"
1949,Naive Bayes,77.92584353,80.36405966,80,79.80675423,"['cp', 'chol', 'thalach', 'exang', 'thal']"
1950,Naive Bayes,76.95736003,77.01439148,83.125,79.69311146,"['cp', 'chol', 'thalach', 'oldpeak', 'slope']"
1951,Naive Bayes,79.56247683,78.91581789,86.72794118,82.376291,"['cp', 'chol', 'thalach', 'oldpeak', 'ca']"
1952,Naive Bayes,82.85279941,83.14110644,86.69117647,84.66245122,"['cp', 'chol', 'thalach', 'oldpeak', 'thal']"
1953,Naive Bayes,77.30441231,78.25464396,82.5,80.03115373,"['cp', 'chol', 'thalach', 'slope', 'ca']"
1954,Naive Bayes,79.87133852,82.69512252,80.625,81.44225287,"['cp', 'chol', 'thalach', 'slope', 'thal']"
1955,Naive Bayes,80.50797182,82.08292413,83.52941176,82.45980231,"['cp', 'chol', 'thalach', 'ca', 'thal']"
1956,Naive Bayes,77.31442343,77.58942365,82.57352941,79.73205321,"['cp', 'chol', 'exang', 'oldpeak', 'slope']"
1957,Naive Bayes,78.23841305,79.73916409,81.28676471,80.29318599,"['cp', 'chol', 'exang', 'oldpeak', 'ca']"
1958,Naive Bayes,79.88357434,81.92648287,81.80147059,81.52369252,"['cp', 'chol', 'exang', 'oldpeak', 'thal']"
1959,Naive Bayes,77.28216537,77.88775526,82.5,79.84112542,"['cp', 'chol', 'exang', 'slope', 'ca']"
1960,Naive Bayes,79.27215425,80.28836798,83.05147059,81.30943297,"['cp', 'chol', 'exang', 'slope', 'thal']"
1961,Naive Bayes,80.59547646,83.86520836,81.25,82.07056817,"['cp', 'chol', 'exang', 'ca', 'thal']"
1962,Naive Bayes,78.21690768,77.29887111,86.06617647,81.23552187,"['cp', 'chol', 'oldpeak', 'slope', 'ca']"
1963,Naive Bayes,80.87356322,82.35279375,83.63970588,82.56654783,"['cp', 'chol', 'oldpeak', 'slope', 'thal']"
1964,Naive Bayes,81.1868743,81.39515963,86.61764706,83.58016513,"['cp', 'chol', 'oldpeak', 'ca', 'thal']"
1965,Naive Bayes,81.15239155,82.63289407,84.81617647,83.21728117,"['cp', 'chol', 'slope', 'ca', 'thal']"
1966,Naive Bayes,74.63403782,73.77564008,83.08823529,78.09804175,"['cp', 'fbs', 'restecg', 'thalach', 'exang']"
1967,Naive Bayes,77.58249907,76.232493,87.31617647,81.02365021,"['cp', 'fbs', 'restecg', 'thalach', 'oldpeak']"
1968,Naive Bayes,75.31368187,75.29836847,82.42647059,78.45690973,"['cp', 'fbs', 'restecg', 'thalach', 'slope']"
1969,Naive Bayes,76.59399333,77.21339947,82.42647059,79.55054402,"['cp', 'fbs', 'restecg', 'thalach', 'ca']"
1970,Naive Bayes,78.24842418,80.02115205,81.17647059,80.31341267,"['cp', 'fbs', 'restecg', 'thalach', 'thal']"
1971,Naive Bayes,77.61475714,76.53967305,85.58823529,80.44663201,"['cp', 'fbs', 'restecg', 'exang', 'oldpeak']"
1972,Naive Bayes,76.2246941,76.96094291,81.83823529,78.96280938,"['cp', 'fbs', 'restecg', 'exang', 'slope']"
1973,Naive Bayes,77.29440119,78.4905155,81.91176471,79.77428602,"['cp', 'fbs', 'restecg', 'exang', 'ca']"
1974,Naive Bayes,78.53800519,79.63835919,82.35294118,80.53607511,"['cp', 'fbs', 'restecg', 'exang', 'thal']"
1975,Naive Bayes,76.85910271,76.2547657,84.19117647,79.62303536,"['cp', 'fbs', 'restecg', 'oldpeak', 'slope']"
1976,Naive Bayes,80.19688543,78.51737186,89.11764706,83.29815989,"['cp', 'fbs', 'restecg', 'oldpeak', 'ca']"
1977,Naive Bayes,81.20837968,81.44761413,86.06617647,83.25829726,"['cp', 'fbs', 'restecg', 'oldpeak', 'thal']"
1978,Naive Bayes,75.55951057,76.35007554,81.76470588,78.639046,"['cp', 'fbs', 'restecg', 'slope', 'ca']"
1979,Naive Bayes,77.504264,81.2670728,77.46323529,78.84070613,"['cp', 'fbs', 'restecg', 'slope', 'thal']"
1980,Naive Bayes,80.81979978,82.23505077,85.36764706,83.2334973,"['cp', 'fbs', 'restecg', 'ca', 'thal']"
1981,Naive Bayes,78.27067112,78.10143619,83.78676471,80.71551766,"['cp', 'fbs', 'thalach', 'exang', 'oldpeak']"
1982,Naive Bayes,75.30144605,75.7269399,80.69852941,77.99100246,"['cp', 'fbs', 'thalach', 'exang', 'slope']"
1983,Naive Bayes,78.60548758,79.96949482,81.91176471,80.70803624,"['cp', 'fbs', 'thalach', 'exang', 'ca']"
1984,Naive Bayes,78.21542455,80.29586835,80.55147059,80.16893601,"['cp', 'fbs', 'thalach', 'exang', 'thal']"
1985,Naive Bayes,78.27067112,77.68412453,84.88970588,80.94666332,"['cp', 'fbs', 'thalach', 'oldpeak', 'slope']"
1986,Naive Bayes,79.55172414,78.8850111,86.69117647,82.41324063,"['cp', 'fbs', 'thalach', 'oldpeak', 'ca']"
1987,Naive Bayes,81.51872451,82.45805691,84.77941176,83.34861044,"['cp', 'fbs', 'thalach', 'oldpeak', 'thal']"
1988,Naive Bayes,76.60474601,77.23480269,81.83823529,79.29764027,"['cp', 'fbs', 'thalach', 'slope', 'ca']"
1989,Naive Bayes,78.56025213,81.48616262,79.375,80.11048917,"['cp', 'fbs', 'thalach', 'slope', 'thal']"
1990,Naive Bayes,80.1638858,80.9352548,84.11764706,82.25731153,"['cp', 'fbs', 'thalach', 'ca', 'thal']"
1991,Naive Bayes,77.61475714,78.22855069,82.5,79.92262375,"['cp', 'fbs', 'exang', 'oldpeak', 'slope']"
1992,Naive Bayes,78.57248795,79.41154971,82.5,80.74693362,"['cp', 'fbs', 'exang', 'oldpeak', 'ca']"
1993,Naive Bayes,80.87282165,82.60912698,83.60294118,82.6903718,"['cp', 'fbs', 'exang', 'oldpeak', 'thal']"
1994,Naive Bayes,77.60474601,78.01847422,83.08823529,80.1940666,"['cp', 'fbs', 'exang', 'slope', 'ca']"
1995,Naive Bayes,79.93956248,81.00545481,83.63970588,81.92513731,"['cp', 'fbs', 'exang', 'slope', 'thal']"
1996,Naive Bayes,79.89506859,83.18910256,81.21323529,81.56938428,"['cp', 'fbs', 'exang', 'ca', 'thal']"
1997,Naive Bayes,78.20615499,76.84201982,86.61764706,81.23625837,"['cp', 'fbs', 'oldpeak', 'slope', 'ca']"
1998,Naive Bayes,79.5839822,80.08032572,84.26470588,81.76631193,"['cp', 'fbs', 'oldpeak', 'slope', 'thal']"
1999,Naive Bayes,81.49870226,82.18088963,86.58088235,83.8425407,"['cp', 'fbs', 'oldpeak', 'ca', 'thal']"
2000,Naive Bayes,82.16536893,82.83990129,87.24264706,84.41230543,"['cp', 'fbs', 'slope', 'ca', 'thal']"
2001,Naive Bayes,78.29217649,78.09640523,83.82352941,80.6909548,"['cp', 'restecg', 'thalach', 'exang', 'oldpeak']"
2002,Naive Bayes,76.30144605,76.48821809,81.98529412,79.01346448,"['cp', 'restecg', 'thalach', 'exang', 'slope']"
2003,Naive Bayes,79.2836485,81.12775812,81.91176471,81.1862109,"['cp', 'restecg', 'thalach', 'exang', 'ca']"
2004,Naive Bayes,78.57100482,80.4571232,81.21323529,80.49866116,"['cp', 'restecg', 'thalach', 'exang', 'thal']"
2005,Naive Bayes,77.2814238,76.91892775,84.30147059,80.07682783,"['cp', 'restecg', 'thalach', 'oldpeak', 'slope']"
2006,Naive Bayes,79.20689655,78.36924926,86.72794118,82.09759799,"['cp', 'restecg', 'thalach', 'oldpeak', 'ca']"
2007,Naive Bayes,82.2183908,82.36360397,87.31617647,84.33558461,"['cp', 'restecg', 'thalach', 'oldpeak', 'thal']"
2008,Naive Bayes,76.96032629,77.56762673,83.08823529,79.91979688,"['cp', 'restecg', 'thalach', 'slope', 'ca']"
2009,Naive Bayes,78.54875788,81.18776957,80,80.3760764,"['cp', 'restecg', 'thalach', 'slope', 'thal']"
2010,Naive Bayes,81.17538005,81.82215957,85.36764706,83.32854809,"['cp', 'restecg', 'thalach', 'ca', 'thal']"
2011,Naive Bayes,76.95884316,77.66948901,81.94852941,79.38454183,"['cp', 'restecg', 'exang', 'oldpeak', 'slope']"
2012,Naive Bayes,79.2499073,80.08148435,83.16176471,81.41245438,"['cp', 'restecg', 'exang', 'oldpeak', 'ca']"
2013,Naive Bayes,79.88283278,81.32844366,83.05147059,81.81445042,"['cp', 'restecg', 'exang', 'oldpeak', 'thal']"
2014,Naive Bayes,77.25991843,77.73779703,83.08823529,79.98877569,"['cp', 'restecg', 'exang', 'slope', 'ca']"
2015,Naive Bayes,77.5925102,79.01012193,81.21323529,79.77689697,"['cp', 'restecg', 'exang', 'slope', 'thal']"
2016,Naive Bayes,80.23989618,83.54624542,81.21323529,81.79460951,"['cp', 'restecg', 'exang', 'ca', 'thal']"
2017,Naive Bayes,77.52799407,76.98216743,85.44117647,80.69164431,"['cp', 'restecg', 'oldpeak', 'slope', 'ca']"
2018,Naive Bayes,77.91509084,79.79460907,81.21323529,79.98387285,"['cp', 'restecg', 'oldpeak', 'slope', 'thal']"
2019,Naive Bayes,82.47719689,83.12764755,87.20588235,84.72841179,"['cp', 'restecg', 'oldpeak', 'ca', 'thal']"
2020,Naive Bayes,79.18464961,81.46536307,83.01470588,81.62239577,"['cp', 'restecg', 'slope', 'ca', 'thal']"
2021,Naive Bayes,78.93733778,79.18619465,83.78676471,81.16658293,"['cp', 'thalach', 'exang', 'oldpeak', 'slope']"
2022,Naive Bayes,78.9495736,79.45829033,83.19852941,81.0978164,"['cp', 'thalach', 'exang', 'oldpeak', 'ca']"
2023,Naive Bayes,80.28290693,80.61769006,84.375,82.33522197,"['cp', 'thalach', 'exang', 'oldpeak', 'thal']"
2024,Naive Bayes,78.6154987,79.21974053,83.16176471,80.89988019,"['cp', 'thalach', 'exang', 'slope', 'ca']"
2025,Naive Bayes,78.91583241,79.99553418,82.42647059,80.98984771,"['cp', 'thalach', 'exang', 'slope', 'thal']"
2026,Naive Bayes,81.24063775,83.03772535,83.71323529,82.98870826,"['cp', 'thalach', 'exang', 'ca', 'thal']"
2027,Naive Bayes,78.87282165,78.34361025,86.10294118,81.77084122,"['cp', 'thalach', 'oldpeak', 'slope', 'ca']"
2028,Naive Bayes,80.22766036,80.32064229,84.85294118,82.36248804,"['cp', 'thalach', 'oldpeak', 'slope', 'thal']"
2029,Naive Bayes,83.16611049,83.02647215,87.90441176,85.18737966,"['cp', 'thalach', 'oldpeak', 'ca', 'thal']"
2030,Naive Bayes,82.14238042,82.29839304,87.20588235,84.34316823,"['cp', 'thalach', 'slope', 'ca', 'thal']"
2031,Naive Bayes,79.58324064,80.04179567,83.78676471,81.65812537,"['cp', 'exang', 'oldpeak', 'slope', 'ca']"
2032,Naive Bayes,80.57248795,81.13721805,84.33823529,82.43512831,"['cp', 'exang', 'oldpeak', 'slope', 'thal']"
2033,Naive Bayes,81.20689655,82.08410733,84.30147059,83.06030213,"['cp', 'exang', 'oldpeak', 'ca', 'thal']"
2034,Naive Bayes,79.90656285,81.25933707,83.05147059,81.87940299,"['cp', 'exang', 'slope', 'ca', 'thal']"
2035,Naive Bayes,81.80904709,81.45502236,87.90441176,84.20220029,"['cp', 'oldpeak', 'slope', 'ca', 'thal']"
2036,Naive Bayes,67.34149055,67.96775026,76.94852941,71.93767507,"['trestbps', 'chol', 'fbs', 'restecg', 'thalach']"
2037,Naive Bayes,70.6870597,70.22274995,80.625,74.88679451,"['trestbps', 'chol', 'fbs', 'restecg', 'exang']"
2038,Naive Bayes,67.69855395,66.51576133,82.5,73.44944957,"['trestbps', 'chol', 'fbs', 'restecg', 'oldpeak']"
2039,Naive Bayes,66.7185762,67.98463684,74.00735294,70.77029472,"['trestbps', 'chol', 'fbs', 'restecg', 'slope']"
2040,Naive Bayes,65.96366333,65.37509088,79.96323529,71.69222324,"['trestbps', 'chol', 'fbs', 'restecg', 'ca']"
2041,Naive Bayes,74.53652206,76.83521303,76.83823529,76.38272313,"['trestbps', 'chol', 'fbs', 'restecg', 'thal']"
2042,Naive Bayes,71.37523174,72.34090127,77.09558824,74.60062813,"['trestbps', 'chol', 'fbs', 'thalach', 'exang']"
2043,Naive Bayes,71.36522062,71.05403493,80.22058824,75.14484409,"['trestbps', 'chol', 'fbs', 'thalach', 'oldpeak']"
2044,Naive Bayes,72.01112347,73.90697946,75.77205882,74.62638716,"['trestbps', 'chol', 'fbs', 'thalach', 'slope']"
2045,Naive Bayes,70.66629588,71.12476631,78.30882353,74.25320023,"['trestbps', 'chol', 'fbs', 'thalach', 'ca']"
2046,Naive Bayes,75.57026326,78.14724169,76.91176471,77.2944971,"['trestbps', 'chol', 'fbs', 'thalach', 'thal']"
2047,Naive Bayes,75.56952169,76.43137255,80.11029412,77.95265414,"['trestbps', 'chol', 'fbs', 'exang', 'oldpeak']"
2048,Naive Bayes,70.03188728,70.29529036,78.19852941,73.74631588,"['trestbps', 'chol', 'fbs', 'exang', 'slope']"
2049,Naive Bayes,73.33444568,75.74396776,75.88235294,75.6193981,"['trestbps', 'chol', 'fbs', 'exang', 'ca']"
2050,Naive Bayes,73.27845755,75.01660259,76.91176471,75.65756202,"['trestbps', 'chol', 'fbs', 'exang', 'thal']"
2051,Naive Bayes,71.01186504,70.29517139,80.66176471,74.92368175,"['trestbps', 'chol', 'fbs', 'oldpeak', 'slope']"
2052,Naive Bayes,71.9243604,71.35288164,83.08823529,76.40209012,"['trestbps', 'chol', 'fbs', 'oldpeak', 'ca']"
2053,Naive Bayes,77.88283278,79.04974682,81.80147059,79.98802068,"['trestbps', 'chol', 'fbs', 'oldpeak', 'thal']"
2054,Naive Bayes,71.90211346,71.95452591,80.66176471,75.71832827,"['trestbps', 'chol', 'fbs', 'slope', 'ca']"
2055,Naive Bayes,73.92510197,75.37888199,78.67647059,76.39783137,"['trestbps', 'chol', 'fbs', 'slope', 'thal']"
2056,Naive Bayes,75.1701891,77.4376935,77.53676471,77.30013244,"['trestbps', 'chol', 'fbs', 'ca', 'thal']"
2057,Naive Bayes,72.66555432,73.910444,77.64705882,75.57958718,"['trestbps', 'chol', 'restecg', 'thalach', 'exang']"
2058,Naive Bayes,72.02187616,71.43088392,81.39705882,75.84273947,"['trestbps', 'chol', 'restecg', 'thalach', 'oldpeak']"
2059,Naive Bayes,70.99962922,72.44955526,75.22058824,73.6541359,"['trestbps', 'chol', 'restecg', 'thalach', 'slope']"
2060,Naive Bayes,72.31145717,72.71016389,79.48529412,75.66046584,"['trestbps', 'chol', 'restecg', 'thalach', 'ca']"
2061,Naive Bayes,73.95661846,77.06952525,75.11029412,75.70163304,"['trestbps', 'chol', 'restecg', 'thalach', 'thal']"
2062,Naive Bayes,74.55728587,74.72103052,80.69852941,77.21291598,"['trestbps', 'chol', 'restecg', 'exang', 'oldpeak']"
2063,Naive Bayes,71.66629588,71.42215219,80.07352941,75.28955605,"['trestbps', 'chol', 'restecg', 'exang', 'slope']"
2064,Naive Bayes,74.66852058,76.59700722,77.68382353,76.96741724,"['trestbps', 'chol', 'restecg', 'exang', 'ca']"
2065,Naive Bayes,75.65776789,77.4502924,79.41176471,77.96539189,"['trestbps', 'chol', 'restecg', 'exang', 'thal']"
2066,Naive Bayes,72.95736003,72.78849231,81.91176471,76.49910988,"['trestbps', 'chol', 'restecg', 'oldpeak', 'slope']"
2067,Naive Bayes,73.29143493,72.61820087,84.33823529,77.59607065,"['trestbps', 'chol', 'restecg', 'oldpeak', 'ca']"
2068,Naive Bayes,77.60548758,77.1439503,84.30147059,80.26074244,"['trestbps', 'chol', 'restecg', 'oldpeak', 'thal']"
2069,Naive Bayes,71.63329626,71.58907579,81.32352941,75.73773777,"['trestbps', 'chol', 'restecg', 'slope', 'ca']"
2070,Naive Bayes,73.6240267,76.93100926,76.875,76.05457844,"['trestbps', 'chol', 'restecg', 'slope', 'thal']"
2071,Naive Bayes,74.86985539,76.38573763,78.82352941,77.31946567,"['trestbps', 'chol', 'restecg', 'ca', 'thal']"
2072,Naive Bayes,77.25917686,78.16013072,80.73529412,79.28218105,"['trestbps', 'chol', 'thalach', 'exang', 'oldpeak']"
2073,Naive Bayes,72.70003708,74.31781046,76.43382353,75.25673458,"['trestbps', 'chol', 'thalach', 'exang', 'slope']"
2074,Naive Bayes,72.3214683,74.05959752,75.84558824,74.90121806,"['trestbps', 'chol', 'thalach', 'exang', 'ca']"
2075,Naive Bayes,74.62328513,76.80708984,77.53676471,76.85472952,"['trestbps', 'chol', 'thalach', 'exang', 'thal']"
2076,Naive Bayes,74.33592881,74.16548725,81.28676471,77.35379229,"['trestbps', 'chol', 'thalach', 'oldpeak', 'slope']"
2077,Naive Bayes,71.98961809,71.83350533,80.73529412,75.8588428,"['trestbps', 'chol', 'thalach', 'oldpeak', 'ca']"
2078,Naive Bayes,76.315165,76.8995098,80.66176471,78.66358939,"['trestbps', 'chol', 'thalach', 'oldpeak', 'thal']"
2079,Naive Bayes,71.96737115,72.54020468,78.19852941,75.17605268,"['trestbps', 'chol', 'thalach', 'slope', 'ca']"
2080,Naive Bayes,74.26918799,76.97493734,76.25,76.17569224,"['trestbps', 'chol', 'thalach', 'slope', 'thal']"
2081,Naive Bayes,78.56247683,80.82087666,79.33823529,79.93415464,"['trestbps', 'chol', 'thalach', 'ca', 'thal']"
2082,Naive Bayes,75.26918799,76.03282102,79.48529412,77.39182526,"['trestbps', 'chol', 'exang', 'oldpeak', 'slope']"
2083,Naive Bayes,73.92361884,76.91596639,75.25735294,75.8853957,"['trestbps', 'chol', 'exang', 'oldpeak', 'ca']"
2084,Naive Bayes,74.26918799,75.94624094,77.64705882,76.34563817,"['trestbps', 'chol', 'exang', 'oldpeak', 'thal']"
2085,Naive Bayes,73.29069336,75.00958892,76.98529412,75.84168411,"['trestbps', 'chol', 'exang', 'slope', 'ca']"
2086,Naive Bayes,76.90359659,79.45833333,78.19852941,78.4721031,"['trestbps', 'chol', 'exang', 'slope', 'thal']"
2087,Naive Bayes,75.60326288,78.66094771,76.36029412,77.22885611,"['trestbps', 'chol', 'exang', 'ca', 'thal']"
2088,Naive Bayes,73.61401557,72.82879776,83.63970588,77.54874271,"['trestbps', 'chol', 'oldpeak', 'slope', 'ca']"
2089,Naive Bayes,78.25064887,78.39829967,82.97794118,80.34328817,"['trestbps', 'chol', 'oldpeak', 'slope', 'thal']"
2090,Naive Bayes,75.59325176,75.79208438,81.83823529,78.36349219,"['trestbps', 'chol', 'oldpeak', 'ca', 'thal']"
2091,Naive Bayes,77.85131628,79.02575774,81.13970588,79.70045685,"['trestbps', 'chol', 'slope', 'ca', 'thal']"
2092,Naive Bayes,72.67704857,73.60663915,78.23529412,75.70901161,"['trestbps', 'fbs', 'restecg', 'thalach', 'exang']"
2093,Naive Bayes,71.35446793,71.24097007,79.55882353,74.95379965,"['trestbps', 'fbs', 'restecg', 'thalach', 'oldpeak']"
2094,Naive Bayes,71.34371524,72.93843772,75.80882353,74.11216133,"['trestbps', 'fbs', 'restecg', 'thalach', 'slope']"
2095,Naive Bayes,70.94512421,71.660401,77.57352941,74.16323629,"['trestbps', 'fbs', 'restecg', 'thalach', 'ca']"
2096,Naive Bayes,75.23618836,78.56112188,75.69852941,76.73251401,"['trestbps', 'fbs', 'restecg', 'thalach', 'thal']"
2097,Naive Bayes,76.18094179,76.29678363,81.875,78.62648247,"['trestbps', 'fbs', 'restecg', 'exang', 'oldpeak']"
2098,Naive Bayes,71.34371524,71.19304947,80.03676471,75.06810731,"['trestbps', 'fbs', 'restecg', 'exang', 'slope']"
2099,Naive Bayes,74.63552095,77.0301489,77.05882353,76.87062,"['trestbps', 'fbs', 'restecg', 'exang', 'ca']"
2100,Naive Bayes,74.2899518,76.49573547,77.57352941,76.48991752,"['trestbps', 'fbs', 'restecg', 'exang', 'thal']"
2101,Naive Bayes,72.30144605,71.79014604,81.91176471,76.16326729,"['trestbps', 'fbs', 'restecg', 'oldpeak', 'slope']"
2102,Naive Bayes,72.26844642,71.63844169,83.125,76.59077045,"['trestbps', 'fbs', 'restecg', 'oldpeak', 'ca']"
2103,Naive Bayes,77.92732666,78.18007615,83.67647059,80.38134273,"['trestbps', 'fbs', 'restecg', 'oldpeak', 'thal']"
2104,Naive Bayes,71.91286615,71.4309057,82.42647059,76.1198476,"['trestbps', 'fbs', 'restecg', 'slope', 'ca']"
2105,Naive Bayes,74.30292918,76.85637973,77.53676471,76.58940103,"['trestbps', 'fbs', 'restecg', 'slope', 'thal']"
2106,Naive Bayes,75.23692992,77.97466422,77.64705882,77.31445177,"['trestbps', 'fbs', 'restecg', 'ca', 'thal']"
2107,Naive Bayes,77.58175751,78.30632955,81.32352941,79.6313874,"['trestbps', 'fbs', 'thalach', 'exang', 'oldpeak']"
2108,Naive Bayes,73.34519837,74.22875817,78.23529412,76.06866808,"['trestbps', 'fbs', 'thalach', 'exang', 'slope']"
2109,Naive Bayes,72.98887653,74.82004644,76.43382353,75.50391635,"['trestbps', 'fbs', 'thalach', 'exang', 'ca']"
2110,Naive Bayes,73.61253244,75.88296722,76.28676471,75.72597686,"['trestbps', 'fbs', 'thalach', 'exang', 'thal']"
2111,Naive Bayes,75.66926214,75.37384373,83.08823529,78.76003949,"['trestbps', 'fbs', 'thalach', 'oldpeak', 'slope']"
2112,Naive Bayes,72.94586578,72.22969188,82.5,76.88602124,"['trestbps', 'fbs', 'thalach', 'oldpeak', 'ca']"
2113,Naive Bayes,75.98183166,76.04956017,81.28676471,78.44167906,"['trestbps', 'fbs', 'thalach', 'oldpeak', 'thal']"
2114,Naive Bayes,73.61401557,74.2997506,79.375,76.58178681,"['trestbps', 'fbs', 'thalach', 'slope', 'ca']"
2115,Naive Bayes,74.58101594,77.19435845,76.21323529,76.28542042,"['trestbps', 'fbs', 'thalach', 'slope', 'thal']"
2116,Naive Bayes,77.86281053,80.69105976,78.125,79.27924132,"['trestbps', 'fbs', 'thalach', 'ca', 'thal']"
2117,Naive Bayes,75.24619948,76.25480368,79.44852941,77.47445516,"['trestbps', 'fbs', 'exang', 'oldpeak', 'slope']"
2118,Naive Bayes,74.87986652,77.519545,77.05882353,76.96405343,"['trestbps', 'fbs', 'exang', 'oldpeak', 'ca']"
2119,Naive Bayes,73.9243604,75.45167118,77.64705882,76.12573139,"['trestbps', 'fbs', 'exang', 'oldpeak', 'thal']"
2120,Naive Bayes,74.26918799,76.14392599,77.57352941,76.66047893,"['trestbps', 'fbs', 'exang', 'slope', 'ca']"
2121,Naive Bayes,76.57026326,79.31547619,77.57352941,78.06350095,"['trestbps', 'fbs', 'exang', 'slope', 'thal']"
2122,Naive Bayes,75.26992955,77.74219249,77.53676471,77.24726627,"['trestbps', 'fbs', 'exang', 'ca', 'thal']"
2123,Naive Bayes,73.25917686,72.48804006,84.19117647,77.56891867,"['trestbps', 'fbs', 'oldpeak', 'slope', 'ca']"
2124,Naive Bayes,78.23915462,78.47953216,82.97794118,80.333973,"['trestbps', 'fbs', 'oldpeak', 'slope', 'thal']"
2125,Naive Bayes,76.20467186,76.23799081,82.42647059,78.91227837,"['trestbps', 'fbs', 'oldpeak', 'ca', 'thal']"
2126,Naive Bayes,78.15164998,79.98328022,80.51470588,79.8307121,"['trestbps', 'fbs', 'slope', 'ca', 'thal']"
2127,Naive Bayes,77.26992955,78.54411765,80.14705882,79.19305449,"['trestbps', 'restecg', 'thalach', 'exang', 'oldpeak']"
2128,Naive Bayes,73.02261772,74.14624183,77.64705882,75.77044652,"['trestbps', 'restecg', 'thalach', 'exang', 'slope']"
2129,Naive Bayes,74.95736003,77.31325864,77.05882353,77.03572455,"['trestbps', 'restecg', 'thalach', 'exang', 'ca']"
2130,Naive Bayes,75.62476826,77.70637236,78.19852941,77.60997301,"['trestbps', 'restecg', 'thalach', 'exang', 'thal']"
2131,Naive Bayes,74.66852058,74.55278794,81.94852941,77.86098919,"['trestbps', 'restecg', 'thalach', 'oldpeak', 'slope']"
2132,Naive Bayes,73.30144605,72.43582888,82.57352941,76.95933238,"['trestbps', 'restecg', 'thalach', 'oldpeak', 'ca']"
2133,Naive Bayes,76.70448647,77.03743316,81.32352941,78.92811197,"['trestbps', 'restecg', 'thalach', 'oldpeak', 'thal']"
2134,Naive Bayes,73.61401557,74.05714654,80,76.77942571,"['trestbps', 'restecg', 'thalach', 'slope', 'ca']"
2135,Naive Bayes,75.60400445,77.85114748,77.5,77.30467333,"['trestbps', 'restecg', 'thalach', 'slope', 'thal']"
2136,Naive Bayes,78.22914349,80.91981793,78.82352941,79.64217432,"['trestbps', 'restecg', 'thalach', 'ca', 'thal']"
2137,Naive Bayes,75.59176863,76.30839353,80.07352941,77.82267311,"['trestbps', 'restecg', 'exang', 'oldpeak', 'slope']"
2138,Naive Bayes,74.24619948,76.85859729,76.47058824,76.39824718,"['trestbps', 'restecg', 'exang', 'oldpeak', 'ca']"
2139,Naive Bayes,75.5925102,77.9179826,77.64705882,77.28815792,"['trestbps', 'restecg', 'exang', 'oldpeak', 'thal']"
2140,Naive Bayes,73.30218762,75.46663841,76.39705882,75.72609476,"['trestbps', 'restecg', 'exang', 'slope', 'ca']"
2141,Naive Bayes,76.57026326,79.42992899,77.57352941,78.06305292,"['trestbps', 'restecg', 'exang', 'slope', 'thal']"
2142,Naive Bayes,76.90507972,80.43680752,76.98529412,78.34858638,"['trestbps', 'restecg', 'exang', 'ca', 'thal']"
2143,Naive Bayes,73.61475714,72.77378506,84.26470588,77.7907016,"['trestbps', 'restecg', 'oldpeak', 'slope', 'ca']"
2144,Naive Bayes,77.2836485,76.79181409,83.60294118,79.80732623,"['trestbps', 'restecg', 'oldpeak', 'slope', 'thal']"
2145,Naive Bayes,76.85057471,77.44360181,82.42647059,79.46361812,"['trestbps', 'restecg', 'oldpeak', 'ca', 'thal']"
2146,Naive Bayes,79.17463849,81.30738706,81.13970588,80.84713265,"['trestbps', 'restecg', 'slope', 'ca', 'thal']"
2147,Naive Bayes,76.96959585,77.45502236,81.36029412,79.23716975,"['trestbps', 'thalach', 'exang', 'oldpeak', 'slope']"
2148,Naive Bayes,77.24842418,78.58496732,80.69852941,79.52180418,"['trestbps', 'thalach', 'exang', 'oldpeak', 'ca']"
2149,Naive Bayes,78.5609937,80.47701834,80.69852941,80.32084603,"['trestbps', 'thalach', 'exang', 'oldpeak', 'thal']"
2150,Naive Bayes,75.29217649,76.56363949,79.44852941,77.83774825,"['trestbps', 'thalach', 'exang', 'slope', 'ca']"
2151,Naive Bayes,75.2584353,78.14133987,76.36029412,77.02103926,"['trestbps', 'thalach', 'exang', 'slope', 'thal']"
2152,Naive Bayes,77.27215425,79.76495018,78.75,78.97942416,"['trestbps', 'thalach', 'exang', 'ca', 'thal']"
2153,Naive Bayes,72.96811272,72.59477124,81.28676471,76.55843039,"['trestbps', 'thalach', 'oldpeak', 'slope', 'ca']"
2154,Naive Bayes,75.32591769,77.29859056,77.61029412,77.17996041,"['trestbps', 'thalach', 'oldpeak', 'slope', 'thal']"
2155,Naive Bayes,77.61698183,77.98343899,82.46323529,79.94783801,"['trestbps', 'thalach', 'oldpeak', 'ca', 'thal']"
2156,Naive Bayes,77.85131628,79.29268118,80.47794118,79.47352393,"['trestbps', 'thalach', 'slope', 'ca', 'thal']"
2157,Naive Bayes,76.58175751,77.90131579,80.66176471,79.0988456,"['trestbps', 'exang', 'oldpeak', 'slope', 'ca']"
2158,Naive Bayes,79.56173526,81.41982407,81.28676471,80.99475782,"['trestbps', 'exang', 'oldpeak', 'slope', 'thal']"
2159,Naive Bayes,75.25991843,78.00737137,77.02205882,77.2308063,"['trestbps', 'exang', 'oldpeak', 'ca', 'thal']"
2160,Naive Bayes,78.89581016,82.45391051,78.16176471,79.98897726,"['trestbps', 'exang', 'slope', 'ca', 'thal']"
2161,Naive Bayes,77.88431591,77.60324217,83.63970588,80.3143297,"['trestbps', 'oldpeak', 'slope', 'ca', 'thal']"
2162,Naive Bayes,72.72080089,72.97385621,79.55882353,76.0976148,"['chol', 'fbs', 'restecg', 'thalach', 'exang']"
2163,Naive Bayes,71.33296255,70.41913469,81.98529412,75.43975209,"['chol', 'fbs', 'restecg', 'thalach', 'oldpeak']"
2164,Naive Bayes,71.38895069,73.04257297,75.25735294,73.93057239,"['chol', 'fbs', 'restecg', 'thalach', 'slope']"
2165,Naive Bayes,72.32443456,72.37345128,80.69852941,75.88157228,"['chol', 'fbs', 'restecg', 'thalach', 'ca']"
2166,Naive Bayes,75.558769,78.20389823,76.91176471,77.22124982,"['chol', 'fbs', 'restecg', 'thalach', 'thal']"
2167,Naive Bayes,75.55802744,75.7101086,81.28676471,78.03824503,"['chol', 'fbs', 'restecg', 'exang', 'oldpeak']"
2168,Naive Bayes,70.36447905,69.8030303,80.66176471,74.65881911,"['chol', 'fbs', 'restecg', 'exang', 'slope']"
2169,Naive Bayes,75.00185391,76.875602,78.30882353,77.32231124,"['chol', 'fbs', 'restecg', 'exang', 'ca']"
2170,Naive Bayes,73.63477938,75.92637703,76.36029412,75.80203766,"['chol', 'fbs', 'restecg', 'exang', 'thal']"
2171,Naive Bayes,70.97812384,70.24267783,82.5,75.39410735,"['chol', 'fbs', 'restecg', 'oldpeak', 'slope']"
2172,Naive Bayes,73.94809047,73.00032132,84.92647059,78.0498957,"['chol', 'fbs', 'restecg', 'oldpeak', 'ca']"
2173,Naive Bayes,78.21764924,78.9078269,83.01470588,80.44406419,"['chol', 'fbs', 'restecg', 'oldpeak', 'thal']"
2174,Naive Bayes,70.60029663,70.84951218,80.69852941,74.97923761,"['chol', 'fbs', 'restecg', 'slope', 'ca']"
2175,Naive Bayes,72.91360771,75.72817933,75.03676471,75.00070906,"['chol', 'fbs', 'restecg', 'slope', 'thal']"
2176,Naive Bayes,74.88209121,78.37101053,76.36029412,76.60671966,"['chol', 'fbs', 'restecg', 'ca', 'thal']"
2177,Naive Bayes,76.59176863,78.34325397,78.93382353,78.40769856,"['chol', 'fbs', 'thalach', 'exang', 'oldpeak']"
2178,Naive Bayes,72.33296255,73.59498624,77.02205882,75.13511927,"['chol', 'fbs', 'thalach', 'exang', 'slope']"
2179,Naive Bayes,74.34593993,76.31432749,77.09558824,76.59598082,"['chol', 'fbs', 'thalach', 'exang', 'ca']"
2180,Naive Bayes,73.01112347,75.02569395,76.36029412,75.43157037,"['chol', 'fbs', 'thalach', 'exang', 'thal']"
2181,Naive Bayes,72.98961809,73.41914836,80.11029412,76.30052627,"['chol', 'fbs', 'thalach', 'oldpeak', 'slope']"
2182,Naive Bayes,73.32443456,73.39533102,80.77205882,76.67531127,"['chol', 'fbs', 'thalach', 'oldpeak', 'ca']"
2183,Naive Bayes,76.65999258,77.01528945,81.28676471,78.95313819,"['chol', 'fbs', 'thalach', 'oldpeak', 'thal']"
2184,Naive Bayes,71.97886541,72.70794634,78.27205882,75.11397847,"['chol', 'fbs', 'thalach', 'slope', 'ca']"
2185,Naive Bayes,73.96959585,77.00647907,75.03676471,75.45872327,"['chol', 'fbs', 'thalach', 'slope', 'thal']"
2186,Naive Bayes,77.25064887,79.24067522,78.78676471,78.75843991,"['chol', 'fbs', 'thalach', 'ca', 'thal']"
2187,Naive Bayes,74.94586578,76.2628569,78.30882353,76.97218121,"['chol', 'fbs', 'exang', 'oldpeak', 'slope']"
2188,Naive Bayes,73.61253244,76.11858077,75.88235294,75.78165875,"['chol', 'fbs', 'exang', 'oldpeak', 'ca']"
2189,Naive Bayes,74.61327401,75.69979148,78.89705882,76.96116556,"['chol', 'fbs', 'exang', 'oldpeak', 'thal']"
2190,Naive Bayes,73.64627364,74.96350558,78.23529412,76.35810767,"['chol', 'fbs', 'exang', 'slope', 'ca']"
2191,Naive Bayes,75.92510197,78.33753501,77.57352941,77.60449917,"['chol', 'fbs', 'exang', 'slope', 'thal']"
2192,Naive Bayes,76.30367075,78.59156942,78.23529412,78.20144815,"['chol', 'fbs', 'exang', 'ca', 'thal']"
2193,Naive Bayes,72.96885428,72.23134708,83.08823529,76.98119837,"['chol', 'fbs', 'oldpeak', 'slope', 'ca']"
2194,Naive Bayes,77.59473489,77.2202381,83.63970588,80.07666606,"['chol', 'fbs', 'oldpeak', 'slope', 'thal']"
2195,Naive Bayes,77.20541342,77.39146887,83.08823529,79.89345075,"['chol', 'fbs', 'oldpeak', 'ca', 'thal']"
2196,Naive Bayes,79.14089729,79.84184821,82.97794118,81.01809037,"['chol', 'fbs', 'slope', 'ca', 'thal']"
2197,Naive Bayes,76.28068224,78.26563959,78.34558824,78.09699701,"['chol', 'restecg', 'thalach', 'exang', 'oldpeak']"
2198,Naive Bayes,72.35520949,73.374613,77.68382353,75.33927625,"['chol', 'restecg', 'thalach', 'exang', 'slope']"
2199,Naive Bayes,73.69002595,75.90931373,75.88235294,75.85144615,"['chol', 'restecg', 'thalach', 'exang', 'ca']"
2200,Naive Bayes,75.32295143,77.20664642,78.82352941,77.77710421,"['chol', 'restecg', 'thalach', 'exang', 'thal']"
2201,Naive Bayes,73.66852058,74.16395222,80.11029412,76.66092461,"['chol', 'restecg', 'thalach', 'oldpeak', 'slope']"
2202,Naive Bayes,72.33444568,73.16851378,78.93382353,75.72599949,"['chol', 'restecg', 'thalach', 'oldpeak', 'ca']"
2203,Naive Bayes,76.65925102,77.36894933,80.73529412,78.8500069,"['chol', 'restecg', 'thalach', 'oldpeak', 'thal']"
2204,Naive Bayes,71.95736003,72.7264239,78.23529412,75.15621399,"['chol', 'restecg', 'thalach', 'slope', 'ca']"
2205,Naive Bayes,75.60400445,77.52880865,78.08823529,77.50173482,"['chol', 'restecg', 'thalach', 'slope', 'thal']"
2206,Naive Bayes,78.88505747,80.68522409,80.625,80.4262874,"['chol', 'restecg', 'thalach', 'ca', 'thal']"
2207,Naive Bayes,74.93585465,75.65122979,79.48529412,77.2255789,"['chol', 'restecg', 'exang', 'oldpeak', 'slope']"
2208,Naive Bayes,73.26844642,75.82755153,75.88235294,75.56937017,"['chol', 'restecg', 'exang', 'oldpeak', 'ca']"
2209,Naive Bayes,74.29069336,75.3218675,78.89705882,76.70532043,"['chol', 'restecg', 'exang', 'oldpeak', 'thal']"
2210,Naive Bayes,72.96811272,73.9604526,78.19852941,75.89225403,"['chol', 'restecg', 'exang', 'slope', 'ca']"
2211,Naive Bayes,75.91434928,78.33753501,77.57352941,77.58971422,"['chol', 'restecg', 'exang', 'slope', 'thal']"
2212,Naive Bayes,76.93733778,79.10727186,79.48529412,79.00827535,"['chol', 'restecg', 'exang', 'ca', 'thal']"
2213,Naive Bayes,73.60326288,72.72112442,84.26470588,77.70086066,"['chol', 'restecg', 'oldpeak', 'slope', 'ca']"
2214,Naive Bayes,76.96106785,77.47473936,81.80147059,79.27717059,"['chol', 'restecg', 'oldpeak', 'slope', 'thal']"
2215,Naive Bayes,76.88283278,76.81175872,83.71323529,79.82622597,"['chol', 'restecg', 'oldpeak', 'ca', 'thal']"
2216,Naive Bayes,79.50797182,80.31680162,82.97794118,81.26243362,"['chol', 'restecg', 'slope', 'ca', 'thal']"
2217,Naive Bayes,77.29217649,78.49929972,80.18382353,79.12759473,"['chol', 'thalach', 'exang', 'oldpeak', 'slope']"
2218,Naive Bayes,77.24842418,79.33450047,79.52205882,79.25263067,"['chol', 'thalach', 'exang', 'oldpeak', 'ca']"
2219,Naive Bayes,78.91583241,80.84185341,80.73529412,80.60682455,"['chol', 'thalach', 'exang', 'oldpeak', 'thal']"
2220,Naive Bayes,75.65925102,77.70681606,78.30882353,77.71901756,"['chol', 'thalach', 'exang', 'slope', 'ca']"
2221,Naive Bayes,75.98034854,79.07437712,76.43382353,77.56203161,"['chol', 'thalach', 'exang', 'slope', 'thal']"
2222,Naive Bayes,77.96032629,79.97007838,80.07352941,79.78863252,"['chol', 'thalach', 'exang', 'ca', 'thal']"
2223,Naive Bayes,72.95736003,72.96705445,80.66176471,76.43710936,"['chol', 'thalach', 'oldpeak', 'slope', 'ca']"
2224,Naive Bayes,75.97107898,77.37902448,79.375,78.05130473,"['chol', 'thalach', 'oldpeak', 'slope', 'thal']"
2225,Naive Bayes,78.59547646,78.66584967,83.71323529,80.94723495,"['chol', 'thalach', 'oldpeak', 'ca', 'thal']"
2226,Naive Bayes,77.86206897,79.96400315,79.33823529,79.22521652,"['chol', 'thalach', 'slope', 'ca', 'thal']"
2227,Naive Bayes,75.60326288,76.79707234,80.11029412,78.182654,"['chol', 'exang', 'oldpeak', 'slope', 'ca']"
2228,Naive Bayes,77.8928439,80.03140203,79.48529412,79.46051598,"['chol', 'exang', 'oldpeak', 'slope', 'thal']"
2229,Naive Bayes,76.27141268,79.05555556,77.68382353,78.16290275,"['chol', 'exang', 'oldpeak', 'ca', 'thal']"
2230,Naive Bayes,77.54949944,81.90896526,76.32352941,78.65687552,"['chol', 'exang', 'slope', 'ca', 'thal']"
2231,Naive Bayes,77.86206897,78.13316993,82.97794118,80.23307331,"['chol', 'oldpeak', 'slope', 'ca', 'thal']"
2232,Naive Bayes,76.93659622,78.5270775,79.55882353,78.80542584,"['fbs', 'restecg', 'thalach', 'exang', 'oldpeak']"
2233,Naive Bayes,72.66703745,73.40931373,78.27205882,75.68238168,"['fbs', 'restecg', 'thalach', 'exang', 'slope']"
2234,Naive Bayes,74.99110122,76.8995098,77.68382353,77.19254623,"['fbs', 'restecg', 'thalach', 'exang', 'ca']"
2235,Naive Bayes,74.95736003,77.22225294,77.53676471,77.04598477,"['fbs', 'restecg', 'thalach', 'exang', 'thal']"
2236,Naive Bayes,74.33518725,74.51320704,81.94852941,77.71836122,"['fbs', 'restecg', 'thalach', 'oldpeak', 'slope']"
2237,Naive Bayes,72.99110122,73.01853098,81.36029412,76.70715559,"['fbs', 'restecg', 'thalach', 'oldpeak', 'ca']"
2238,Naive Bayes,74.68149796,75.35994398,79.48529412,77.11934211,"['fbs', 'restecg', 'thalach', 'oldpeak', 'thal']"
2239,Naive Bayes,73.92584353,74.83088235,79.41176471,76.82313941,"['fbs', 'restecg', 'thalach', 'slope', 'ca']"
2240,Naive Bayes,74.62550983,77.72726809,75.66176471,76.13402723,"['fbs', 'restecg', 'thalach', 'slope', 'thal']"
2241,Naive Bayes,78.20763812,80.56379164,79.375,79.72459642,"['fbs', 'restecg', 'thalach', 'ca', 'thal']"
2242,Naive Bayes,75.94660734,76.75377168,80.11029412,78.03600458,"['fbs', 'restecg', 'exang', 'oldpeak', 'slope']"
2243,Naive Bayes,73.90211346,76.10124434,77.05882353,76.29339615,"['fbs', 'restecg', 'exang', 'oldpeak', 'ca']"
2244,Naive Bayes,74.93585465,76.15812481,78.89705882,77.1694989,"['fbs', 'restecg', 'exang', 'oldpeak', 'thal']"
2245,Naive Bayes,73.94660734,75.51075606,78.19852941,76.62581506,"['fbs', 'restecg', 'exang', 'slope', 'ca']"
2246,Naive Bayes,76.24768261,78.83753501,77.57352941,77.8317719,"['fbs', 'restecg', 'exang', 'slope', 'thal']"
2247,Naive Bayes,77.58324064,79.54650342,80.66176471,79.75436444,"['fbs', 'restecg', 'exang', 'ca', 'thal']"
2248,Naive Bayes,73.26992955,71.99824393,85.47794118,77.88033588,"['fbs', 'restecg', 'oldpeak', 'slope', 'ca']"
2249,Naive Bayes,77.59473489,77.72859231,83.01470588,79.99620208,"['fbs', 'restecg', 'oldpeak', 'slope', 'thal']"
2250,Naive Bayes,76.89358547,76.10205103,84.92647059,80.02523466,"['fbs', 'restecg', 'oldpeak', 'ca', 'thal']"
2251,Naive Bayes,79.83055247,80.97478992,82.97794118,81.72366596,"['fbs', 'restecg', 'slope', 'ca', 'thal']"
2252,Naive Bayes,77.30367075,77.97738218,81.36029412,79.46291459,"['fbs', 'thalach', 'exang', 'oldpeak', 'slope']"
2253,Naive Bayes,77.24842418,79.35084034,79.48529412,79.25683235,"['fbs', 'thalach', 'exang', 'oldpeak', 'ca']"
2254,Naive Bayes,78.90507972,80.47381321,81.32352941,80.71356353,"['fbs', 'thalach', 'exang', 'oldpeak', 'thal']"
2255,Naive Bayes,75.32591769,76.6713352,78.89705882,77.55242482,"['fbs', 'thalach', 'exang', 'slope', 'ca']"
2256,Naive Bayes,74.61327401,78.15918803,74.55882353,76.09219989,"['fbs', 'thalach', 'exang', 'slope', 'thal']"
2257,Naive Bayes,78.27215425,79.89487198,81.25,80.32369136,"['fbs', 'thalach', 'exang', 'ca', 'thal']"
2258,Naive Bayes,73.60177976,73.80657526,80.66176471,76.90515753,"['fbs', 'thalach', 'oldpeak', 'slope', 'ca']"
2259,Naive Bayes,75.2814238,76.46405323,79.41176471,77.60617703,"['fbs', 'thalach', 'oldpeak', 'slope', 'thal']"
2260,Naive Bayes,78.29440119,78.13660991,83.75,80.71996223,"['fbs', 'thalach', 'oldpeak', 'ca', 'thal']"
2261,Naive Bayes,77.21690768,79.53715364,78.71323529,78.48671166,"['fbs', 'thalach', 'slope', 'ca', 'thal']"
2262,Naive Bayes,76.23692992,77.98101258,79.44852941,78.47015082,"['fbs', 'exang', 'oldpeak', 'slope', 'ca']"
2263,Naive Bayes,78.88283278,80.6961323,80.69852941,80.28705441,"['fbs', 'exang', 'oldpeak', 'slope', 'thal']"
2264,Naive Bayes,77.26065999,79.69177847,78.86029412,79.13257781,"['fbs', 'exang', 'oldpeak', 'ca', 'thal']"
2265,Naive Bayes,77.57174638,81.11170696,77.53676471,78.99217165,"['fbs', 'exang', 'slope', 'ca', 'thal']"
2266,Naive Bayes,77.85057471,78.23155929,82.97794118,80.2461476,"['fbs', 'oldpeak', 'slope', 'ca', 'thal']"
2267,Naive Bayes,76.62476826,77.9274043,79.55882353,78.55616616,"['restecg', 'thalach', 'exang', 'oldpeak', 'slope']"
2268,Naive Bayes,76.90433815,79.18744164,78.86029412,78.86925914,"['restecg', 'thalach', 'exang', 'oldpeak', 'ca']"
2269,Naive Bayes,78.91583241,80.40114379,81.36029412,80.70526627,"['restecg', 'thalach', 'exang', 'oldpeak', 'thal']"
2270,Naive Bayes,74.9810901,77.08123249,77.64705882,77.15058281,"['restecg', 'thalach', 'exang', 'slope', 'ca']"
2271,Naive Bayes,76.31442343,79.27975671,77.05882353,77.83463991,"['restecg', 'thalach', 'exang', 'slope', 'thal']"
2272,Naive Bayes,78.93956248,80.48396727,81.875,80.89231881,"['restecg', 'thalach', 'exang', 'ca', 'thal']"
2273,Naive Bayes,72.96811272,73.1013809,80.07352941,76.24769957,"['restecg', 'thalach', 'oldpeak', 'slope', 'ca']"
2274,Naive Bayes,75.99332592,77.11044863,80.03676471,78.19053315,"['restecg', 'thalach', 'oldpeak', 'slope', 'thal']"
2275,Naive Bayes,77.62773452,78.17245933,82.57352941,80.09657757,"['restecg', 'thalach', 'oldpeak', 'ca', 'thal']"
2276,Naive Bayes,77.53948832,79.29907962,79.96323529,79.25852007,"['restecg', 'thalach', 'slope', 'ca', 'thal']"
2277,Naive Bayes,75.93733778,78.05566471,78.86029412,78.15401781,"['restecg', 'exang', 'oldpeak', 'slope', 'ca']"
2278,Naive Bayes,78.2269188,80.47444592,79.48529412,79.56758285,"['restecg', 'exang', 'oldpeak', 'slope', 'thal']"
2279,Naive Bayes,75.94883204,78.74638189,77.68382353,77.93353039,"['restecg', 'exang', 'oldpeak', 'ca', 'thal']"
2280,Naive Bayes,78.29440119,82.14917195,77.64705882,79.36429777,"['restecg', 'exang', 'slope', 'ca', 'thal']"
2281,Naive Bayes,77.88431591,78.7647796,81.80147059,79.99043463,"['restecg', 'oldpeak', 'slope', 'ca', 'thal']"
2282,Naive Bayes,78.29365962,78.40686275,83.19852941,80.61038961,"['thalach', 'exang', 'oldpeak', 'slope', 'ca']"
2283,Naive Bayes,79.90507972,81.1191889,82.57352941,81.57372861,"['thalach', 'exang', 'oldpeak', 'slope', 'thal']"
2284,Naive Bayes,78.53948832,80.51040592,80.66176471,80.44122884,"['thalach', 'exang', 'oldpeak', 'ca', 'thal']"
2285,Naive Bayes,78.90582128,80.95252838,80.66176471,80.6520662,"['thalach', 'exang', 'slope', 'ca', 'thal']"
2286,Naive Bayes,80.22914349,80.23637525,84.96323529,82.34290314,"['thalach', 'oldpeak', 'slope', 'ca', 'thal']"
2287,Naive Bayes,78.23915462,79.8021463,80.69852941,80.031796,"['exang', 'oldpeak', 'slope', 'ca', 'thal']"
2288,Naive Bayes,70.88691138,72.89254386,75.03676471,73.55551404,"['age', 'sex', 'cp', 'trestbps', 'chol', 'fbs']"
2289,Naive Bayes,73.83388951,75.73738834,76.875,75.95792983,"['age', 'sex', 'cp', 'trestbps', 'chol', 'restecg']"
2290,Naive Bayes,76.26770486,76.81863974,81.83823529,78.89608379,"['age', 'sex', 'cp', 'trestbps', 'chol', 'thalach']"
2291,Naive Bayes,76.24619948,76.83718346,81.875,78.98304405,"['age', 'sex', 'cp', 'trestbps', 'chol', 'exang']"
2292,Naive Bayes,77.87059696,77.56515565,84.33823529,80.49872006,"['age', 'sex', 'cp', 'trestbps', 'chol', 'oldpeak']"
2293,Naive Bayes,77.1931776,77.74922601,81.76470588,79.60448891,"['age', 'sex', 'cp', 'trestbps', 'chol', 'slope']"
2294,Naive Bayes,76.84835002,77.52164167,83.05147059,79.87334423,"['age', 'sex', 'cp', 'trestbps', 'chol', 'ca']"
2295,Naive Bayes,78.15943641,81.95658263,77.5,79.313213,"['age', 'sex', 'cp', 'trestbps', 'chol', 'thal']"
2296,Naive Bayes,73.48980349,76.09118384,75.58823529,75.51996734,"['age', 'sex', 'cp', 'trestbps', 'fbs', 'restecg']"
2297,Naive Bayes,75.91360771,76.46460372,81.21323529,78.47586112,"['age', 'sex', 'cp', 'trestbps', 'fbs', 'thalach']"
2298,Naive Bayes,76.2246941,77.09617038,81.21323529,78.80722987,"['age', 'sex', 'cp', 'trestbps', 'fbs', 'exang']"
2299,Naive Bayes,76.89210234,76.92387271,83.125,79.57903534,"['age', 'sex', 'cp', 'trestbps', 'fbs', 'oldpeak']"
2300,Naive Bayes,77.47200593,78.87036218,80.47794118,79.52141912,"['age', 'sex', 'cp', 'trestbps', 'fbs', 'slope']"
2301,Naive Bayes,75.83685577,77.05954894,81.17647059,78.73653496,"['age', 'sex', 'cp', 'trestbps', 'fbs', 'ca']"
2302,Naive Bayes,77.48127549,81.67693366,76.83823529,78.69431834,"['age', 'sex', 'cp', 'trestbps', 'fbs', 'thal']"
2303,Naive Bayes,76.60252132,76.77335496,82.5,79.30880346,"['age', 'sex', 'cp', 'trestbps', 'restecg', 'thalach']"
2304,Naive Bayes,75.8676307,76.40497076,81.83823529,78.76307472,"['age', 'sex', 'cp', 'trestbps', 'restecg', 'exang']"
2305,Naive Bayes,78.86058584,78.72770775,84.96323529,81.31410076,"['age', 'sex', 'cp', 'trestbps', 'restecg', 'oldpeak']"
2306,Naive Bayes,76.43752317,77.81825274,79.85294118,78.70079043,"['age', 'sex', 'cp', 'trestbps', 'restecg', 'slope']"
2307,Naive Bayes,76.80385614,77.67246441,82.97794118,79.86667504,"['age', 'sex', 'cp', 'trestbps', 'restecg', 'ca']"
2308,Naive Bayes,78.12643678,81.17743123,78.71323529,79.65398732,"['age', 'sex', 'cp', 'trestbps', 'restecg', 'thal']"
2309,Naive Bayes,76.60177976,76.53683086,83.125,79.40584319,"['age', 'sex', 'cp', 'trestbps', 'thalach', 'exang']"
2310,Naive Bayes,77.89210234,77.16722005,85.55147059,80.89767285,"['age', 'sex', 'cp', 'trestbps', 'thalach', 'oldpeak']"
2311,Naive Bayes,75.85836114,76.44419873,81.13970588,78.58070468,"['age', 'sex', 'cp', 'trestbps', 'thalach', 'slope']"
2312,Naive Bayes,77.79458658,77.21999746,85.40441176,80.91781584,"['age', 'sex', 'cp', 'trestbps', 'thalach', 'ca']"
2313,Naive Bayes,78.51575825,81.69010762,79.30147059,79.97822765,"['age', 'sex', 'cp', 'trestbps', 'thalach', 'thal']"
2314,Naive Bayes,80.19391917,79.71409529,85.55147059,82.30152335,"['age', 'sex', 'cp', 'trestbps', 'exang', 'oldpeak']"
2315,Naive Bayes,77.22543567,76.88786918,83.63970588,79.9876616,"['age', 'sex', 'cp', 'trestbps', 'exang', 'slope']"
2316,Naive Bayes,78.20467186,79.38377193,81.875,80.45180902,"['age', 'sex', 'cp', 'trestbps', 'exang', 'ca']"
2317,Naive Bayes,77.85910271,80.46428666,79.30147059,79.54821615,"['age', 'sex', 'cp', 'trestbps', 'exang', 'thal']"
2318,Naive Bayes,79.54875788,78.88141923,86.10294118,82.20399642,"['age', 'sex', 'cp', 'trestbps', 'oldpeak', 'slope']"
2319,Naive Bayes,81.47497219,81.16825821,87.27941176,83.83983857,"['age', 'sex', 'cp', 'trestbps', 'oldpeak', 'ca']"
2320,Naive Bayes,80.18390805,82.28011204,81.83823529,81.7023166,"['age', 'sex', 'cp', 'trestbps', 'oldpeak', 'thal']"
2321,Naive Bayes,78.76158695,78.6374269,85.36764706,81.6698112,"['age', 'sex', 'cp', 'trestbps', 'slope', 'ca']"
2322,Naive Bayes,79.16240267,82.64240258,79.19117647,80.18656436,"['age', 'sex', 'cp', 'trestbps', 'slope', 'thal']"
2323,Naive Bayes,76.80385614,79.48825117,79.30147059,78.91969651,"['age', 'sex', 'cp', 'trestbps', 'ca', 'thal']"
2324,Naive Bayes,70.22098628,71.67119344,75.58823529,73.18164382,"['age', 'sex', 'cp', 'chol', 'fbs', 'restecg']"
2325,Naive Bayes,75.94660734,76.04719408,82.42647059,78.71375553,"['age', 'sex', 'cp', 'chol', 'fbs', 'thalach']"
2326,Naive Bayes,75.90137189,77.06148951,80.58823529,78.4783349,"['age', 'sex', 'cp', 'chol', 'fbs', 'exang']"
2327,Naive Bayes,77.57100482,77.83890539,83.125,80.06193153,"['age', 'sex', 'cp', 'chol', 'fbs', 'oldpeak']"
2328,Naive Bayes,76.4705228,78.04063467,79.30147059,78.57443711,"['age', 'sex', 'cp', 'chol', 'fbs', 'slope']"
2329,Naive Bayes,74.51353356,76.01618523,79.96323529,77.54884228,"['age', 'sex', 'cp', 'chol', 'fbs', 'ca']"
2330,Naive Bayes,76.51353356,79.68536774,76.28676471,77.59257794,"['age', 'sex', 'cp', 'chol', 'fbs', 'thal']"
2331,Naive Bayes,74.60103819,74.74193952,81.83823529,77.67787406,"['age', 'sex', 'cp', 'chol', 'restecg', 'thalach']"
2332,Naive Bayes,76.30144605,77.94632414,80.03676471,78.58363272,"['age', 'sex', 'cp', 'chol', 'restecg', 'exang']"
2333,Naive Bayes,78.87208009,79.00229653,84.30147059,81.17310448,"['age', 'sex', 'cp', 'chol', 'restecg', 'oldpeak']"
2334,Naive Bayes,74.48053393,76.11111111,78.125,76.99851216,"['age', 'sex', 'cp', 'chol', 'restecg', 'slope']"
2335,Naive Bayes,75.20244716,76.5080583,80.625,78.16455079,"['age', 'sex', 'cp', 'chol', 'restecg', 'ca']"
2336,Naive Bayes,79.1386726,82.31620955,79.33823529,80.43364723,"['age', 'sex', 'cp', 'chol', 'restecg', 'thal']"
2337,Naive Bayes,76.94660734,78.09799622,81.28676471,79.34763717,"['age', 'sex', 'cp', 'chol', 'thalach', 'exang']"
2338,Naive Bayes,78.57100482,77.87407967,86.13970588,81.46758556,"['age', 'sex', 'cp', 'chol', 'thalach', 'oldpeak']"
2339,Naive Bayes,76.1701891,76.7125851,81.06617647,78.57879937,"['age', 'sex', 'cp', 'chol', 'thalach', 'slope']"
2340,Naive Bayes,77.18316648,76.10185446,85.44117647,80.34746541,"['age', 'sex', 'cp', 'chol', 'thalach', 'ca']"
2341,Naive Bayes,78.87208009,80.76301829,81.17647059,80.43088046,"['age', 'sex', 'cp', 'chol', 'thalach', 'thal']"
2342,Naive Bayes,79.25991843,79.80349157,83.19852941,81.25081802,"['age', 'sex', 'cp', 'chol', 'exang', 'oldpeak']"
2343,Naive Bayes,76.29143493,76.67737972,81.83823529,79.01465369,"['age', 'sex', 'cp', 'chol', 'exang', 'slope']"
2344,Naive Bayes,77.25917686,79.07962544,80.03676471,79.4017215,"['age', 'sex', 'cp', 'chol', 'exang', 'ca']"
2345,Naive Bayes,77.24694105,79.63803976,79.375,79.24769573,"['age', 'sex', 'cp', 'chol', 'exang', 'thal']"
2346,Naive Bayes,78.91583241,78.41377005,85.47794118,81.60409293,"['age', 'sex', 'cp', 'chol', 'oldpeak', 'slope']"
2347,Naive Bayes,80.53021876,80.46930946,86.69117647,83.14367929,"['age', 'sex', 'cp', 'chol', 'oldpeak', 'ca']"
2348,Naive Bayes,80.87282165,82.91701681,82.5,82.39933866,"['age', 'sex', 'cp', 'chol', 'oldpeak', 'thal']"
2349,Naive Bayes,79.12940304,78.36531279,85.99264706,81.8520826,"['age', 'sex', 'cp', 'chol', 'slope', 'ca']"
2350,Naive Bayes,78.17241379,81.18674136,78.63970588,79.37854,"['age', 'sex', 'cp', 'chol', 'slope', 'thal']"
2351,Naive Bayes,79.49425287,81.42670023,81.80147059,81.34337544,"['age', 'sex', 'cp', 'chol', 'ca', 'thal']"
2352,Naive Bayes,75.61401557,75.17460317,83.08823529,78.69109711,"['age', 'sex', 'cp', 'fbs', 'restecg', 'thalach']"
2353,Naive Bayes,76.9243604,78.06957344,81.21323529,79.26194567,"['age', 'sex', 'cp', 'fbs', 'restecg', 'exang']"
2354,Naive Bayes,77.54875788,78.13981504,83.05147059,80.02754184,"['age', 'sex', 'cp', 'fbs', 'restecg', 'oldpeak']"
2355,Naive Bayes,75.11420096,77.15974372,77.46323529,77.21698415,"['age', 'sex', 'cp', 'fbs', 'restecg', 'slope']"
2356,Naive Bayes,75.53652206,76.69102183,81.21323529,78.53269654,"['age', 'sex', 'cp', 'fbs', 'restecg', 'ca']"
2357,Naive Bayes,78.80533927,82.27637438,78.71323529,80.01302836,"['age', 'sex', 'cp', 'fbs', 'restecg', 'thal']"
2358,Naive Bayes,75.93511309,77.13600791,80.66176471,78.52589947,"['age', 'sex', 'cp', 'fbs', 'thalach', 'exang']"
2359,Naive Bayes,77.87059696,77.26592551,85.47794118,80.88424479,"['age', 'sex', 'cp', 'fbs', 'thalach', 'oldpeak']"
2360,Naive Bayes,76.54801631,77.38302139,81.13970588,79.02577208,"['age', 'sex', 'cp', 'fbs', 'thalach', 'slope']"
2361,Naive Bayes,77.18316648,76.29711534,84.81617647,80.22829361,"['age', 'sex', 'cp', 'fbs', 'thalach', 'ca']"
2362,Naive Bayes,79.18390805,81.36075036,81.10294118,80.71715949,"['age', 'sex', 'cp', 'fbs', 'thalach', 'thal']"
2363,Naive Bayes,79.21542455,79.06789646,84.33823529,81.45333559,"['age', 'sex', 'cp', 'fbs', 'exang', 'oldpeak']"
2364,Naive Bayes,75.94734891,76.339857,81.76470588,78.71765014,"['age', 'sex', 'cp', 'fbs', 'exang', 'slope']"
2365,Naive Bayes,76.91509084,78.32679739,80.66176471,79.295255,"['age', 'sex', 'cp', 'fbs', 'exang', 'ca']"
2366,Naive Bayes,77.23618836,79.75853331,79.33823529,79.2219705,"['age', 'sex', 'cp', 'fbs', 'exang', 'thal']"
2367,Naive Bayes,78.91583241,78.43922585,85.47794118,81.64171879,"['age', 'sex', 'cp', 'fbs', 'oldpeak', 'slope']"
2368,Naive Bayes,81.1638858,80.43051311,87.86764706,83.75753415,"['age', 'sex', 'cp', 'fbs', 'oldpeak', 'ca']"
2369,Naive Bayes,80.18390805,82.37677763,81.83823529,81.73982981,"['age', 'sex', 'cp', 'fbs', 'oldpeak', 'thal']"
2370,Naive Bayes,78.46347794,78.07025362,85.33088235,81.33311764,"['age', 'sex', 'cp', 'fbs', 'slope', 'ca']"
2371,Naive Bayes,78.48424175,81.64997833,78.60294118,79.52755534,"['age', 'sex', 'cp', 'fbs', 'slope', 'thal']"
2372,Naive Bayes,78.82758621,80.55807269,81.76470588,80.80114057,"['age', 'sex', 'cp', 'fbs', 'ca', 'thal']"
2373,Naive Bayes,75.34519837,75.91429176,81.32352941,78.30213433,"['age', 'sex', 'cp', 'restecg', 'thalach', 'exang']"
2374,Naive Bayes,78.54875788,77.31840684,86.69117647,81.50050551,"['age', 'sex', 'cp', 'restecg', 'thalach', 'oldpeak']"
2375,Naive Bayes,75.84760845,76.54068996,80.51470588,78.25711042,"['age', 'sex', 'cp', 'restecg', 'thalach', 'slope']"
2376,Naive Bayes,76.84909158,76.04911682,84.85294118,80.0556437,"['age', 'sex', 'cp', 'restecg', 'thalach', 'ca']"
2377,Naive Bayes,79.49499444,81.9148685,81.17647059,81.03573049,"['age', 'sex', 'cp', 'restecg', 'thalach', 'thal']"
2378,Naive Bayes,79.93807935,79.96121431,84.41176471,81.94405158,"['age', 'sex', 'cp', 'restecg', 'exang', 'oldpeak']"
2379,Naive Bayes,76.94809047,77.19616443,82.42647059,79.60052391,"['age', 'sex', 'cp', 'restecg', 'exang', 'slope']"
2380,Naive Bayes,78.28216537,79.31940144,81.94852941,80.49640311,"['age', 'sex', 'cp', 'restecg', 'exang', 'ca']"
2381,Naive Bayes,78.87059696,80.45373851,81.83823529,80.94741533,"['age', 'sex', 'cp', 'restecg', 'exang', 'thal']"
2382,Naive Bayes,78.87133852,78.57113316,85.44117647,81.54654362,"['age', 'sex', 'cp', 'restecg', 'oldpeak', 'slope']"
2383,Naive Bayes,81.84278828,80.98039216,89.11764706,84.56616529,"['age', 'sex', 'cp', 'restecg', 'oldpeak', 'ca']"
2384,Naive Bayes,80.81831665,82.4592179,83.05147059,82.52807487,"['age', 'sex', 'cp', 'restecg', 'oldpeak', 'thal']"
2385,Naive Bayes,79.46347794,78.85248661,86.61764706,82.39152541,"['age', 'sex', 'cp', 'restecg', 'slope', 'ca']"
2386,Naive Bayes,80.16240267,82.69683258,81.10294118,81.57843705,"['age', 'sex', 'cp', 'restecg', 'slope', 'thal']"
2387,Naive Bayes,79.47348906,81.45348288,82.38970588,81.48561908,"['age', 'sex', 'cp', 'restecg', 'ca', 'thal']"
2388,Naive Bayes,79.92732666,79.54828861,85,82.08284526,"['age', 'sex', 'cp', 'thalach', 'exang', 'oldpeak']"
2389,Naive Bayes,75.32369299,75.65230478,81.28676471,78.26602202,"['age', 'sex', 'cp', 'thalach', 'exang', 'slope']"
2390,Naive Bayes,78.90582128,80.50490196,81.875,80.96678261,"['age', 'sex', 'cp', 'thalach', 'exang', 'ca']"
2391,Naive Bayes,78.94809047,80.80090167,81.875,81.08552381,"['age', 'sex', 'cp', 'thalach', 'exang', 'thal']"
2392,Naive Bayes,77.59325176,76.96486928,84.88970588,80.59155662,"['age', 'sex', 'cp', 'thalach', 'oldpeak', 'slope']"
2393,Naive Bayes,79.84130515,78.93662972,87.27941176,82.72515508,"['age', 'sex', 'cp', 'thalach', 'oldpeak', 'ca']"
2394,Naive Bayes,82.51946607,84.04974682,84.85294118,84.06976652,"['age', 'sex', 'cp', 'thalach', 'oldpeak', 'thal']"
2395,Naive Bayes,79.16314423,79.25735294,84.81617647,81.78156566,"['age', 'sex', 'cp', 'thalach', 'slope', 'ca']"
2396,Naive Bayes,79.84056359,82.25296934,81.10294118,81.42381216,"['age', 'sex', 'cp', 'thalach', 'slope', 'thal']"
2397,Naive Bayes,80.47348906,80.696791,85.40441176,82.76427303,"['age', 'sex', 'cp', 'thalach', 'ca', 'thal']"
2398,Naive Bayes,78.58249907,79.34269497,81.91176471,80.41554197,"['age', 'sex', 'cp', 'exang', 'oldpeak', 'slope']"
2399,Naive Bayes,80.52873563,81.11764706,84.33823529,82.56699346,"['age', 'sex', 'cp', 'exang', 'oldpeak', 'ca']"
2400,Naive Bayes,81.8068224,82.88137009,84.19117647,83.35320602,"['age', 'sex', 'cp', 'exang', 'oldpeak', 'thal']"
2401,Naive Bayes,77.6154987,78.89094673,81.28676471,79.85424596,"['age', 'sex', 'cp', 'exang', 'slope', 'ca']"
2402,Naive Bayes,81.1954023,83.88504963,81.83823529,82.63633283,"['age', 'sex', 'cp', 'exang', 'slope', 'thal']"
2403,Naive Bayes,79.53874676,81.64684997,81.80147059,81.39866142,"['age', 'sex', 'cp', 'exang', 'ca', 'thal']"
2404,Naive Bayes,78.82906934,78.35375817,85.40441176,81.59527418,"['age', 'sex', 'cp', 'oldpeak', 'slope', 'ca']"
2405,Naive Bayes,81.20763812,83.6914907,81.83823529,82.47127308,"['age', 'sex', 'cp', 'oldpeak', 'slope', 'thal']"
2406,Naive Bayes,81.1638858,81.40436877,85.44117647,83.22897152,"['age', 'sex', 'cp', 'oldpeak', 'ca', 'thal']"
2407,Naive Bayes,80.46273637,82.07679361,82.97794118,82.25264604,"['age', 'sex', 'cp', 'slope', 'ca', 'thal']"
2408,Naive Bayes,65.9054505,69.66908079,67.86764706,68.62726821,"['age', 'sex', 'trestbps', 'chol', 'fbs', 'restecg']"
2409,Naive Bayes,70.18724509,72.63352007,73.30882353,72.68883473,"['age', 'sex', 'trestbps', 'chol', 'fbs', 'thalach']"
2410,Naive Bayes,71.58880237,71.77135854,79.33823529,75.23740364,"['age', 'sex', 'trestbps', 'chol', 'fbs', 'exang']"
2411,Naive Bayes,72.32220986,71.59528724,81.875,76.30587417,"['age', 'sex', 'trestbps', 'chol', 'fbs', 'oldpeak']"
2412,Naive Bayes,71.24471635,72.54600405,77.5,74.49462259,"['age', 'sex', 'trestbps', 'chol', 'fbs', 'slope']"
2413,Naive Bayes,73.15869485,74.73611206,78.125,76.08095079,"['age', 'sex', 'trestbps', 'chol', 'fbs', 'ca']"
2414,Naive Bayes,69.18650352,72.90218661,71.98529412,71.92596819,"['age', 'sex', 'trestbps', 'chol', 'fbs', 'thal']"
2415,Naive Bayes,69.66555432,71.77275575,73.41911765,72.20206335,"['age', 'sex', 'trestbps', 'chol', 'restecg', 'thalach']"
2416,Naive Bayes,72.64404894,73.45073468,78.82352941,75.80507009,"['age', 'sex', 'trestbps', 'chol', 'restecg', 'exang']"
2417,Naive Bayes,71.02187616,71.28018576,79.52205882,74.96006396,"['age', 'sex', 'trestbps', 'chol', 'restecg', 'oldpeak']"
2418,Naive Bayes,71.28921023,72.59332824,76.98529412,74.37372284,"['age', 'sex', 'trestbps', 'chol', 'restecg', 'slope']"
2419,Naive Bayes,73.84760845,75.35550887,78.82352941,76.72922807,"['age', 'sex', 'trestbps', 'chol', 'restecg', 'ca']"
2420,Naive Bayes,72.5335558,76.1396591,74.52205882,74.88752183,"['age', 'sex', 'trestbps', 'chol', 'restecg', 'thal']"
2421,Naive Bayes,75.23470523,75.66825765,81.25,78.18875962,"['age', 'sex', 'trestbps', 'chol', 'thalach', 'exang']"
2422,Naive Bayes,74.34593993,73.88926025,82.02205882,77.52130688,"['age', 'sex', 'trestbps', 'chol', 'thalach', 'oldpeak']"
2423,Naive Bayes,73.63552095,74.93182685,78.19852941,76.2272296,"['age', 'sex', 'trestbps', 'chol', 'thalach', 'slope']"
2424,Naive Bayes,74.16870597,75.48090815,78.78676471,76.88666004,"['age', 'sex', 'trestbps', 'chol', 'thalach', 'ca']"
2425,Naive Bayes,75.85910271,79.09957853,76.28676471,77.3160764,"['age', 'sex', 'trestbps', 'chol', 'thalach', 'thal']"
2426,Naive Bayes,75.88060808,76.10100284,81.91176471,78.52742663,"['age', 'sex', 'trestbps', 'chol', 'exang', 'oldpeak']"
2427,Naive Bayes,75.57026326,77.41032115,78.125,77.59457957,"['age', 'sex', 'trestbps', 'chol', 'exang', 'slope']"
2428,Naive Bayes,74.23470523,75.72824832,78.19852941,76.75642574,"['age', 'sex', 'trestbps', 'chol', 'exang', 'ca']"
2429,Naive Bayes,74.26696329,77.44120718,75.14705882,75.95310006,"['age', 'sex', 'trestbps', 'chol', 'exang', 'thal']"
2430,Naive Bayes,71.96811272,71.55702983,80.625,75.69542117,"['age', 'sex', 'trestbps', 'chol', 'oldpeak', 'slope']"
2431,Naive Bayes,74.30218762,74.59199079,80.80882353,77.1305949,"['age', 'sex', 'trestbps', 'chol', 'oldpeak', 'ca']"
2432,Naive Bayes,74.90285502,76.35645486,78.23529412,77.02903561,"['age', 'sex', 'trestbps', 'chol', 'oldpeak', 'thal']"
2433,Naive Bayes,74.10344828,75.74676274,78.71323529,76.88744589,"['age', 'sex', 'trestbps', 'chol', 'slope', 'ca']"
2434,Naive Bayes,75.21394142,78.75531825,75.11029412,76.52826334,"['age', 'sex', 'trestbps', 'chol', 'slope', 'thal']"
2435,Naive Bayes,74.74712644,76.97880353,78.125,77.18892709,"['age', 'sex', 'trestbps', 'chol', 'ca', 'thal']"
2436,Naive Bayes,71.2562106,72.85613077,76.32352941,74.14033409,"['age', 'sex', 'trestbps', 'fbs', 'restecg', 'thalach']"
2437,Naive Bayes,70.27623285,71.27777778,76.91176471,73.7062048,"['age', 'sex', 'trestbps', 'fbs', 'restecg', 'exang']"
2438,Naive Bayes,71.94512421,71.12909618,82.42647059,76.23236809,"['age', 'sex', 'trestbps', 'fbs', 'restecg', 'oldpeak']"
2439,Naive Bayes,70.26622173,71.17358961,76.91176471,73.71415419,"['age', 'sex', 'trestbps', 'fbs', 'restecg', 'slope']"
2440,Naive Bayes,72.51279199,74.35365802,78.19852941,75.84999151,"['age', 'sex', 'trestbps', 'fbs', 'restecg', 'ca']"
2441,Naive Bayes,71.85539488,76.09616046,72.68382353,73.9085904,"['age', 'sex', 'trestbps', 'fbs', 'restecg', 'thal']"
2442,Naive Bayes,73.58880237,74.27257482,79.41176471,76.57694126,"['age', 'sex', 'trestbps', 'fbs', 'thalach', 'exang']"
2443,Naive Bayes,73.99035966,74.20014776,80.73529412,77.1212138,"['age', 'sex', 'trestbps', 'fbs', 'thalach', 'oldpeak']"
2444,Naive Bayes,72.2899518,73.67924993,76.98529412,75.06058007,"['age', 'sex', 'trestbps', 'fbs', 'thalach', 'slope']"
2445,Naive Bayes,73.84612532,74.86032483,79.41176471,76.80928913,"['age', 'sex', 'trestbps', 'fbs', 'thalach', 'ca']"
2446,Naive Bayes,75.85910271,79.66338971,75.07352941,76.99780765,"['age', 'sex', 'trestbps', 'fbs', 'thalach', 'thal']"
2447,Naive Bayes,74.89136077,76.24758867,79.44852941,77.37714091,"['age', 'sex', 'trestbps', 'fbs', 'exang', 'oldpeak']"
2448,Naive Bayes,74.59176863,75.88022139,78.71323529,77.06594562,"['age', 'sex', 'trestbps', 'fbs', 'exang', 'slope']"
2449,Naive Bayes,74.22395254,76.22338936,77.57352941,76.64435024,"['age', 'sex', 'trestbps', 'fbs', 'exang', 'ca']"
2450,Naive Bayes,74.5902855,78.05083341,75.11029412,76.1312914,"['age', 'sex', 'trestbps', 'fbs', 'exang', 'thal']"
2451,Naive Bayes,72.63477938,72.34031156,80.625,76.1290431,"['age', 'sex', 'trestbps', 'fbs', 'oldpeak', 'slope']"
2452,Naive Bayes,73.96885428,74.85084872,79.55882353,76.69884038,"['age', 'sex', 'trestbps', 'fbs', 'oldpeak', 'ca']"
2453,Naive Bayes,73.9243604,75.99346405,76.39705882,75.88706466,"['age', 'sex', 'trestbps', 'fbs', 'oldpeak', 'thal']"
2454,Naive Bayes,74.49202818,75.71052632,79.375,77.2623067,"['age', 'sex', 'trestbps', 'fbs', 'slope', 'ca']"
2455,Naive Bayes,74.89210234,78.84320745,74.52205882,76.17111743,"['age', 'sex', 'trestbps', 'fbs', 'slope', 'thal']"
2456,Naive Bayes,75.4475343,77.50616832,78.75,77.80398674,"['age', 'sex', 'trestbps', 'fbs', 'ca', 'thal']"
2457,Naive Bayes,73.21097516,73.89864981,79.375,76.31466914,"['age', 'sex', 'trestbps', 'restecg', 'thalach', 'exang']"
2458,Naive Bayes,74.34593993,74.01804422,81.98529412,77.64399412,"['age', 'sex', 'trestbps', 'restecg', 'thalach', 'oldpeak']"
2459,Naive Bayes,72.60177976,73.82706767,77.61029412,75.44439307,"['age', 'sex', 'trestbps', 'restecg', 'thalach', 'slope']"
2460,Naive Bayes,74.50278087,75.50137599,80,77.40120505,"['age', 'sex', 'trestbps', 'restecg', 'thalach', 'ca']"
2461,Naive Bayes,74.5020393,77.9814336,75.11029412,76.15990298,"['age', 'sex', 'trestbps', 'restecg', 'thalach', 'thal']"
2462,Naive Bayes,76.558769,77.36290146,81.32352941,78.90244745,"['age', 'sex', 'trestbps', 'restecg', 'exang', 'oldpeak']"
2463,Naive Bayes,74.9243604,76.61512851,78.16176471,77.19630125,"['age', 'sex', 'trestbps', 'restecg', 'exang', 'slope']"
2464,Naive Bayes,74.52428624,76.17572731,78.78676471,77.28379743,"['age', 'sex', 'trestbps', 'restecg', 'exang', 'ca']"
2465,Naive Bayes,73.92287727,77.78472697,73.89705882,75.39059521,"['age', 'sex', 'trestbps', 'restecg', 'exang', 'thal']"
2466,Naive Bayes,71.94512421,71.87240829,80.625,75.70001568,"['age', 'sex', 'trestbps', 'restecg', 'oldpeak', 'slope']"
2467,Naive Bayes,75.26992955,74.85122119,83.19852941,78.5105042,"['age', 'sex', 'trestbps', 'restecg', 'oldpeak', 'ca']"
2468,Naive Bayes,76.21468298,78.04922232,78.19852941,77.91522709,"['age', 'sex', 'trestbps', 'restecg', 'oldpeak', 'thal']"
2469,Naive Bayes,74.4705228,75.90716374,79.375,77.26217823,"['age', 'sex', 'trestbps', 'restecg', 'slope', 'ca']"
2470,Naive Bayes,76.48127549,80.15693646,76.32352941,77.88724361,"['age', 'sex', 'trestbps', 'restecg', 'slope', 'thal']"
2471,Naive Bayes,76.09269559,77.64626026,79.30147059,78.26224361,"['age', 'sex', 'trestbps', 'restecg', 'ca', 'thal']"
2472,Naive Bayes,78.57026326,78.4502924,83.75,80.96511332,"['age', 'sex', 'trestbps', 'thalach', 'exang', 'oldpeak']"
2473,Naive Bayes,75.33592881,76.28672171,79.44852941,77.71957832,"['age', 'sex', 'trestbps', 'thalach', 'exang', 'slope']"
2474,Naive Bayes,77.22617723,77.52782078,82.42647059,79.81292013,"['age', 'sex', 'trestbps', 'thalach', 'exang', 'ca']"
2475,Naive Bayes,76.18094179,78.78239575,77.46323529,77.83373133,"['age', 'sex', 'trestbps', 'thalach', 'exang', 'thal']"
2476,Naive Bayes,74.3466815,73.80860853,81.94852941,77.49610688,"['age', 'sex', 'trestbps', 'thalach', 'oldpeak', 'slope']"
2477,Naive Bayes,78.26065999,77.88149295,84.375,80.80460178,"['age', 'sex', 'trestbps', 'thalach', 'oldpeak', 'ca']"
2478,Naive Bayes,76.22543567,78.45261438,77.61029412,77.90178623,"['age', 'sex', 'trestbps', 'thalach', 'oldpeak', 'thal']"
2479,Naive Bayes,77.18316648,77.65767974,81.80147059,79.58306808,"['age', 'sex', 'trestbps', 'thalach', 'slope', 'ca']"
2480,Naive Bayes,75.54801631,80.17081474,73.89705882,76.39887706,"['age', 'sex', 'trestbps', 'thalach', 'slope', 'thal']"
2481,Naive Bayes,76.80533927,79.14970023,78.125,78.4314013,"['age', 'sex', 'trestbps', 'thalach', 'ca', 'thal']"
2482,Naive Bayes,77.58249907,79.18388968,80.625,79.57344419,"['age', 'sex', 'trestbps', 'exang', 'oldpeak', 'slope']"
2483,Naive Bayes,77.49351131,78.5874183,81.25,79.76971395,"['age', 'sex', 'trestbps', 'exang', 'oldpeak', 'ca']"
2484,Naive Bayes,78.19466073,80.48745497,79.375,79.61227162,"['age', 'sex', 'trestbps', 'exang', 'oldpeak', 'thal']"
2485,Naive Bayes,78.52873563,80.42735374,80.55147059,80.31122066,"['age', 'sex', 'trestbps', 'exang', 'slope', 'ca']"
2486,Naive Bayes,74.93585465,78.97864171,74.48529412,76.16727513,"['age', 'sex', 'trestbps', 'exang', 'slope', 'thal']"
2487,Naive Bayes,78.11716722,81.4623323,78.08823529,79.42684948,"['age', 'sex', 'trestbps', 'exang', 'ca', 'thal']"
2488,Naive Bayes,76.2499073,76.56655118,82.42647059,79.16976717,"['age', 'sex', 'trestbps', 'oldpeak', 'slope', 'ca']"
2489,Naive Bayes,76.23767149,77.81568599,78.78676471,77.98939961,"['age', 'sex', 'trestbps', 'oldpeak', 'slope', 'thal']"
2490,Naive Bayes,75.89358547,77.94457344,78.19852941,77.84736597,"['age', 'sex', 'trestbps', 'oldpeak', 'ca', 'thal']"
2491,Naive Bayes,75.14868372,77.87689813,76.91176471,77.01713496,"['age', 'sex', 'trestbps', 'slope', 'ca', 'thal']"
2492,Naive Bayes,70.26622173,72.3872549,73.34558824,72.72597798,"['age', 'sex', 'chol', 'fbs', 'restecg', 'thalach']"
2493,Naive Bayes,71.96588802,73.81260088,76.36029412,74.75463707,"['age', 'sex', 'chol', 'fbs', 'restecg', 'exang']"
2494,Naive Bayes,71.96737115,72.15006098,80.07352941,75.72720571,"['age', 'sex', 'chol', 'fbs', 'restecg', 'oldpeak']"
2495,Naive Bayes,70.621802,71.58930922,77.57352941,74.13458903,"['age', 'sex', 'chol', 'fbs', 'restecg', 'slope']"
2496,Naive Bayes,73.19243604,75.45778271,76.98529412,75.83749337,"['age', 'sex', 'chol', 'fbs', 'restecg', 'ca']"
2497,Naive Bayes,70.56581387,74.62104734,72.05882353,72.79568961,"['age', 'sex', 'chol', 'fbs', 'restecg', 'thal']"
2498,Naive Bayes,74.62254357,74.28965797,82.46323529,78.06778403,"['age', 'sex', 'chol', 'fbs', 'thalach', 'exang']"
2499,Naive Bayes,74.65628476,73.89294314,82.61029412,77.82639362,"['age', 'sex', 'chol', 'fbs', 'thalach', 'oldpeak']"
2500,Naive Bayes,71.33370412,72.29652563,77.61029412,74.58571548,"['age', 'sex', 'chol', 'fbs', 'thalach', 'slope']"
2501,Naive Bayes,73.21171672,73.90822645,79.44852941,76.32260392,"['age', 'sex', 'chol', 'fbs', 'thalach', 'ca']"
2502,Naive Bayes,74.20244716,78.24587422,73.89705882,75.56430824,"['age', 'sex', 'chol', 'fbs', 'thalach', 'thal']"
2503,Naive Bayes,75.2246941,75.30791719,81.875,78.14060933,"['age', 'sex', 'chol', 'fbs', 'exang', 'oldpeak']"
2504,Naive Bayes,74.6470152,76.6643324,76.98529412,76.65490879,"['age', 'sex', 'chol', 'fbs', 'exang', 'slope']"
2505,Naive Bayes,73.95661846,73.86354981,81.32352941,77.29457647,"['age', 'sex', 'chol', 'fbs', 'exang', 'ca']"
2506,Naive Bayes,75.24619948,79.15774284,75.11029412,76.55546913,"['age', 'sex', 'chol', 'fbs', 'exang', 'thal']"
2507,Naive Bayes,73.26918799,72.86993833,81.21323529,76.69030781,"['age', 'sex', 'chol', 'fbs', 'oldpeak', 'slope']"
2508,Naive Bayes,73.99110122,73.48216022,82.02205882,77.19789024,"['age', 'sex', 'chol', 'fbs', 'oldpeak', 'ca']"
2509,Naive Bayes,74.90359659,76.83648459,77.57352941,76.80206332,"['age', 'sex', 'chol', 'fbs', 'oldpeak', 'thal']"
2510,Naive Bayes,73.5357805,74.44988345,80.03676471,76.57149424,"['age', 'sex', 'chol', 'fbs', 'slope', 'ca']"
2511,Naive Bayes,76.2269188,79.9807423,75.69852941,77.42292606,"['age', 'sex', 'chol', 'fbs', 'slope', 'thal']"
2512,Naive Bayes,75.4705228,77.19128184,78.75,77.58339851,"['age', 'sex', 'chol', 'fbs', 'ca', 'thal']"
2513,Naive Bayes,73.91064145,73.89207086,80.66176471,77.02031042,"['age', 'sex', 'chol', 'restecg', 'thalach', 'exang']"
2514,Naive Bayes,74.66777901,74.47642055,81.43382353,77.55083565,"['age', 'sex', 'chol', 'restecg', 'thalach', 'oldpeak']"
2515,Naive Bayes,70.64404894,71.64254386,77.64705882,74.1348518,"['age', 'sex', 'chol', 'restecg', 'thalach', 'slope']"
2516,Naive Bayes,74.55802744,75.35718586,80.11029412,77.37479037,"['age', 'sex', 'chol', 'restecg', 'thalach', 'ca']"
2517,Naive Bayes,74.52428624,77.85299504,75.11029412,76.1691608,"['age', 'sex', 'chol', 'restecg', 'thalach', 'thal']"
2518,Naive Bayes,74.9243604,75.32252172,81.32352941,77.75966888,"['age', 'sex', 'chol', 'restecg', 'exang', 'oldpeak']"
2519,Naive Bayes,75.63626251,77.80812325,77.61029412,77.60649597,"['age', 'sex', 'chol', 'restecg', 'exang', 'slope']"
2520,Naive Bayes,74.26844642,75.00906064,80.11029412,77.31611539,"['age', 'sex', 'chol', 'restecg', 'exang', 'ca']"
2521,Naive Bayes,73.93437152,76.80808025,75.14705882,75.62316413,"['age', 'sex', 'chol', 'restecg', 'exang', 'thal']"
2522,Naive Bayes,72.61253244,72.12826797,81.83823529,76.4658572,"['age', 'sex', 'chol', 'restecg', 'oldpeak', 'slope']"
2523,Naive Bayes,74.61401557,74.40215244,82.61029412,77.89248928,"['age', 'sex', 'chol', 'restecg', 'oldpeak', 'ca']"
2524,Naive Bayes,76.5272525,77.39164087,80.58823529,78.70024771,"['age', 'sex', 'chol', 'restecg', 'oldpeak', 'thal']"
2525,Naive Bayes,74.51501669,75.86876505,79.41176471,77.18268601,"['age', 'sex', 'chol', 'restecg', 'slope', 'ca']"
2526,Naive Bayes,75.504264,78.74665926,76.32352941,77.1948998,"['age', 'sex', 'chol', 'restecg', 'slope', 'thal']"
2527,Naive Bayes,77.43826474,79.70532907,79.96323529,79.20248706,"['age', 'sex', 'chol', 'restecg', 'ca', 'thal']"
2528,Naive Bayes,79.59325176,79.41756966,84.375,81.73891223,"['age', 'sex', 'chol', 'thalach', 'exang', 'oldpeak']"
2529,Naive Bayes,74.99110122,76.38308394,78.27205882,77.16342744,"['age', 'sex', 'chol', 'thalach', 'exang', 'slope']"
2530,Naive Bayes,76.95810159,77.08320433,82.53676471,79.61155674,"['age', 'sex', 'chol', 'thalach', 'exang', 'ca']"
2531,Naive Bayes,77.87133852,80.94095533,78.08823529,79.23628088,"['age', 'sex', 'chol', 'thalach', 'exang', 'thal']"
2532,Naive Bayes,73.97960697,74.42078235,80.11029412,76.92829288,"['age', 'sex', 'chol', 'thalach', 'oldpeak', 'slope']"
2533,Naive Bayes,77.62699296,77.29158067,83.82352941,80.20108764,"['age', 'sex', 'chol', 'thalach', 'oldpeak', 'ca']"
2534,Naive Bayes,77.25991843,79.66106443,78.27205882,78.76547496,"['age', 'sex', 'chol', 'thalach', 'oldpeak', 'thal']"
2535,Naive Bayes,75.55951057,76.14032111,80.66176471,78.01435574,"['age', 'sex', 'chol', 'thalach', 'slope', 'ca']"
2536,Naive Bayes,74.60400445,77.71646736,74.48529412,75.80363161,"['age', 'sex', 'chol', 'thalach', 'slope', 'thal']"
2537,Naive Bayes,77.16091954,79.91860779,78.16176471,78.7092133,"['age', 'sex', 'chol', 'thalach', 'ca', 'thal']"
2538,Naive Bayes,76.90359659,77.83952528,80.625,78.94443642,"['age', 'sex', 'chol', 'exang', 'oldpeak', 'slope']"
2539,Naive Bayes,77.53800519,79.54341737,80.07352941,79.56192295,"['age', 'sex', 'chol', 'exang', 'oldpeak', 'ca']"
2540,Naive Bayes,77.5272525,79.76163448,78.75,79.00329672,"['age', 'sex', 'chol', 'exang', 'oldpeak', 'thal']"
2541,Naive Bayes,75.92584353,77.76546003,78.78676471,78.10062733,"['age', 'sex', 'chol', 'exang', 'slope', 'ca']"
2542,Naive Bayes,75.60252132,79.57155757,75.11029412,76.94004882,"['age', 'sex', 'chol', 'exang', 'slope', 'thal']"
2543,Naive Bayes,76.52651094,80.26628274,75.73529412,77.55343281,"['age', 'sex', 'chol', 'exang', 'ca', 'thal']"
2544,Naive Bayes,75.90507972,76.23276161,82.42647059,78.93332304,"['age', 'sex', 'chol', 'oldpeak', 'slope', 'ca']"
2545,Naive Bayes,76.25917686,78.62331404,78.16176471,78.03108205,"['age', 'sex', 'chol', 'oldpeak', 'slope', 'thal']"
2546,Naive Bayes,77.86206897,80.03573271,79.375,79.49425331,"['age', 'sex', 'chol', 'oldpeak', 'ca', 'thal']"
2547,Naive Bayes,75.87059696,79.84639629,75.77205882,77.25938704,"['age', 'sex', 'chol', 'slope', 'ca', 'thal']"
2548,Naive Bayes,72.88839451,73.40583075,78.78676471,75.81076225,"['age', 'sex', 'fbs', 'restecg', 'thalach', 'exang']"
2549,Naive Bayes,74.97886541,74.22508756,83.23529412,78.26295686,"['age', 'sex', 'fbs', 'restecg', 'thalach', 'oldpeak']"
2550,Naive Bayes,71.60103819,72.72614748,76.98529412,74.56326031,"['age', 'sex', 'fbs', 'restecg', 'thalach', 'slope']"
2551,Naive Bayes,74.52502781,75.04828861,80.66176471,77.54978355,"['age', 'sex', 'fbs', 'restecg', 'thalach', 'ca']"
2552,Naive Bayes,73.53503893,77.62131006,73.27205882,74.99876945,"['age', 'sex', 'fbs', 'restecg', 'thalach', 'thal']"
2553,Naive Bayes,75.90285502,76.58600683,81.28676471,78.42764578,"['age', 'sex', 'fbs', 'restecg', 'exang', 'oldpeak']"
2554,Naive Bayes,73.6470152,75.60709986,76.36029412,75.87430965,"['age', 'sex', 'fbs', 'restecg', 'exang', 'slope']"
2555,Naive Bayes,75.23618836,76.15530247,80.69852941,78.14648947,"['age', 'sex', 'fbs', 'restecg', 'exang', 'ca']"
2556,Naive Bayes,73.93437152,77.90097347,73.89705882,75.47717016,"['age', 'sex', 'fbs', 'restecg', 'exang', 'thal']"
2557,Naive Bayes,72.96811272,73.03594771,80.66176471,76.3149563,"['age', 'sex', 'fbs', 'restecg', 'oldpeak', 'slope']"
2558,Naive Bayes,74.94734891,74.857579,82.61029412,78.14037912,"['age', 'sex', 'fbs', 'restecg', 'oldpeak', 'ca']"
2559,Naive Bayes,74.91509084,77.67302306,76.36029412,76.64780571,"['age', 'sex', 'fbs', 'restecg', 'oldpeak', 'thal']"
2560,Naive Bayes,74.52576937,75.50107499,80.625,77.53498557,"['age', 'sex', 'fbs', 'restecg', 'slope', 'ca']"
2561,Naive Bayes,76.1931776,80.63085199,75.07352941,77.38127419,"['age', 'sex', 'fbs', 'restecg', 'slope', 'thal']"
2562,Naive Bayes,77.11642566,80.69151054,78.08823529,78.71837334,"['age', 'sex', 'fbs', 'restecg', 'ca', 'thal']"
2563,Naive Bayes,78.25917686,78.31742346,83.16176471,80.56697224,"['age', 'sex', 'fbs', 'thalach', 'exang', 'oldpeak']"
2564,Naive Bayes,76.65850945,78.08744901,79.52205882,78.5990359,"['age', 'sex', 'fbs', 'thalach', 'exang', 'slope']"
2565,Naive Bayes,76.92584353,76.82671139,83.08823529,79.70943652,"['age', 'sex', 'fbs', 'thalach', 'exang', 'ca']"
2566,Naive Bayes,75.89210234,78.98779897,76.28676471,77.44627723,"['age', 'sex', 'fbs', 'thalach', 'exang', 'thal']"
2567,Naive Bayes,73.99110122,74.53388373,79.52205882,76.69569617,"['age', 'sex', 'fbs', 'thalach', 'oldpeak', 'slope']"
2568,Naive Bayes,76.63774564,77.22125613,81.98529412,79.23305016,"['age', 'sex', 'fbs', 'thalach', 'oldpeak', 'ca']"
2569,Naive Bayes,76.91583241,80.02427638,76.98529412,78.29134528,"['age', 'sex', 'fbs', 'thalach', 'oldpeak', 'thal']"
2570,Naive Bayes,76.22617723,76.82583576,81.28676471,78.67957047,"['age', 'sex', 'fbs', 'thalach', 'slope', 'ca']"
2571,Naive Bayes,73.94660734,77.58083746,73.30882353,74.94571249,"['age', 'sex', 'fbs', 'thalach', 'slope', 'thal']"
2572,Naive Bayes,76.48275862,79.22778855,77.53676471,78.14227509,"['age', 'sex', 'fbs', 'thalach', 'ca', 'thal']"
2573,Naive Bayes,77.53726363,78.88879533,80.58823529,79.43980706,"['age', 'sex', 'fbs', 'exang', 'oldpeak', 'slope']"
2574,Naive Bayes,76.84909158,78.35387488,80.03676471,78.98516937,"['age', 'sex', 'fbs', 'exang', 'oldpeak', 'ca']"
2575,Naive Bayes,76.504264,78.68966534,78.125,78.14904295,"['age', 'sex', 'fbs', 'exang', 'oldpeak', 'thal']"
2576,Naive Bayes,77.87208009,79.82836853,79.96323529,79.74412109,"['age', 'sex', 'fbs', 'exang', 'slope', 'ca']"
2577,Naive Bayes,74.93585465,78.96003751,74.44852941,76.16723417,"['age', 'sex', 'fbs', 'exang', 'slope', 'thal']"
2578,Naive Bayes,76.83908046,80.71031746,75.66176471,77.89657006,"['age', 'sex', 'fbs', 'exang', 'ca', 'thal']"
2579,Naive Bayes,76.23841305,76.49208806,82.46323529,79.11373611,"['age', 'sex', 'fbs', 'oldpeak', 'slope', 'ca']"
2580,Naive Bayes,75.61401557,78.01428392,76.98529412,77.17372965,"['age', 'sex', 'fbs', 'oldpeak', 'slope', 'thal']"
2581,Naive Bayes,76.23841305,78.37254902,78.16176471,77.99150798,"['age', 'sex', 'fbs', 'oldpeak', 'ca', 'thal']"
2582,Naive Bayes,74.84835002,78.312144,75.73529412,76.44576697,"['age', 'sex', 'fbs', 'slope', 'ca', 'thal']"
2583,Naive Bayes,77.91509084,77.69488673,83.75,80.38671281,"['age', 'sex', 'restecg', 'thalach', 'exang', 'oldpeak']"
2584,Naive Bayes,76.98183166,77.48856209,81.28676471,79.1920011,"['age', 'sex', 'restecg', 'thalach', 'exang', 'slope']"
2585,Naive Bayes,78.58249907,77.99425033,84.92647059,81.2164181,"['age', 'sex', 'restecg', 'thalach', 'exang', 'ca']"
2586,Naive Bayes,77.23692992,79.518324,78.75,79.0148846,"['age', 'sex', 'restecg', 'thalach', 'exang', 'thal']"
2587,Naive Bayes,74.98034854,74.80955452,81.94852941,78.00248327,"['age', 'sex', 'restecg', 'thalach', 'oldpeak', 'slope']"
2588,Naive Bayes,79.26140156,79.27364981,84.41176471,81.54409757,"['age', 'sex', 'restecg', 'thalach', 'oldpeak', 'ca']"
2589,Naive Bayes,78.89432703,80.99680574,80.07352941,80.36298537,"['age', 'sex', 'restecg', 'thalach', 'oldpeak', 'thal']"
2590,Naive Bayes,75.90507972,76.11794806,81.875,78.64151956,"['age', 'sex', 'restecg', 'thalach', 'slope', 'ca']"
2591,Naive Bayes,74.60326288,78.03474467,73.93382353,75.66934505,"['age', 'sex', 'restecg', 'thalach', 'slope', 'thal']"
2592,Naive Bayes,78.10567297,80.20827049,79.92647059,79.87736427,"['age', 'sex', 'restecg', 'thalach', 'ca', 'thal']"
2593,Naive Bayes,77.87133852,78.50952608,82.42647059,80.07997855,"['age', 'sex', 'restecg', 'exang', 'oldpeak', 'slope']"
2594,Naive Bayes,77.19391917,79.0070028,80,79.30740193,"['age', 'sex', 'restecg', 'exang', 'oldpeak', 'ca']"
2595,Naive Bayes,77.88357434,79.91092593,80,79.59723451,"['age', 'sex', 'restecg', 'exang', 'oldpeak', 'thal']"
2596,Naive Bayes,75.84909158,77.81409878,79.33823529,78.24294232,"['age', 'sex', 'restecg', 'exang', 'slope', 'ca']"
2597,Naive Bayes,74.95736003,78.6357485,75.18382353,76.45732934,"['age', 'sex', 'restecg', 'exang', 'slope', 'thal']"
2598,Naive Bayes,77.83908046,80.61851792,78.78676471,79.41166499,"['age', 'sex', 'restecg', 'exang', 'ca', 'thal']"
2599,Naive Bayes,76.5609937,76.73694039,83.67647059,79.73376791,"['age', 'sex', 'restecg', 'oldpeak', 'slope', 'ca']"
2600,Naive Bayes,76.28216537,78.14272909,79.44852941,78.37051442,"['age', 'sex', 'restecg', 'oldpeak', 'slope', 'thal']"
2601,Naive Bayes,76.92732666,78.89298614,78.86029412,78.64828312,"['age', 'sex', 'restecg', 'oldpeak', 'ca', 'thal']"
2602,Naive Bayes,76.14942529,79.65437491,76.98529412,77.69931609,"['age', 'sex', 'restecg', 'slope', 'ca', 'thal']"
2603,Naive Bayes,78.60474601,79.1888422,82.53676471,80.64604023,"['age', 'sex', 'thalach', 'exang', 'oldpeak', 'slope']"
2604,Naive Bayes,78.18316648,78.40256278,83.08823529,80.58212376,"['age', 'sex', 'thalach', 'exang', 'oldpeak', 'ca']"
2605,Naive Bayes,79.85131628,80.62770898,83.05147059,81.70840761,"['age', 'sex', 'thalach', 'exang', 'oldpeak', 'thal']"
2606,Naive Bayes,77.54949944,78.24673203,81.83823529,79.89091306,"['age', 'sex', 'thalach', 'exang', 'slope', 'ca']"
2607,Naive Bayes,77.57100482,80.48642534,78.125,78.98559311,"['age', 'sex', 'thalach', 'exang', 'slope', 'thal']"
2608,Naive Bayes,81.80904709,83.77859477,83.01470588,83.29602956,"['age', 'sex', 'thalach', 'exang', 'ca', 'thal']"
2609,Naive Bayes,77.26065999,78.16278497,81.94852941,79.71552588,"['age', 'sex', 'thalach', 'oldpeak', 'slope', 'ca']"
2610,Naive Bayes,75.67000371,78.00598782,77.05882353,77.09435122,"['age', 'sex', 'thalach', 'oldpeak', 'slope', 'thal']"
2611,Naive Bayes,79.84056359,81.24244435,82.5,81.58382004,"['age', 'sex', 'thalach', 'oldpeak', 'ca', 'thal']"
2612,Naive Bayes,78.79606971,81.65290678,79.96323529,80.20384266,"['age', 'sex', 'thalach', 'slope', 'ca', 'thal']"
2613,Naive Bayes,77.5272525,78.62063719,81.17647059,79.70550916,"['age', 'sex', 'exang', 'oldpeak', 'slope', 'ca']"
2614,Naive Bayes,78.87282165,80.95915127,80,80.15963238,"['age', 'sex', 'exang', 'oldpeak', 'slope', 'thal']"
2615,Naive Bayes,79.18464961,81.1127451,81.25,81.02386531,"['age', 'sex', 'exang', 'oldpeak', 'ca', 'thal']"
2616,Naive Bayes,78.8298109,82.03772157,78.71323529,79.94310894,"['age', 'sex', 'exang', 'slope', 'ca', 'thal']"
2617,Naive Bayes,78.84056359,81.28116246,80,80.22243995,"['age', 'sex', 'oldpeak', 'slope', 'ca', 'thal']"
2618,Naive Bayes,71.95439377,76.61758713,71.50735294,73.13162182,"['age', 'cp', 'trestbps', 'chol', 'fbs', 'restecg']"
2619,Naive Bayes,73.58880237,76.07414369,75.80882353,75.53246753,"['age', 'cp', 'trestbps', 'chol', 'fbs', 'thalach']"
2620,Naive Bayes,75.54579162,76.98770992,80.03676471,77.94752468,"['age', 'cp', 'trestbps', 'chol', 'fbs', 'exang']"
2621,Naive Bayes,76.94734891,77.59157264,83.75,79.92544318,"['age', 'cp', 'trestbps', 'chol', 'fbs', 'oldpeak']"
2622,Naive Bayes,73.22172785,75.3006106,76.875,75.53361594,"['age', 'cp', 'trestbps', 'chol', 'fbs', 'slope']"
2623,Naive Bayes,73.91138302,75.30889724,78.86029412,76.65694822,"['age', 'cp', 'trestbps', 'chol', 'fbs', 'ca']"
2624,Naive Bayes,74.8676307,79.02120927,73.82352941,75.84309363,"['age', 'cp', 'trestbps', 'chol', 'fbs', 'thal']"
2625,Naive Bayes,73.567297,76.17831841,76.36029412,75.61316741,"['age', 'cp', 'trestbps', 'chol', 'restecg', 'thalach']"
2626,Naive Bayes,74.2562106,75.5940341,78.89705882,76.89047775,"['age', 'cp', 'trestbps', 'chol', 'restecg', 'exang']"
2627,Naive Bayes,74.94586578,75.00785104,82.53676471,78.15731903,"['age', 'cp', 'trestbps', 'chol', 'restecg', 'oldpeak']"
2628,Naive Bayes,72.63403782,75.1747506,75.07352941,74.8787071,"['age', 'cp', 'trestbps', 'chol', 'restecg', 'slope']"
2629,Naive Bayes,75.23618836,75.65215735,81.875,78.31906799,"['age', 'cp', 'trestbps', 'chol', 'restecg', 'ca']"
2630,Naive Bayes,76.13718947,80.09309142,75.625,77.51365762,"['age', 'cp', 'trestbps', 'chol', 'restecg', 'thal']"
2631,Naive Bayes,74.93437152,75.44607843,80.66176471,77.87230728,"['age', 'cp', 'trestbps', 'chol', 'thalach', 'exang']"
2632,Naive Bayes,77.60252132,76.76547373,85.51470588,80.65331525,"['age', 'cp', 'trestbps', 'chol', 'thalach', 'oldpeak']"
2633,Naive Bayes,72.97738228,73.89530198,78.78676471,76.14082111,"['age', 'cp', 'trestbps', 'chol', 'thalach', 'slope']"
2634,Naive Bayes,75.89210234,76.33015136,81.25,78.58843689,"['age', 'cp', 'trestbps', 'chol', 'thalach', 'ca']"
2635,Naive Bayes,76.84760845,79.32218272,78.08823529,78.51595435,"['age', 'cp', 'trestbps', 'chol', 'thalach', 'thal']"
2636,Naive Bayes,77.93733778,77.55683914,84.96323529,80.77236624,"['age', 'cp', 'trestbps', 'chol', 'exang', 'oldpeak']"
2637,Naive Bayes,75.56803856,76.37659099,80.66176471,78.32678895,"['age', 'cp', 'trestbps', 'chol', 'exang', 'slope']"
2638,Naive Bayes,77.25991843,78.50524596,81.28676471,79.69369385,"['age', 'cp', 'trestbps', 'chol', 'exang', 'ca']"
2639,Naive Bayes,78.20467186,78.98776825,82.38970588,80.35541029,"['age', 'cp', 'trestbps', 'chol', 'exang', 'thal']"
2640,Naive Bayes,77.58101594,77.14016324,84.26470588,80.33216246,"['age', 'cp', 'trestbps', 'chol', 'oldpeak', 'slope']"
2641,Naive Bayes,77.58324064,77.41378569,84.92647059,80.76017528,"['age', 'cp', 'trestbps', 'chol', 'oldpeak', 'ca']"
2642,Naive Bayes,79.22766036,80.44883041,82.42647059,81.07932195,"['age', 'cp', 'trestbps', 'chol', 'oldpeak', 'thal']"
2643,Naive Bayes,75.87986652,76.86020812,80.625,78.59075267,"['age', 'cp', 'trestbps', 'chol', 'slope', 'ca']"
2644,Naive Bayes,79.19466073,83.19588281,78.08823529,80.3552794,"['age', 'cp', 'trestbps', 'chol', 'slope', 'thal']"
2645,Naive Bayes,76.22617723,77.4588669,81.13970588,78.85806459,"['age', 'cp', 'trestbps', 'chol', 'ca', 'thal']"
2646,Naive Bayes,74.22321098,75.67543134,78.125,76.40680888,"['age', 'cp', 'trestbps', 'fbs', 'restecg', 'thalach']"
2647,Naive Bayes,76.56952169,76.79411765,82.53676471,79.19306144,"['age', 'cp', 'trestbps', 'fbs', 'restecg', 'exang']"
2648,Naive Bayes,77.5925102,77.12716394,85.58823529,80.66142689,"['age', 'cp', 'trestbps', 'fbs', 'restecg', 'oldpeak']"
2649,Naive Bayes,73.30070449,74.60237226,78.16176471,76.12122863,"['age', 'cp', 'trestbps', 'fbs', 'restecg', 'slope']"
2650,Naive Bayes,76.53652206,77.64508698,81.25,79.0367982,"['age', 'cp', 'trestbps', 'fbs', 'restecg', 'ca']"
2651,Naive Bayes,75.50278087,78.17102901,76.875,77.14526671,"['age', 'cp', 'trestbps', 'fbs', 'restecg', 'thal']"
2652,Naive Bayes,74.26770486,74.54602192,80.625,77.30823006,"['age', 'cp', 'trestbps', 'fbs', 'thalach', 'exang']"
2653,Naive Bayes,77.2584353,76.6058283,84.85294118,80.31936733,"['age', 'cp', 'trestbps', 'fbs', 'thalach', 'oldpeak']"
2654,Naive Bayes,72.63255469,73.45974476,78.78676471,75.80701159,"['age', 'cp', 'trestbps', 'fbs', 'thalach', 'slope']"
2655,Naive Bayes,75.84760845,76.50644995,81.21323529,78.67398778,"['age', 'cp', 'trestbps', 'fbs', 'thalach', 'ca']"
2656,Naive Bayes,77.1701891,79.68187862,78.63970588,78.81767487,"['age', 'cp', 'trestbps', 'fbs', 'thalach', 'thal']"
2657,Naive Bayes,77.92584353,77.61317985,84.96323529,80.74440167,"['age', 'cp', 'trestbps', 'fbs', 'exang', 'oldpeak']"
2658,Naive Bayes,75.23470523,76.04239766,80.625,78.0980609,"['age', 'cp', 'trestbps', 'fbs', 'exang', 'slope']"
2659,Naive Bayes,76.93733778,77.49574303,82.5,79.69758898,"['age', 'cp', 'trestbps', 'fbs', 'exang', 'ca']"
2660,Naive Bayes,78.5272525,78.83072264,83.56617647,80.81001873,"['age', 'cp', 'trestbps', 'fbs', 'exang', 'thal']"
2661,Naive Bayes,76.90359659,75.93644316,84.85294118,79.89218289,"['age', 'cp', 'trestbps', 'fbs', 'oldpeak', 'slope']"
2662,Naive Bayes,79.1954023,78.90898095,86.10294118,82.1263003,"['age', 'cp', 'trestbps', 'fbs', 'oldpeak', 'ca']"
2663,Naive Bayes,79.87356322,81.05337108,83.01470588,81.67992341,"['age', 'cp', 'trestbps', 'fbs', 'oldpeak', 'thal']"
2664,Naive Bayes,75.85836114,76.10186619,81.76470588,78.76742183,"['age', 'cp', 'trestbps', 'fbs', 'slope', 'ca']"
2665,Naive Bayes,78.87208009,82.76620709,78.08823529,80.07779951,"['age', 'cp', 'trestbps', 'fbs', 'slope', 'thal']"
2666,Naive Bayes,76.88283278,78.51137562,81.13970588,79.31779861,"['age', 'cp', 'trestbps', 'fbs', 'ca', 'thal']"
2667,Naive Bayes,74.23396366,75.39538184,78.82352941,76.93167078,"['age', 'cp', 'trestbps', 'restecg', 'thalach', 'exang']"
2668,Naive Bayes,77.90359659,76.87670156,86.10294118,80.94960404,"['age', 'cp', 'trestbps', 'restecg', 'thalach', 'oldpeak']"
2669,Naive Bayes,71.97738228,72.80160573,78.16176471,75.24934302,"['age', 'cp', 'trestbps', 'restecg', 'thalach', 'slope']"
2670,Naive Bayes,75.18094179,76.1974036,80.625,78.13904525,"['age', 'cp', 'trestbps', 'restecg', 'thalach', 'ca']"
2671,Naive Bayes,78.14868372,80.33319441,79.85294118,79.75629495,"['age', 'cp', 'trestbps', 'restecg', 'thalach', 'thal']"
2672,Naive Bayes,78.92732666,78.55099118,85.55147059,81.59402823,"['age', 'cp', 'trestbps', 'restecg', 'exang', 'oldpeak']"
2673,Naive Bayes,76.23544679,76.6869625,81.875,79.07098409,"['age', 'cp', 'trestbps', 'restecg', 'exang', 'slope']"
2674,Naive Bayes,76.59325176,77.62061404,81.25,79.21155099,"['age', 'cp', 'trestbps', 'restecg', 'exang', 'ca']"
2675,Naive Bayes,79.1616611,79.83200034,83.56617647,81.2445443,"['age', 'cp', 'trestbps', 'restecg', 'exang', 'thal']"
2676,Naive Bayes,76.29143493,75.82929137,83.08823529,79.16325951,"['age', 'cp', 'trestbps', 'restecg', 'oldpeak', 'slope']"
2677,Naive Bayes,79.54022989,78.62888119,87.27941176,82.52775926,"['age', 'cp', 'trestbps', 'restecg', 'oldpeak', 'ca']"
2678,Naive Bayes,79.92880979,80.56787856,84.30147059,82.01898102,"['age', 'cp', 'trestbps', 'restecg', 'oldpeak', 'thal']"
2679,Naive Bayes,74.22395254,75.01113691,79.96323529,77.31039644,"['age', 'cp', 'trestbps', 'restecg', 'slope', 'ca']"
2680,Naive Bayes,79.55024101,83.33219313,78.75,80.82443604,"['age', 'cp', 'trestbps', 'restecg', 'slope', 'thal']"
2681,Naive Bayes,78.85057471,81.70250274,81.76470588,81.01666794,"['age', 'cp', 'trestbps', 'restecg', 'ca', 'thal']"
2682,Naive Bayes,77.9810901,77.74552804,83.82352941,80.4936757,"['age', 'cp', 'trestbps', 'thalach', 'exang', 'oldpeak']"
2683,Naive Bayes,74.62254357,75.63153595,79.48529412,77.36845391,"['age', 'cp', 'trestbps', 'thalach', 'exang', 'slope']"
2684,Naive Bayes,78.24916574,80.00077399,80.66176471,80.24475064,"['age', 'cp', 'trestbps', 'thalach', 'exang', 'ca']"
2685,Naive Bayes,77.90507972,79.49801587,81.17647059,80.0395234,"['age', 'cp', 'trestbps', 'thalach', 'exang', 'thal']"
2686,Naive Bayes,76.95736003,77.05571527,83.125,79.83288594,"['age', 'cp', 'trestbps', 'thalach', 'oldpeak', 'slope']"
2687,Naive Bayes,78.87282165,78.73377684,84.88970588,81.55818003,"['age', 'cp', 'trestbps', 'thalach', 'oldpeak', 'ca']"
2688,Naive Bayes,81.51872451,82.9128827,83.67647059,83.17404357,"['age', 'cp', 'trestbps', 'thalach', 'oldpeak', 'thal']"
2689,Naive Bayes,75.89210234,76.83530139,81.17647059,78.69065186,"['age', 'cp', 'trestbps', 'thalach', 'slope', 'ca']"
2690,Naive Bayes,78.54949944,81.84303755,78.71323529,79.95844758,"['age', 'cp', 'trestbps', 'thalach', 'slope', 'thal']"
2691,Naive Bayes,79.1954023,80.49624911,82.35294118,81.25907657,"['age', 'cp', 'trestbps', 'thalach', 'ca', 'thal']"
2692,Naive Bayes,78.6154987,78.96243059,83.16176471,80.79442634,"['age', 'cp', 'trestbps', 'exang', 'oldpeak', 'slope']"
2693,Naive Bayes,78.53874676,79.88084795,81.83823529,80.64434464,"['age', 'cp', 'trestbps', 'exang', 'oldpeak', 'ca']"
2694,Naive Bayes,79.86206897,80.94434002,83.05147059,81.75203718,"['age', 'cp', 'trestbps', 'exang', 'oldpeak', 'thal']"
2695,Naive Bayes,76.91509084,77.84286083,81.83823529,79.54302565,"['age', 'cp', 'trestbps', 'exang', 'slope', 'ca']"
2696,Naive Bayes,77.86058584,79.96978447,80.55147059,79.88263145,"['age', 'cp', 'trestbps', 'exang', 'slope', 'thal']"
2697,Naive Bayes,78.20541342,80.31807318,80.58823529,80.16634653,"['age', 'cp', 'trestbps', 'exang', 'ca', 'thal']"
2698,Naive Bayes,77.57100482,77.25960121,84.26470588,80.46193305,"['age', 'cp', 'trestbps', 'oldpeak', 'slope', 'ca']"
2699,Naive Bayes,81.55172414,82.71953782,84.30147059,83.3100023,"['age', 'cp', 'trestbps', 'oldpeak', 'slope', 'thal']"
2700,Naive Bayes,78.20689655,78.43336175,84.22794118,80.96966168,"['age', 'cp', 'trestbps', 'oldpeak', 'ca', 'thal']"
2701,Naive Bayes,79.13941416,80.58574131,82.94117647,81.38160178,"['age', 'cp', 'trestbps', 'slope', 'ca', 'thal']"
2702,Naive Bayes,73.28921023,75.90365787,76.39705882,75.60316681,"['age', 'cp', 'chol', 'fbs', 'restecg', 'thalach']"
2703,Naive Bayes,73.62254357,74.03973168,80.11029412,76.73732143,"['age', 'cp', 'chol', 'fbs', 'restecg', 'exang']"
2704,Naive Bayes,76.26992955,76.57277273,83.16176471,79.27555644,"['age', 'cp', 'chol', 'fbs', 'restecg', 'oldpeak']"
2705,Naive Bayes,73.2899518,75.2875387,77.5,76.04547635,"['age', 'cp', 'chol', 'fbs', 'restecg', 'slope']"
2706,Naive Bayes,72.90137189,74.3888565,78.86029412,76.1333173,"['age', 'cp', 'chol', 'fbs', 'restecg', 'ca']"
2707,Naive Bayes,76.15869485,80.89288408,73.86029412,77.11075512,"['age', 'cp', 'chol', 'fbs', 'restecg', 'thal']"
2708,Naive Bayes,73.96662959,74.37371001,80.07352941,77.08060649,"['age', 'cp', 'chol', 'fbs', 'thalach', 'exang']"
2709,Naive Bayes,77.23618836,77.34046513,83.63970588,80.07124483,"['age', 'cp', 'chol', 'fbs', 'thalach', 'oldpeak']"
2710,Naive Bayes,73.02187616,74.08837044,78.78676471,76.18557671,"['age', 'cp', 'chol', 'fbs', 'thalach', 'slope']"
2711,Naive Bayes,76.28216537,77.50252469,80.66176471,78.84834265,"['age', 'cp', 'chol', 'fbs', 'thalach', 'ca']"
2712,Naive Bayes,77.558769,79.35002334,79.96323529,79.52645182,"['age', 'cp', 'chol', 'fbs', 'thalach', 'thal']"
2713,Naive Bayes,78.62699296,77.99843358,85,81.10038548,"['age', 'cp', 'chol', 'fbs', 'exang', 'oldpeak']"
2714,Naive Bayes,75.93511309,76.63067595,81.28676471,78.73528568,"['age', 'cp', 'chol', 'fbs', 'exang', 'slope']"
2715,Naive Bayes,76.95958472,78.12672613,81.32352941,79.44593194,"['age', 'cp', 'chol', 'fbs', 'exang', 'ca']"
2716,Naive Bayes,78.5609937,79.66863473,82.38970588,80.6419057,"['age', 'cp', 'chol', 'fbs', 'exang', 'thal']"
2717,Naive Bayes,77.56952169,76.84006558,84.85294118,80.46505958,"['age', 'cp', 'chol', 'fbs', 'oldpeak', 'slope']"
2718,Naive Bayes,77.22766036,76.39882181,86.10294118,80.72799796,"['age', 'cp', 'chol', 'fbs', 'oldpeak', 'ca']"
2719,Naive Bayes,80.51872451,81.89490884,83.01470588,82.10828809,"['age', 'cp', 'chol', 'fbs', 'oldpeak', 'thal']"
2720,Naive Bayes,76.93733778,77.46766426,82.42647059,79.73398192,"['age', 'cp', 'chol', 'fbs', 'slope', 'ca']"
2721,Naive Bayes,79.52799407,83.28406423,78.71323529,80.72468891,"['age', 'cp', 'chol', 'fbs', 'slope', 'thal']"
2722,Naive Bayes,76.90507972,77.36514135,82.38970588,79.5853898,"['age', 'cp', 'chol', 'fbs', 'ca', 'thal']"
2723,Naive Bayes,72.61030775,73.69603543,77.61029412,75.55823996,"['age', 'cp', 'chol', 'restecg', 'thalach', 'exang']"
2724,Naive Bayes,77.2814238,76.49257614,85.55147059,80.47025935,"['age', 'cp', 'chol', 'restecg', 'thalach', 'oldpeak']"
2725,Naive Bayes,73.32295143,74.45154553,78.75,76.34255318,"['age', 'cp', 'chol', 'restecg', 'thalach', 'slope']"
2726,Naive Bayes,75.5925102,77.47502571,79.375,78.05506524,"['age', 'cp', 'chol', 'restecg', 'thalach', 'ca']"
2727,Naive Bayes,77.50352243,80.22987616,78.125,78.95740236,"['age', 'cp', 'chol', 'restecg', 'thalach', 'thal']"
2728,Naive Bayes,76.9810901,77.31654783,82.61029412,79.52362239,"['age', 'cp', 'chol', 'restecg', 'exang', 'oldpeak']"
2729,Naive Bayes,75.64627364,77.01151162,79.48529412,78.03719951,"['age', 'cp', 'chol', 'restecg', 'exang', 'slope']"
2730,Naive Bayes,75.95884316,77.30792668,80.11029412,78.48236773,"['age', 'cp', 'chol', 'restecg', 'exang', 'ca']"
2731,Naive Bayes,78.87133852,79.87648656,82.46323529,80.88701907,"['age', 'cp', 'chol', 'restecg', 'exang', 'thal']"
2732,Naive Bayes,76.56952169,77.09850607,81.80147059,79.1313444,"['age', 'cp', 'chol', 'restecg', 'oldpeak', 'slope']"
2733,Naive Bayes,77.2499073,76.96906605,85.51470588,80.66369535,"['age', 'cp', 'chol', 'restecg', 'oldpeak', 'ca']"
2734,Naive Bayes,80.57322951,81.69571837,84.30147059,82.55328098,"['age', 'cp', 'chol', 'restecg', 'oldpeak', 'thal']"
2735,Naive Bayes,73.62328513,75.26097106,78.19852941,76.5187629,"['age', 'cp', 'chol', 'restecg', 'slope', 'ca']"
2736,Naive Bayes,78.83908046,83.37712777,76.875,79.80100849,"['age', 'cp', 'chol', 'restecg', 'slope', 'thal']"
2737,Naive Bayes,78.56173526,79.86399811,82.46323529,80.68623361,"['age', 'cp', 'chol', 'restecg', 'ca', 'thal']"
2738,Naive Bayes,77.96959585,78.04373065,83.23529412,80.3589991,"['age', 'cp', 'chol', 'thalach', 'exang', 'oldpeak']"
2739,Naive Bayes,74.64479051,75.51960784,79.52205882,77.35828033,"['age', 'cp', 'chol', 'thalach', 'exang', 'slope']"
2740,Naive Bayes,77.92658509,79.85371517,80.07352941,79.87041909,"['age', 'cp', 'chol', 'thalach', 'exang', 'ca']"
2741,Naive Bayes,78.56025213,80.7723929,80.58823529,80.43004046,"['age', 'cp', 'chol', 'thalach', 'exang', 'thal']"
2742,Naive Bayes,76.94660734,77.47152194,82.5,79.65064237,"['age', 'cp', 'chol', 'thalach', 'oldpeak', 'slope']"
2743,Naive Bayes,78.89581016,78.90139397,84.88970588,81.54319291,"['age', 'cp', 'chol', 'thalach', 'oldpeak', 'ca']"
2744,Naive Bayes,82.50797182,83.67950514,84.85294118,84.10350037,"['age', 'cp', 'chol', 'thalach', 'oldpeak', 'thal']"
2745,Naive Bayes,75.91434928,76.8092866,81.21323529,78.68221667,"['age', 'cp', 'chol', 'thalach', 'slope', 'ca']"
2746,Naive Bayes,78.8383389,81.83754116,79.30147059,80.23541288,"['age', 'cp', 'chol', 'thalach', 'slope', 'thal']"
2747,Naive Bayes,78.88357434,79.82430341,82.38970588,81.01269198,"['age', 'cp', 'chol', 'thalach', 'ca', 'thal']"
2748,Naive Bayes,77.63700408,78.57680967,81.36029412,79.73488199,"['age', 'cp', 'chol', 'exang', 'oldpeak', 'slope']"
2749,Naive Bayes,78.57174638,79.89370485,81.91176471,80.69471244,"['age', 'cp', 'chol', 'exang', 'oldpeak', 'ca']"
2750,Naive Bayes,79.55024101,80.90267335,82.5,81.41609474,"['age', 'cp', 'chol', 'exang', 'oldpeak', 'thal']"
2751,Naive Bayes,76.63700408,77.61643693,81.28676471,79.13780606,"['age', 'cp', 'chol', 'exang', 'slope', 'ca']"
2752,Naive Bayes,78.57174638,80.52500737,81.25,80.64779196,"['age', 'cp', 'chol', 'exang', 'slope', 'thal']"
2753,Naive Bayes,78.89432703,81.11447973,81.25,80.85226687,"['age', 'cp', 'chol', 'exang', 'ca', 'thal']"
2754,Naive Bayes,76.93807935,76.58962692,84.26470588,80.00384793,"['age', 'cp', 'chol', 'oldpeak', 'slope', 'ca']"
2755,Naive Bayes,80.22840193,81.5837019,83.08823529,82.1254891,"['age', 'cp', 'chol', 'oldpeak', 'slope', 'thal']"
2756,Naive Bayes,79.86355209,80.33579553,84.85294118,82.29608656,"['age', 'cp', 'chol', 'oldpeak', 'ca', 'thal']"
2757,Naive Bayes,80.17315536,81.23088972,83.60294118,82.23437205,"['age', 'cp', 'chol', 'slope', 'ca', 'thal']"
2758,Naive Bayes,73.25546904,74.20171139,78.19852941,76.09117435,"['age', 'cp', 'fbs', 'restecg', 'thalach', 'exang']"
2759,Naive Bayes,77.23692992,76.56153251,84.85294118,80.25237387,"['age', 'cp', 'fbs', 'restecg', 'thalach', 'oldpeak']"
2760,Naive Bayes,73.30144605,73.89173915,79.33823529,76.40796892,"['age', 'cp', 'fbs', 'restecg', 'thalach', 'slope']"
2761,Naive Bayes,75.54875788,76.68794982,80.55147059,78.28862796,"['age', 'cp', 'fbs', 'restecg', 'thalach', 'ca']"
2762,Naive Bayes,76.52502781,79.20343137,77.5,78.11069621,"['age', 'cp', 'fbs', 'restecg', 'thalach', 'thal']"
2763,Naive Bayes,78.28216537,78.15707439,84.375,80.86094759,"['age', 'cp', 'fbs', 'restecg', 'exang', 'oldpeak']"
2764,Naive Bayes,76.94734891,77.20231338,82.5,79.65374446,"['age', 'cp', 'fbs', 'restecg', 'exang', 'slope']"
2765,Naive Bayes,76.28216537,77.26905499,81.28676471,78.94484969,"['age', 'cp', 'fbs', 'restecg', 'exang', 'ca']"
2766,Naive Bayes,78.20467186,79.04438179,82.38970588,80.3701632,"['age', 'cp', 'fbs', 'restecg', 'exang', 'thal']"
2767,Naive Bayes,75.93585465,75.19284173,83.67647059,79.03383713,"['age', 'cp', 'fbs', 'restecg', 'oldpeak', 'slope']"
2768,Naive Bayes,78.87356322,78.58542312,86.69117647,82.11257633,"['age', 'cp', 'fbs', 'restecg', 'oldpeak', 'ca']"
2769,Naive Bayes,81.5524657,82.30639151,85.51470588,83.47353811,"['age', 'cp', 'fbs', 'restecg', 'oldpeak', 'thal']"
2770,Naive Bayes,74.56952169,75.54785862,79.92647059,77.53966493,"['age', 'cp', 'fbs', 'restecg', 'slope', 'ca']"
2771,Naive Bayes,79.85057471,84.22551713,78.125,80.8828246,"['age', 'cp', 'fbs', 'restecg', 'slope', 'thal']"
2772,Naive Bayes,77.52799407,79.1372992,81.76470588,79.99520133,"['age', 'cp', 'fbs', 'restecg', 'ca', 'thal']"
2773,Naive Bayes,78.29217649,78.20712934,83.82352941,80.728747,"['age', 'cp', 'fbs', 'thalach', 'exang', 'oldpeak']"
2774,Naive Bayes,74.95661846,75.64766082,80.11029412,77.68862053,"['age', 'cp', 'fbs', 'thalach', 'exang', 'slope']"
2775,Naive Bayes,78.27141268,79.70665635,81.28676471,80.38378807,"['age', 'cp', 'fbs', 'thalach', 'exang', 'ca']"
2776,Naive Bayes,78.24916574,79.91316527,81.21323529,80.31338573,"['age', 'cp', 'fbs', 'thalach', 'exang', 'thal']"
2777,Naive Bayes,77.92510197,78.05425328,83.71323529,80.60002158,"['age', 'cp', 'fbs', 'thalach', 'oldpeak', 'slope']"
2778,Naive Bayes,78.89581016,78.11871423,86.10294118,81.76142565,"['age', 'cp', 'fbs', 'thalach', 'oldpeak', 'ca']"
2779,Naive Bayes,82.20763812,83.19607843,84.88970588,83.89645362,"['age', 'cp', 'fbs', 'thalach', 'oldpeak', 'thal']"
2780,Naive Bayes,76.90433815,77.39046995,82.38970588,79.58129145,"['age', 'cp', 'fbs', 'thalach', 'slope', 'ca']"
2781,Naive Bayes,78.50500556,81.34163841,79.30147059,79.99940719,"['age', 'cp', 'fbs', 'thalach', 'slope', 'thal']"
2782,Naive Bayes,79.85131628,80.65084279,83.56617647,81.95697829,"['age', 'cp', 'fbs', 'thalach', 'ca', 'thal']"
2783,Naive Bayes,77.93733778,79.25584795,81.32352941,79.97138568,"['age', 'cp', 'fbs', 'exang', 'oldpeak', 'slope']"
2784,Naive Bayes,78.91657397,79.93537152,82.53676471,81.03745438,"['age', 'cp', 'fbs', 'exang', 'oldpeak', 'ca']"
2785,Naive Bayes,80.53948832,82.12629613,83.08823529,82.31955055,"['age', 'cp', 'fbs', 'exang', 'oldpeak', 'thal']"
2786,Naive Bayes,75.92510197,77.23236022,80.625,78.58079248,"['age', 'cp', 'fbs', 'exang', 'slope', 'ca']"
2787,Naive Bayes,77.91509084,80.01212212,80.66176471,79.95469881,"['age', 'cp', 'fbs', 'exang', 'slope', 'thal']"
2788,Naive Bayes,79.90656285,81.74519869,82.46323529,81.76076361,"['age', 'cp', 'fbs', 'exang', 'ca', 'thal']"
2789,Naive Bayes,77.21616611,76.50507452,84.81617647,80.27021375,"['age', 'cp', 'fbs', 'oldpeak', 'slope', 'ca']"
2790,Naive Bayes,80.21764924,81.46902182,83.08823529,82.02095638,"['age', 'cp', 'fbs', 'oldpeak', 'slope', 'thal']"
2791,Naive Bayes,79.86355209,80.05715776,85.47794118,82.41729868,"['age', 'cp', 'fbs', 'oldpeak', 'ca', 'thal']"
2792,Naive Bayes,80.18539118,81.46167502,83.60294118,82.2144046,"['age', 'cp', 'fbs', 'slope', 'ca', 'thal']"
2793,Naive Bayes,77.30292918,77.54084967,82.57352941,79.83821352,"['age', 'cp', 'restecg', 'thalach', 'exang', 'oldpeak']"
2794,Naive Bayes,74.96737115,76.00305298,79.52205882,77.61441194,"['age', 'cp', 'restecg', 'thalach', 'exang', 'slope']"
2795,Naive Bayes,78.26065999,80.01711386,80.66176471,80.24029431,"['age', 'cp', 'restecg', 'thalach', 'exang', 'ca']"
2796,Naive Bayes,78.89358547,80.2692577,82.42647059,81.07131427,"['age', 'cp', 'restecg', 'thalach', 'exang', 'thal']"
2797,Naive Bayes,76.27994067,76.35122119,83.08823529,79.31046579,"['age', 'cp', 'restecg', 'thalach', 'oldpeak', 'slope']"
2798,Naive Bayes,78.87356322,78.58685149,85.47794118,81.66672868,"['age', 'cp', 'restecg', 'thalach', 'oldpeak', 'ca']"
2799,Naive Bayes,81.85205784,83.260138,84.22794118,83.48711008,"['age', 'cp', 'restecg', 'thalach', 'oldpeak', 'thal']"
2800,Naive Bayes,75.28068224,76.32287449,80.625,78.19299559,"['age', 'cp', 'restecg', 'thalach', 'slope', 'ca']"
2801,Naive Bayes,78.22617723,81.42341383,78.78676471,79.86043612,"['age', 'cp', 'restecg', 'thalach', 'slope', 'thal']"
2802,Naive Bayes,79.20689655,80.1232493,83.63970588,81.62700896,"['age', 'cp', 'restecg', 'thalach', 'ca', 'thal']"
2803,Naive Bayes,78.30441231,78.91900093,82.57352941,80.44937923,"['age', 'cp', 'restecg', 'exang', 'oldpeak', 'slope']"
2804,Naive Bayes,78.91657397,79.96547128,82.53676471,81.07845259,"['age', 'cp', 'restecg', 'exang', 'oldpeak', 'ca']"
2805,Naive Bayes,80.22840193,81.39041845,83.08823529,82.02549759,"['age', 'cp', 'restecg', 'exang', 'oldpeak', 'thal']"
2806,Naive Bayes,76.63700408,77.86356209,80.66176471,79.06701816,"['age', 'cp', 'restecg', 'exang', 'slope', 'ca']"
2807,Naive Bayes,77.53726363,79.27550494,80.625,79.70262602,"['age', 'cp', 'restecg', 'exang', 'slope', 'thal']"
2808,Naive Bayes,80.22914349,82.15455541,82.42647059,81.99305472,"['age', 'cp', 'restecg', 'exang', 'ca', 'thal']"
2809,Naive Bayes,76.57248795,76.24347634,84.22794118,79.76512957,"['age', 'cp', 'restecg', 'oldpeak', 'slope', 'ca']"
2810,Naive Bayes,80.2183908,82.29909332,81.83823529,81.85427807,"['age', 'cp', 'restecg', 'oldpeak', 'slope', 'thal']"
2811,Naive Bayes,80.52020764,80.46056932,86.65441176,83.17525314,"['age', 'cp', 'restecg', 'oldpeak', 'ca', 'thal']"
2812,Naive Bayes,79.16240267,80.48657796,82.38970588,81.21358802,"['age', 'cp', 'restecg', 'slope', 'ca', 'thal']"
2813,Naive Bayes,78.2814238,78.7748968,82.57352941,80.40383927,"['age', 'cp', 'thalach', 'exang', 'oldpeak', 'slope']"
2814,Naive Bayes,80.23915462,81.61450808,82.57352941,81.94932518,"['age', 'cp', 'thalach', 'exang', 'oldpeak', 'ca']"
2815,Naive Bayes,79.23767149,79.95515136,83.125,81.39615797,"['age', 'cp', 'thalach', 'exang', 'oldpeak', 'thal']"
2816,Naive Bayes,77.2814238,78.29652563,81.32352941,79.62173203,"['age', 'cp', 'thalach', 'exang', 'slope', 'ca']"
2817,Naive Bayes,76.23544679,78.17927171,78.82352941,78.41408836,"['age', 'cp', 'thalach', 'exang', 'slope', 'thal']"
2818,Naive Bayes,78.89432703,81.1109514,81.28676471,80.85887336,"['age', 'cp', 'thalach', 'exang', 'ca', 'thal']"
2819,Naive Bayes,79.21690768,79.10656543,84.88970588,81.67278152,"['age', 'cp', 'thalach', 'oldpeak', 'slope', 'ca']"
2820,Naive Bayes,79.89358547,80.34653423,84.26470588,82.03869389,"['age', 'cp', 'thalach', 'oldpeak', 'slope', 'thal']"
2821,Naive Bayes,82.49870226,82.90637411,86.69117647,84.48478924,"['age', 'cp', 'thalach', 'oldpeak', 'ca', 'thal']"
2822,Naive Bayes,80.15164998,81.54399479,83.60294118,82.31864867,"['age', 'cp', 'thalach', 'slope', 'ca', 'thal']"
2823,Naive Bayes,79.60548758,80.24355005,83.19852941,81.48262032,"['age', 'cp', 'exang', 'oldpeak', 'slope', 'ca']"
2824,Naive Bayes,78.57100482,80.50929407,80.66176471,80.34389406,"['age', 'cp', 'exang', 'oldpeak', 'slope', 'thal']"
2825,Naive Bayes,80.1954023,81.88242665,82.46323529,81.92994016,"['age', 'cp', 'exang', 'oldpeak', 'ca', 'thal']"
2826,Naive Bayes,79.21764924,80.91097465,82.42647059,81.26337317,"['age', 'cp', 'exang', 'slope', 'ca', 'thal']"
2827,Naive Bayes,81.83129403,82.20646592,86.02941176,83.83460743,"['age', 'cp', 'oldpeak', 'slope', 'ca', 'thal']"
2828,Naive Bayes,65.33852429,66.54217094,73.34558824,69.53717585,"['age', 'trestbps', 'chol', 'fbs', 'restecg', 'thalach']"
2829,Naive Bayes,69.0189099,69.46438065,77.53676471,73.10148541,"['age', 'trestbps', 'chol', 'fbs', 'restecg', 'exang']"
2830,Naive Bayes,69.05487579,68.92450824,79.48529412,73.60565679,"['age', 'trestbps', 'chol', 'fbs', 'restecg', 'oldpeak']"
2831,Naive Bayes,65.00593252,67.72176246,69.08088235,68.20624119,"['age', 'trestbps', 'chol', 'fbs', 'restecg', 'slope']"
2832,Naive Bayes,67.60956618,68.71595656,74.52205882,71.06696758,"['age', 'trestbps', 'chol', 'fbs', 'restecg', 'ca']"
2833,Naive Bayes,71.567297,74.01835093,74.44852941,73.7931156,"['age', 'trestbps', 'chol', 'fbs', 'restecg', 'thal']"
2834,Naive Bayes,70.72005933,72.76965084,74.66911765,73.59866454,"['age', 'trestbps', 'chol', 'fbs', 'thalach', 'exang']"
2835,Naive Bayes,72.43196144,72.78778441,79.00735294,75.58783046,"['age', 'trestbps', 'chol', 'fbs', 'thalach', 'oldpeak']"
2836,Naive Bayes,68.96440489,71.47517691,72.09558824,71.58914653,"['age', 'trestbps', 'chol', 'fbs', 'thalach', 'slope']"
2837,Naive Bayes,70.03188728,72.52808208,72.83088235,72.30455819,"['age', 'trestbps', 'chol', 'fbs', 'thalach', 'ca']"
2838,Naive Bayes,73.27919911,76.46761984,73.97058824,74.9197861,"['age', 'trestbps', 'chol', 'fbs', 'thalach', 'thal']"
2839,Naive Bayes,74.94586578,76.26143791,78.93382353,77.27900521,"['age', 'trestbps', 'chol', 'fbs', 'exang', 'oldpeak']"
2840,Naive Bayes,71.68928439,72.25723623,78.19852941,74.8891823,"['age', 'trestbps', 'chol', 'fbs', 'exang', 'slope']"
2841,Naive Bayes,71.67704857,74.30185759,74.04411765,74.03172344,"['age', 'trestbps', 'chol', 'fbs', 'exang', 'ca']"
2842,Naive Bayes,73.25695217,76.46624622,73.27205882,74.66653846,"['age', 'trestbps', 'chol', 'fbs', 'exang', 'thal']"
2843,Naive Bayes,71.3444568,71.78174547,78.27205882,74.60284088,"['age', 'trestbps', 'chol', 'fbs', 'oldpeak', 'slope']"
2844,Naive Bayes,73.63700408,73.79107707,82.46323529,77.44064385,"['age', 'trestbps', 'chol', 'fbs', 'oldpeak', 'ca']"
2845,Naive Bayes,75.28216537,76.82089037,78.78676471,77.49382509,"['age', 'trestbps', 'chol', 'fbs', 'oldpeak', 'thal']"
2846,Naive Bayes,73.22543567,73.85581601,80,76.35996079,"['age', 'trestbps', 'chol', 'fbs', 'slope', 'ca']"
2847,Naive Bayes,72.62328513,75.59265812,74.52205882,74.59389983,"['age', 'trestbps', 'chol', 'fbs', 'slope', 'thal']"
2848,Naive Bayes,73.21319985,76.32842239,73.93382353,74.89486734,"['age', 'trestbps', 'chol', 'fbs', 'ca', 'thal']"
2849,Naive Bayes,72.05413422,73.17690058,77.72058824,75.25881974,"['age', 'trestbps', 'chol', 'restecg', 'thalach', 'exang']"
2850,Naive Bayes,72.08787542,72.63430915,78.49264706,75.06725458,"['age', 'trestbps', 'chol', 'restecg', 'thalach', 'oldpeak']"
2851,Naive Bayes,70.66629588,72.83415033,73.34558824,72.97402062,"['age', 'trestbps', 'chol', 'restecg', 'thalach', 'slope']"
2852,Naive Bayes,72.96737115,74.30008231,77.72058824,75.73461695,"['age', 'trestbps', 'chol', 'restecg', 'thalach', 'ca']"
2853,Naive Bayes,73.96811272,77.01639374,74.63235294,75.56761764,"['age', 'trestbps', 'chol', 'restecg', 'thalach', 'thal']"
2854,Naive Bayes,75.29143493,76.35844513,79.52205882,77.60498389,"['age', 'trestbps', 'chol', 'restecg', 'exang', 'oldpeak']"
2855,Naive Bayes,72.03337041,72.66788389,78.27205882,75.09427419,"['age', 'trestbps', 'chol', 'restecg', 'exang', 'slope']"
2856,Naive Bayes,72.68928439,74.69891641,75.88235294,75.17106994,"['age', 'trestbps', 'chol', 'restecg', 'exang', 'ca']"
2857,Naive Bayes,73.60103819,76.47884417,74.55882353,75.2244367,"['age', 'trestbps', 'chol', 'restecg', 'exang', 'thal']"
2858,Naive Bayes,69.73229514,70.41783887,77.72058824,73.58433101,"['age', 'trestbps', 'chol', 'restecg', 'oldpeak', 'slope']"
2859,Naive Bayes,72.33592881,72.76469483,81.32352941,76.33366522,"['age', 'trestbps', 'chol', 'restecg', 'oldpeak', 'ca']"
2860,Naive Bayes,74.99258435,75.72098808,80.69852941,77.77328734,"['age', 'trestbps', 'chol', 'restecg', 'oldpeak', 'thal']"
2861,Naive Bayes,73.21394142,74.0663896,80.03676471,76.55610317,"['age', 'trestbps', 'chol', 'restecg', 'slope', 'ca']"
2862,Naive Bayes,72.03337041,75.42779082,72.75735294,73.74005315,"['age', 'trestbps', 'chol', 'restecg', 'slope', 'thal']"
2863,Naive Bayes,73.19021135,76.06983853,75.18382353,75.2901379,"['age', 'trestbps', 'chol', 'restecg', 'ca', 'thal']"
2864,Naive Bayes,76.96959585,78.64927638,79.59558824,78.90724574,"['age', 'trestbps', 'chol', 'thalach', 'exang', 'oldpeak']"
2865,Naive Bayes,74.34593993,75.26917785,78.89705882,76.96672608,"['age', 'trestbps', 'chol', 'thalach', 'exang', 'slope']"
2866,Naive Bayes,73.96737115,76.6057423,75.88235294,76.07306119,"['age', 'trestbps', 'chol', 'thalach', 'exang', 'ca']"
2867,Naive Bayes,74.30144605,77.2377021,75.22058824,75.98985586,"['age', 'trestbps', 'chol', 'thalach', 'exang', 'thal']"
2868,Naive Bayes,73.72302558,74.63958917,78.34558824,76.24704231,"['age', 'trestbps', 'chol', 'thalach', 'oldpeak', 'slope']"
2869,Naive Bayes,73.6785317,74.62074303,78.38235294,76.26334776,"['age', 'trestbps', 'chol', 'thalach', 'oldpeak', 'ca']"
2870,Naive Bayes,73.40044494,75.17976928,76.50735294,75.70131992,"['age', 'trestbps', 'chol', 'thalach', 'oldpeak', 'thal']"
2871,Naive Bayes,73.23470523,74.01767286,78.82352941,76.2511353,"['age', 'trestbps', 'chol', 'thalach', 'slope', 'ca']"
2872,Naive Bayes,74.57953281,78.46077534,74.48529412,75.98124545,"['age', 'trestbps', 'chol', 'thalach', 'slope', 'thal']"
2873,Naive Bayes,76.53800519,80.43643611,75.18382353,77.4290285,"['age', 'trestbps', 'chol', 'thalach', 'ca', 'thal']"
2874,Naive Bayes,75.63626251,76.65081208,79.52205882,77.8177335,"['age', 'trestbps', 'chol', 'exang', 'oldpeak', 'slope']"
2875,Naive Bayes,74.27919911,76.85752985,76.47058824,76.47573184,"['age', 'trestbps', 'chol', 'exang', 'oldpeak', 'ca']"
2876,Naive Bayes,75.93733778,78.43977591,77.09558824,77.39234277,"['age', 'trestbps', 'chol', 'exang', 'oldpeak', 'thal']"
2877,Naive Bayes,72.71153133,74.892292,75.88235294,75.2289916,"['age', 'trestbps', 'chol', 'exang', 'slope', 'ca']"
2878,Naive Bayes,76.25917686,78.85570639,77.61029412,77.81238687,"['age', 'trestbps', 'chol', 'exang', 'slope', 'thal']"
2879,Naive Bayes,76.90507972,81.2494618,75.80882353,78.06593004,"['age', 'trestbps', 'chol', 'exang', 'ca', 'thal']"
2880,Naive Bayes,73.32443456,73.11007079,81.875,76.96029869,"['age', 'trestbps', 'chol', 'oldpeak', 'slope', 'ca']"
2881,Naive Bayes,76.31590656,77.11061969,80.03676471,78.29821561,"['age', 'trestbps', 'chol', 'oldpeak', 'slope', 'thal']"
2882,Naive Bayes,76.89432703,77.41937564,81.875,79.38654516,"['age', 'trestbps', 'chol', 'oldpeak', 'ca', 'thal']"
2883,Naive Bayes,75.86058584,77.83310085,78.16176471,77.71558887,"['age', 'trestbps', 'chol', 'slope', 'ca', 'thal']"
2884,Naive Bayes,72.04338154,73.3496732,77.09558824,75.05174835,"['age', 'trestbps', 'fbs', 'restecg', 'thalach', 'exang']"
2885,Naive Bayes,72.38895069,73.61816305,77.16911765,75.11183261,"['age', 'trestbps', 'fbs', 'restecg', 'thalach', 'oldpeak']"
2886,Naive Bayes,69.63181313,72.12892525,72.09558824,71.9496953,"['age', 'trestbps', 'fbs', 'restecg', 'thalach', 'slope']"
2887,Naive Bayes,72.27845755,74.01199785,76.39705882,74.91851764,"['age', 'trestbps', 'fbs', 'restecg', 'thalach', 'ca']"
2888,Naive Bayes,72.95661846,76.67972958,72.75735294,74.43727005,"['age', 'trestbps', 'fbs', 'restecg', 'thalach', 'thal']"
2889,Naive Bayes,75.93585465,76.99918301,80.11029412,78.19776325,"['age', 'trestbps', 'fbs', 'restecg', 'exang', 'oldpeak']"
2890,Naive Bayes,73.29069336,73.74767802,79.41176471,76.31160047,"['age', 'trestbps', 'fbs', 'restecg', 'exang', 'slope']"
2891,Naive Bayes,72.97886541,75.44878127,75.80882353,75.40416704,"['age', 'trestbps', 'fbs', 'restecg', 'exang', 'ca']"
2892,Naive Bayes,73.2899518,76.55555556,73.97058824,74.92601126,"['age', 'trestbps', 'fbs', 'restecg', 'exang', 'thal']"
2893,Naive Bayes,71.35595106,71.58037864,79.52205882,74.97814205,"['age', 'trestbps', 'fbs', 'restecg', 'oldpeak', 'slope']"
2894,Naive Bayes,73.64775677,73.79642857,82.53676471,77.45397092,"['age', 'trestbps', 'fbs', 'restecg', 'oldpeak', 'ca']"
2895,Naive Bayes,75.03707824,76.30988624,78.93382353,77.36110069,"['age', 'trestbps', 'fbs', 'restecg', 'oldpeak', 'thal']"
2896,Naive Bayes,71.57879125,73.1949718,78.23529412,75.0803655,"['age', 'trestbps', 'fbs', 'restecg', 'slope', 'ca']"
2897,Naive Bayes,71.31145717,74.92663597,72.13235294,73.03497376,"['age', 'trestbps', 'fbs', 'restecg', 'slope', 'thal']"
2898,Naive Bayes,72.19095291,75.51767269,73.93382353,74.1085392,"['age', 'trestbps', 'fbs', 'restecg', 'ca', 'thal']"
2899,Naive Bayes,77.93733778,79.00649295,81.36029412,79.98910322,"['age', 'trestbps', 'fbs', 'thalach', 'exang', 'oldpeak']"
2900,Naive Bayes,74.99110122,75.60457516,80.07352941,77.6722153,"['age', 'trestbps', 'fbs', 'thalach', 'exang', 'slope']"
2901,Naive Bayes,75.30218762,77.36111111,77.68382353,77.42875112,"['age', 'trestbps', 'fbs', 'thalach', 'exang', 'ca']"
2902,Naive Bayes,76.22617723,79.30294486,76.91176471,77.7766524,"['age', 'trestbps', 'fbs', 'thalach', 'exang', 'thal']"
2903,Naive Bayes,74.70152021,75.53769841,79.52205882,77.30252359,"['age', 'trestbps', 'fbs', 'thalach', 'oldpeak', 'slope']"
2904,Naive Bayes,73.33444568,74.55802943,78.97058824,76.35437096,"['age', 'trestbps', 'fbs', 'thalach', 'oldpeak', 'ca']"
2905,Naive Bayes,74.39043382,75.84235098,77.75735294,76.5936996,"['age', 'trestbps', 'fbs', 'thalach', 'oldpeak', 'thal']"
2906,Naive Bayes,73.91286615,74.41808566,80.03676471,76.98808577,"['age', 'trestbps', 'fbs', 'thalach', 'slope', 'ca']"
2907,Naive Bayes,74.94660734,78.63455988,75.14705882,76.3018302,"['age', 'trestbps', 'fbs', 'thalach', 'slope', 'thal']"
2908,Naive Bayes,78.84130515,82.08446456,78.125,79.94468007,"['age', 'trestbps', 'fbs', 'thalach', 'ca', 'thal']"
2909,Naive Bayes,75.31368187,76.99896801,78.30882353,77.37511643,"['age', 'trestbps', 'fbs', 'exang', 'oldpeak', 'slope']"
2910,Naive Bayes,76.22543567,79.04016782,77.64705882,78.15741311,"['age', 'trestbps', 'fbs', 'exang', 'oldpeak', 'ca']"
2911,Naive Bayes,76.27067112,78.63916012,77.68382353,77.73811549,"['age', 'trestbps', 'fbs', 'exang', 'oldpeak', 'thal']"
2912,Naive Bayes,73.34593993,75.22214237,77.02205882,75.95618766,"['age', 'trestbps', 'fbs', 'exang', 'slope', 'ca']"
2913,Naive Bayes,75.93659622,78.69243669,77.02205882,77.45480832,"['age', 'trestbps', 'fbs', 'exang', 'slope', 'thal']"
2914,Naive Bayes,78.22840193,82.33406055,76.98529412,79.24504362,"['age', 'trestbps', 'fbs', 'exang', 'ca', 'thal']"
2915,Naive Bayes,73.0126066,73.49857268,80.11029412,76.29911755,"['age', 'trestbps', 'fbs', 'oldpeak', 'slope', 'ca']"
2916,Naive Bayes,76.01483129,77.02919062,79.52205882,78.03856127,"['age', 'trestbps', 'fbs', 'oldpeak', 'slope', 'thal']"
2917,Naive Bayes,77.55024101,78.35797214,81.875,79.86591873,"['age', 'trestbps', 'fbs', 'oldpeak', 'ca', 'thal']"
2918,Naive Bayes,77.87282165,80.62277725,79.41176471,79.50668552,"['age', 'trestbps', 'fbs', 'slope', 'ca', 'thal']"
2919,Naive Bayes,77.61475714,78.48602511,81.36029412,79.71330957,"['age', 'trestbps', 'restecg', 'thalach', 'exang', 'oldpeak']"
2920,Naive Bayes,72.6555432,74.000387,77.02205882,75.40260733,"['age', 'trestbps', 'restecg', 'thalach', 'exang', 'slope']"
2921,Naive Bayes,74.00111235,76.99463119,75.25735294,75.99759112,"['age', 'trestbps', 'restecg', 'thalach', 'exang', 'ca']"
2922,Naive Bayes,74.34593993,77.15499533,75.25735294,75.91910435,"['age', 'trestbps', 'restecg', 'thalach', 'exang', 'thal']"
2923,Naive Bayes,74.01186504,74.60453216,79.52205882,76.83027775,"['age', 'trestbps', 'restecg', 'thalach', 'oldpeak', 'slope']"
2924,Naive Bayes,73.96885428,74.74251806,79.52205882,76.84806044,"['age', 'trestbps', 'restecg', 'thalach', 'oldpeak', 'ca']"
2925,Naive Bayes,74.06859473,74.87998796,78.34558824,76.45480832,"['age', 'trestbps', 'restecg', 'thalach', 'oldpeak', 'thal']"
2926,Naive Bayes,73.25769373,75.01135191,76.98529412,75.77988615,"['age', 'trestbps', 'restecg', 'thalach', 'slope', 'ca']"
2927,Naive Bayes,73.64627364,76.28338002,75.14705882,75.39588422,"['age', 'trestbps', 'restecg', 'thalach', 'slope', 'thal']"
2928,Naive Bayes,76.57248795,80.28361345,75.80882353,77.7727129,"['age', 'trestbps', 'restecg', 'thalach', 'ca', 'thal']"
2929,Naive Bayes,76.62550983,78.33865773,79.52205882,78.59389908,"['age', 'trestbps', 'restecg', 'exang', 'oldpeak', 'slope']"
2930,Naive Bayes,74.59102707,77.31589863,77.05882353,76.89249639,"['age', 'trestbps', 'restecg', 'exang', 'oldpeak', 'ca']"
2931,Naive Bayes,76.60400445,78.90932459,78.27205882,78.14669048,"['age', 'trestbps', 'restecg', 'exang', 'oldpeak', 'thal']"
2932,Naive Bayes,74.30218762,76.57210428,77.02205882,76.57187284,"['age', 'trestbps', 'restecg', 'exang', 'slope', 'ca']"
2933,Naive Bayes,75.60326288,78.99167912,75.80882353,76.85355772,"['age', 'trestbps', 'restecg', 'exang', 'slope', 'thal']"
2934,Naive Bayes,76.58249907,80.35909107,76.39705882,77.98801914,"['age', 'trestbps', 'restecg', 'exang', 'ca', 'thal']"
2935,Naive Bayes,73.28068224,73.80078885,81.25,76.93036178,"['age', 'trestbps', 'restecg', 'oldpeak', 'slope', 'ca']"
2936,Naive Bayes,76.29365962,77.09252297,80.625,78.56067018,"['age', 'trestbps', 'restecg', 'oldpeak', 'slope', 'thal']"
2937,Naive Bayes,77.52873563,77.96195652,83.05147059,80.13294866,"['age', 'trestbps', 'restecg', 'oldpeak', 'ca', 'thal']"
2938,Naive Bayes,76.54949944,78.49589755,78.75,78.33182693,"['age', 'trestbps', 'restecg', 'slope', 'ca', 'thal']"
2939,Naive Bayes,76.31368187,77.30632955,80.14705882,78.55646565,"['age', 'trestbps', 'thalach', 'exang', 'oldpeak', 'slope']"
2940,Naive Bayes,76.5925102,79.08800187,78.27205882,78.52845786,"['age', 'trestbps', 'thalach', 'exang', 'oldpeak', 'ca']"
2941,Naive Bayes,77.27067112,79.74848273,78.27205882,78.86739036,"['age', 'trestbps', 'thalach', 'exang', 'oldpeak', 'thal']"
2942,Naive Bayes,73.99110122,76.64169001,75.84558824,76.11831551,"['age', 'trestbps', 'thalach', 'exang', 'slope', 'ca']"
2943,Naive Bayes,74.96959585,78.33194364,75.18382353,76.53827947,"['age', 'trestbps', 'thalach', 'exang', 'slope', 'thal']"
2944,Naive Bayes,76.54875788,79.9370485,76.32352941,77.88862124,"['age', 'trestbps', 'thalach', 'exang', 'ca', 'thal']"
2945,Naive Bayes,74.01334816,74.20188338,80.69852941,77.14943497,"['age', 'trestbps', 'thalach', 'oldpeak', 'slope', 'ca']"
2946,Naive Bayes,75.97107898,77.28765541,79.44852941,78.13260354,"['age', 'trestbps', 'thalach', 'oldpeak', 'slope', 'thal']"
2947,Naive Bayes,75.61624027,77.66293184,78.23529412,77.65908741,"['age', 'trestbps', 'thalach', 'oldpeak', 'ca', 'thal']"
2948,Naive Bayes,74.89358547,78.04851684,75.11029412,76.23682303,"['age', 'trestbps', 'thalach', 'slope', 'ca', 'thal']"
2949,Naive Bayes,76.25917686,77.77059684,80.07352941,78.74590442,"['age', 'trestbps', 'exang', 'oldpeak', 'slope', 'ca']"
2950,Naive Bayes,77.57100482,79.45845619,79.44852941,79.18142252,"['age', 'trestbps', 'exang', 'oldpeak', 'slope', 'thal']"
2951,Naive Bayes,76.60474601,80.47031039,75.80882353,77.90639612,"['age', 'trestbps', 'exang', 'oldpeak', 'ca', 'thal']"
2952,Naive Bayes,78.52873563,82.35447074,77.5,79.6276625,"['age', 'trestbps', 'exang', 'slope', 'ca', 'thal']"
2953,Naive Bayes,76.59473489,76.6375559,82.38970588,79.19468837,"['age', 'trestbps', 'oldpeak', 'slope', 'ca', 'thal']"
2954,Naive Bayes,71.72005933,72.52425181,77.75735294,74.95674437,"['age', 'chol', 'fbs', 'restecg', 'thalach', 'exang']"
2955,Naive Bayes,72.06637004,72.373514,79.63235294,75.48392204,"['age', 'chol', 'fbs', 'restecg', 'thalach', 'oldpeak']"
2956,Naive Bayes,70.64404894,72.90763674,73.34558824,72.97120067,"['age', 'chol', 'fbs', 'restecg', 'thalach', 'slope']"
2957,Naive Bayes,70.3214683,71.6660401,75.84558824,73.4434921,"['age', 'chol', 'fbs', 'restecg', 'thalach', 'ca']"
2958,Naive Bayes,74.25769373,77.5391037,74.55882353,75.79278885,"['age', 'chol', 'fbs', 'restecg', 'thalach', 'thal']"
2959,Naive Bayes,74.95736003,75.33406433,80.73529412,77.63967395,"['age', 'chol', 'fbs', 'restecg', 'exang', 'oldpeak']"
2960,Naive Bayes,73.4011865,74.56481371,77.68382353,75.8964786,"['age', 'chol', 'fbs', 'restecg', 'exang', 'slope']"
2961,Naive Bayes,72.36670374,74.21525628,76.50735294,75.14401298,"['age', 'chol', 'fbs', 'restecg', 'exang', 'ca']"
2962,Naive Bayes,73.2899518,76.22725318,74.52205882,75.13895118,"['age', 'chol', 'fbs', 'restecg', 'exang', 'thal']"
2963,Naive Bayes,70.65628476,71.69025002,77.64705882,74.19653602,"['age', 'chol', 'fbs', 'restecg', 'oldpeak', 'slope']"
2964,Naive Bayes,72.32443456,72.09593915,81.91176471,76.25180225,"['age', 'chol', 'fbs', 'restecg', 'oldpeak', 'ca']"
2965,Naive Bayes,74.97107898,75.97942774,79.44852941,77.42667218,"['age', 'chol', 'fbs', 'restecg', 'oldpeak', 'thal']"
2966,Naive Bayes,70.25695217,72.01102411,76.36029412,73.57437167,"['age', 'chol', 'fbs', 'restecg', 'slope', 'ca']"
2967,Naive Bayes,72.64627364,76.40177225,72.13235294,73.9981469,"['age', 'chol', 'fbs', 'restecg', 'slope', 'thal']"
2968,Naive Bayes,73.21394142,76.16908582,73.89705882,74.65320687,"['age', 'chol', 'fbs', 'restecg', 'ca', 'thal']"
2969,Naive Bayes,76.31368187,77.97152194,79.00735294,78.23858092,"['age', 'chol', 'fbs', 'thalach', 'exang', 'oldpeak']"
2970,Naive Bayes,72.71078977,73.24858101,78.93382353,75.88929466,"['age', 'chol', 'fbs', 'thalach', 'exang', 'slope']"
2971,Naive Bayes,74.34593993,76.28508772,77.13235294,76.57060097,"['age', 'chol', 'fbs', 'thalach', 'exang', 'ca']"
2972,Naive Bayes,71.65480163,74.89133987,72.75735294,73.62250589,"['age', 'chol', 'fbs', 'thalach', 'exang', 'thal']"
2973,Naive Bayes,73.36744531,73.87559959,79.55882353,76.27885329,"['age', 'chol', 'fbs', 'thalach', 'oldpeak', 'slope']"
2974,Naive Bayes,74.63552095,75.62163821,80.14705882,77.50253565,"['age', 'chol', 'fbs', 'thalach', 'oldpeak', 'ca']"
2975,Naive Bayes,72.68928439,74.54443093,75.88235294,74.9149406,"['age', 'chol', 'fbs', 'thalach', 'oldpeak', 'thal']"
2976,Naive Bayes,72.91212458,73.28345373,80.07352941,76.34776449,"['age', 'chol', 'fbs', 'thalach', 'slope', 'ca']"
2977,Naive Bayes,74.60177976,78.38455988,74.52205882,75.85324562,"['age', 'chol', 'fbs', 'thalach', 'slope', 'thal']"
2978,Naive Bayes,76.83982202,80.48934317,75.66176471,77.82169363,"['age', 'chol', 'fbs', 'thalach', 'ca', 'thal']"
2979,Naive Bayes,75.32443456,76.26388889,79.55882353,77.55799343,"['age', 'chol', 'fbs', 'exang', 'oldpeak', 'slope']"
2980,Naive Bayes,75.27994067,77.85856185,77.09558824,77.30738806,"['age', 'chol', 'fbs', 'exang', 'oldpeak', 'ca']"
2981,Naive Bayes,76.26992955,78.30392157,78.34558824,78.02045501,"['age', 'chol', 'fbs', 'exang', 'oldpeak', 'thal']"
2982,Naive Bayes,74.69150908,76.60933584,77.68382353,76.93569094,"['age', 'chol', 'fbs', 'exang', 'slope', 'ca']"
2983,Naive Bayes,75.94809047,79.40230031,75.77205882,76.98576901,"['age', 'chol', 'fbs', 'exang', 'slope', 'thal']"
2984,Naive Bayes,77.25991843,81.29664943,76.47058824,78.50293825,"['age', 'chol', 'fbs', 'exang', 'ca', 'thal']"
2985,Naive Bayes,72.66852058,72.35765159,81.94852941,76.51460957,"['age', 'chol', 'fbs', 'oldpeak', 'slope', 'ca']"
2986,Naive Bayes,76.00407861,76.58146592,80.69852941,78.25355982,"['age', 'chol', 'fbs', 'oldpeak', 'slope', 'thal']"
2987,Naive Bayes,78.86281053,79.06647747,83.63970588,81.13314986,"['age', 'chol', 'fbs', 'oldpeak', 'ca', 'thal']"
2988,Naive Bayes,76.52799407,78.31805097,78.75,78.22328134,"['age', 'chol', 'fbs', 'slope', 'ca', 'thal']"
2989,Naive Bayes,76.63626251,78.4771979,78.97058824,78.49866071,"['age', 'chol', 'restecg', 'thalach', 'exang', 'oldpeak']"
2990,Naive Bayes,72.67704857,74.60436017,75.88235294,75.14784159,"['age', 'chol', 'restecg', 'thalach', 'exang', 'slope']"
2991,Naive Bayes,74.06785317,76.56372549,75.95588235,76.07332816,"['age', 'chol', 'restecg', 'thalach', 'exang', 'ca']"
2992,Naive Bayes,74.04486466,77.20985061,74.66911765,75.79475427,"['age', 'chol', 'restecg', 'thalach', 'exang', 'thal']"
2993,Naive Bayes,73.36744531,74.76713938,77.72058824,75.90545348,"['age', 'chol', 'restecg', 'thalach', 'oldpeak', 'slope']"
2994,Naive Bayes,74.69150908,75.53116246,80.14705882,77.56751853,"['age', 'chol', 'restecg', 'thalach', 'oldpeak', 'ca']"
2995,Naive Bayes,76.09232481,76.75451496,80.18382353,78.32110854,"['age', 'chol', 'restecg', 'thalach', 'oldpeak', 'thal']"
2996,Naive Bayes,73.29069336,74.67892157,77.68382353,75.91612669,"['age', 'chol', 'restecg', 'thalach', 'slope', 'ca']"
2997,Naive Bayes,74.30144605,77.78736623,74.55882353,75.85235652,"['age', 'chol', 'restecg', 'thalach', 'slope', 'thal']"
2998,Naive Bayes,77.54022989,80.07714753,78.19852941,78.97137271,"['age', 'chol', 'restecg', 'thalach', 'ca', 'thal']"
2999,Naive Bayes,75.38042269,76.99724377,78.38235294,77.23667795,"['age', 'chol', 'restecg', 'exang', 'oldpeak', 'slope']"
3000,Naive Bayes,74.6470152,76.90921544,77.72058824,77.06534921,"['age', 'chol', 'restecg', 'exang', 'oldpeak', 'ca']"
3001,Naive Bayes,76.60400445,78.80999066,78.30882353,78.23028337,"['age', 'chol', 'restecg', 'exang', 'oldpeak', 'thal']"
3002,Naive Bayes,76.01483129,78.20063025,78.27205882,78.04765293,"['age', 'chol', 'restecg', 'exang', 'slope', 'ca']"
3003,Naive Bayes,76.60400445,79.01727358,78.19852941,78.2268418,"['age', 'chol', 'restecg', 'exang', 'slope', 'thal']"
3004,Naive Bayes,77.92806822,81.36780299,78.27205882,79.42438857,"['age', 'chol', 'restecg', 'exang', 'ca', 'thal']"
3005,Naive Bayes,73.96959585,74.17048531,81.91176471,77.46867022,"['age', 'chol', 'restecg', 'oldpeak', 'slope', 'ca']"
3006,Naive Bayes,75.32665925,76.0463352,80.03676471,77.685378,"['age', 'chol', 'restecg', 'oldpeak', 'slope', 'thal']"
3007,Naive Bayes,78.56321839,78.57162961,84.88970588,81.35227882,"['age', 'chol', 'restecg', 'oldpeak', 'ca', 'thal']"
3008,Naive Bayes,79.17389692,79.35413288,83.60294118,81.15428415,"['age', 'chol', 'restecg', 'slope', 'ca', 'thal']"
3009,Naive Bayes,77.99258435,78.82798909,81.39705882,79.8823105,"['age', 'chol', 'thalach', 'exang', 'oldpeak', 'slope']"
3010,Naive Bayes,76.5925102,78.95179739,78.27205882,78.49920423,"['age', 'chol', 'thalach', 'exang', 'oldpeak', 'ca']"
3011,Naive Bayes,77.5925102,79.45996732,79.52205882,79.3728242,"['age', 'chol', 'thalach', 'exang', 'oldpeak', 'thal']"
3012,Naive Bayes,74.65776789,76.85375817,77.09558824,76.81081929,"['age', 'chol', 'thalach', 'exang', 'slope', 'ca']"
3013,Naive Bayes,76.97107898,79.96031746,77.05882353,78.35980536,"['age', 'chol', 'thalach', 'exang', 'slope', 'thal']"
3014,Naive Bayes,77.24916574,79.8897796,78.82352941,79.10515736,"['age', 'chol', 'thalach', 'exang', 'ca', 'thal']"
3015,Naive Bayes,74.04634779,74.04179567,80.77205882,77.12719748,"['age', 'chol', 'thalach', 'oldpeak', 'slope', 'ca']"
3016,Naive Bayes,76.98257323,77.87441124,80.69852941,79.0602347,"['age', 'chol', 'thalach', 'oldpeak', 'slope', 'thal']"
3017,Naive Bayes,76.29440119,77.15402477,80.69852941,78.70447118,"['age', 'chol', 'thalach', 'oldpeak', 'ca', 'thal']"
3018,Naive Bayes,76.2499073,79.528909,76.36029412,77.53953502,"['age', 'chol', 'thalach', 'slope', 'ca', 'thal']"
3019,Naive Bayes,77.28216537,79.7803639,78.86029412,79.16981895,"['age', 'chol', 'exang', 'oldpeak', 'slope', 'ca']"
3020,Naive Bayes,78.57248795,80.96891125,79.44852941,80.08937094,"['age', 'chol', 'exang', 'oldpeak', 'slope', 'thal']"
3021,Naive Bayes,76.91583241,79.83965428,77.64705882,78.59224804,"['age', 'chol', 'exang', 'oldpeak', 'ca', 'thal']"
3022,Naive Bayes,77.58324064,81.39362358,76.94852941,78.76456726,"['age', 'chol', 'exang', 'slope', 'ca', 'thal']"
3023,Naive Bayes,76.61698183,77.06643447,81.21323529,78.9011739,"['age', 'chol', 'oldpeak', 'slope', 'ca', 'thal']"
3024,Naive Bayes,76.30292918,78.1354612,78.97058824,78.25595101,"['age', 'fbs', 'restecg', 'thalach', 'exang', 'oldpeak']"
3025,Naive Bayes,72.98887653,74.15806674,77.68382353,75.79492403,"['age', 'fbs', 'restecg', 'thalach', 'exang', 'slope']"
3026,Naive Bayes,74.37968113,76.70098039,76.54411765,76.43185104,"['age', 'fbs', 'restecg', 'thalach', 'exang', 'ca']"
3027,Naive Bayes,74.32369299,77.93492782,74.00735294,75.74962681,"['age', 'fbs', 'restecg', 'thalach', 'exang', 'thal']"
3028,Naive Bayes,72.66703745,73.46363431,78.93382353,75.79051667,"['age', 'fbs', 'restecg', 'thalach', 'oldpeak', 'slope']"
3029,Naive Bayes,74.30292918,75.27850095,80.11029412,77.32313662,"['age', 'fbs', 'restecg', 'thalach', 'oldpeak', 'ca']"
3030,Naive Bayes,74.34742306,75.40425205,78.30882353,76.59072049,"['age', 'fbs', 'restecg', 'thalach', 'oldpeak', 'thal']"
3031,Naive Bayes,74.24768261,75.29652563,78.82352941,76.83232296,"['age', 'fbs', 'restecg', 'thalach', 'slope', 'ca']"
3032,Naive Bayes,72.96737115,76.38877218,73.30882353,74.36144947,"['age', 'fbs', 'restecg', 'thalach', 'slope', 'thal']"
3033,Naive Bayes,77.21764924,80.26712095,76.98529412,78.32120487,"['age', 'fbs', 'restecg', 'thalach', 'ca', 'thal']"
3034,Naive Bayes,76.02484242,77.31538263,79.59558824,78.03062744,"['age', 'fbs', 'restecg', 'exang', 'oldpeak', 'slope']"
3035,Naive Bayes,75.92510197,78.65903588,77.68382353,77.93050182,"['age', 'fbs', 'restecg', 'exang', 'oldpeak', 'ca']"
3036,Naive Bayes,76.26992955,78.41043786,78.30882353,77.98261695,"['age', 'fbs', 'restecg', 'exang', 'oldpeak', 'thal']"
3037,Naive Bayes,76.01483129,77.96671212,78.86029412,78.19051007,"['age', 'fbs', 'restecg', 'exang', 'slope', 'ca']"
3038,Naive Bayes,77.25991843,79.9659197,78.19852941,78.68188834,"['age', 'fbs', 'restecg', 'exang', 'slope', 'thal']"
3039,Naive Bayes,78.22840193,81.28490958,79.48529412,79.86959111,"['age', 'fbs', 'restecg', 'exang', 'ca', 'thal']"
3040,Naive Bayes,73.30292918,74.17608985,81.28676471,77.04824226,"['age', 'fbs', 'restecg', 'oldpeak', 'slope', 'ca']"
3041,Naive Bayes,75.63774564,76.7088739,79.41176471,77.74407306,"['age', 'fbs', 'restecg', 'oldpeak', 'slope', 'thal']"
3042,Naive Bayes,79.54097145,79.72964944,84.92647059,81.96738164,"['age', 'fbs', 'restecg', 'oldpeak', 'ca', 'thal']"
3043,Naive Bayes,79.18539118,80.54566563,81.80147059,80.89884757,"['age', 'fbs', 'restecg', 'slope', 'ca', 'thal']"
3044,Naive Bayes,77.67074527,78.39078087,81.39705882,79.67793241,"['age', 'fbs', 'thalach', 'exang', 'oldpeak', 'slope']"
3045,Naive Bayes,76.91509084,79.13562092,78.86029412,78.89136109,"['age', 'fbs', 'thalach', 'exang', 'oldpeak', 'ca']"
3046,Naive Bayes,76.92584353,79.30310458,78.27205882,78.66901189,"['age', 'fbs', 'thalach', 'exang', 'oldpeak', 'thal']"
3047,Naive Bayes,73.99110122,76.31862745,76.47058824,76.24397437,"['age', 'fbs', 'thalach', 'exang', 'slope', 'ca']"
3048,Naive Bayes,74.9810901,78.56121166,74.59558824,76.38739922,"['age', 'fbs', 'thalach', 'exang', 'slope', 'thal']"
3049,Naive Bayes,77.60474601,79.89169001,79.44852941,79.47464171,"['age', 'fbs', 'thalach', 'exang', 'ca', 'thal']"
3050,Naive Bayes,74.3466815,74.4148914,81.36029412,77.54516118,"['age', 'fbs', 'thalach', 'oldpeak', 'slope', 'ca']"
3051,Naive Bayes,76.6492399,77.83519555,80.07352941,78.70947856,"['age', 'fbs', 'thalach', 'oldpeak', 'slope', 'thal']"
3052,Naive Bayes,75.34816463,76.40654946,79.55882353,77.76232678,"['age', 'fbs', 'thalach', 'oldpeak', 'ca', 'thal']"
3053,Naive Bayes,75.59399333,78.01284036,76.98529412,77.18535361,"['age', 'fbs', 'thalach', 'slope', 'ca', 'thal']"
3054,Naive Bayes,77.27141268,79.03417244,80.07352941,79.35701553,"['age', 'fbs', 'exang', 'oldpeak', 'slope', 'ca']"
3055,Naive Bayes,77.23767149,79.79621849,78.23529412,78.79367201,"['age', 'fbs', 'exang', 'oldpeak', 'slope', 'thal']"
3056,Naive Bayes,76.59325176,79.33965428,77.64705882,78.36497532,"['age', 'fbs', 'exang', 'oldpeak', 'ca', 'thal']"
3057,Naive Bayes,78.23915462,82.09325728,77.53676471,79.46079058,"['age', 'fbs', 'exang', 'slope', 'ca', 'thal']"
3058,Naive Bayes,78.25139043,78.76704015,82.42647059,80.31208539,"['age', 'fbs', 'oldpeak', 'slope', 'ca', 'thal']"
3059,Naive Bayes,77.35891732,78.6638164,80.22058824,79.20890629,"['age', 'restecg', 'thalach', 'exang', 'oldpeak', 'slope']"
3060,Naive Bayes,76.60400445,78.69358445,78.89705882,78.64269799,"['age', 'restecg', 'thalach', 'exang', 'oldpeak', 'ca']"
3061,Naive Bayes,77.2814238,79.31769374,78.93382353,78.96392017,"['age', 'restecg', 'thalach', 'exang', 'oldpeak', 'thal']"
3062,Naive Bayes,74.6470152,76.88643791,77.05882353,76.82205561,"['age', 'restecg', 'thalach', 'exang', 'slope', 'ca']"
3063,Naive Bayes,75.97033741,79.37129211,75.84558824,77.38689651,"['age', 'restecg', 'thalach', 'exang', 'slope', 'thal']"
3064,Naive Bayes,77.91657397,80.4379085,79.44852941,79.65669132,"['age', 'restecg', 'thalach', 'exang', 'ca', 'thal']"
3065,Naive Bayes,74.01334816,74.11135682,80.73529412,77.04323831,"['age', 'restecg', 'thalach', 'oldpeak', 'slope', 'ca']"
3066,Naive Bayes,76.97182054,77.94105976,80.66176471,79.06390669,"['age', 'restecg', 'thalach', 'oldpeak', 'slope', 'thal']"
3067,Naive Bayes,75.96032629,76.98606811,80.14705882,78.24181793,"['age', 'restecg', 'thalach', 'oldpeak', 'ca', 'thal']"
3068,Naive Bayes,76.90582128,78.85400955,78.82352941,78.48231079,"['age', 'restecg', 'thalach', 'slope', 'ca', 'thal']"
3069,Naive Bayes,77.3381535,79.38452608,79.52205882,79.20286822,"['age', 'restecg', 'exang', 'oldpeak', 'slope', 'ca']"
3070,Naive Bayes,78.26065999,81.01809057,78.89705882,79.6638943,"['age', 'restecg', 'exang', 'oldpeak', 'slope', 'thal']"
3071,Naive Bayes,76.59399333,79.74603175,77.68382353,78.43691576,"['age', 'restecg', 'exang', 'oldpeak', 'ca', 'thal']"
3072,Naive Bayes,78.23915462,82.2265529,77.57352941,79.51770723,"['age', 'restecg', 'exang', 'slope', 'ca', 'thal']"
3073,Naive Bayes,76.59473489,77.4606676,80.58823529,78.72010301,"['age', 'restecg', 'oldpeak', 'slope', 'ca', 'thal']"
3074,Naive Bayes,77.30441231,78.77201582,80.14705882,79.32451617,"['age', 'thalach', 'exang', 'oldpeak', 'slope', 'ca']"
3075,Naive Bayes,77.62625139,80.00256769,78.93382353,79.303823,"['age', 'thalach', 'exang', 'oldpeak', 'slope', 'thal']"
3076,Naive Bayes,78.90582128,81.29330065,80.07352941,80.59085878,"['age', 'thalach', 'exang', 'oldpeak', 'ca', 'thal']"
3077,Naive Bayes,78.27289581,81.59325397,78.27205882,79.63147605,"['age', 'thalach', 'exang', 'slope', 'ca', 'thal']"
3078,Naive Bayes,76.96106785,78.37392501,80.73529412,79.14227577,"['age', 'thalach', 'oldpeak', 'slope', 'ca', 'thal']"
3079,Naive Bayes,77.93807935,80.90277778,78.30882353,79.45467483,"['age', 'exang', 'oldpeak', 'slope', 'ca', 'thal']"
3080,Naive Bayes,71.87690026,74.14786967,75.625,74.44190786,"['sex', 'cp', 'trestbps', 'chol', 'fbs', 'restecg']"
3081,Naive Bayes,74.90137189,76.33317362,79.33823529,77.17998147,"['sex', 'cp', 'trestbps', 'chol', 'fbs', 'thalach']"
3082,Naive Bayes,75.88987764,78.02345827,79.33823529,77.95776222,"['sex', 'cp', 'trestbps', 'chol', 'fbs', 'exang']"
3083,Naive Bayes,78.86058584,80.00825033,82.5,80.66931843,"['sex', 'cp', 'trestbps', 'chol', 'fbs', 'oldpeak']"
3084,Naive Bayes,74.22395254,75.46431029,78.71323529,76.76109782,"['sex', 'cp', 'trestbps', 'chol', 'fbs', 'slope']"
3085,Naive Bayes,75.8361142,78.54224362,78.71323529,78.13419262,"['sex', 'cp', 'trestbps', 'chol', 'fbs', 'ca']"
3086,Naive Bayes,76.23618836,82.03123429,73.27205882,76.51615807,"['sex', 'cp', 'trestbps', 'chol', 'fbs', 'thal']"
3087,Naive Bayes,77.55802744,77.9137036,83.63970588,80.17647483,"['sex', 'cp', 'trestbps', 'chol', 'restecg', 'thalach']"
3088,Naive Bayes,74.91064145,76.63315722,80.03676471,77.58518063,"['sex', 'cp', 'trestbps', 'chol', 'restecg', 'exang']"
3089,Naive Bayes,79.1386726,79.03802493,84.85294118,81.370768,"['sex', 'cp', 'trestbps', 'chol', 'restecg', 'oldpeak']"
3090,Naive Bayes,76.48127549,78.0112782,79.88970588,78.69182547,"['sex', 'cp', 'trestbps', 'chol', 'restecg', 'slope']"
3091,Naive Bayes,75.5020393,76.87862319,80.625,78.38040238,"['sex', 'cp', 'trestbps', 'chol', 'restecg', 'ca']"
3092,Naive Bayes,77.78235076,81.30849543,76.83823529,78.6286545,"['sex', 'cp', 'trestbps', 'chol', 'restecg', 'thal']"
3093,Naive Bayes,76.6240267,76.42335004,83.67647059,79.63929291,"['sex', 'cp', 'trestbps', 'chol', 'thalach', 'exang']"
3094,Naive Bayes,79.25991843,78.16208467,86.76470588,81.98682441,"['sex', 'cp', 'trestbps', 'chol', 'thalach', 'oldpeak']"
3095,Naive Bayes,73.91212458,74.16906918,81.10294118,77.15051023,"['sex', 'cp', 'trestbps', 'chol', 'thalach', 'slope']"
3096,Naive Bayes,77.82832777,77.73900331,84.81617647,80.84708802,"['sex', 'cp', 'trestbps', 'chol', 'thalach', 'ca']"
3097,Naive Bayes,78.88283278,82.42533417,80.55147059,80.54162337,"['sex', 'cp', 'trestbps', 'chol', 'thalach', 'thal']"
3098,Naive Bayes,77.53652206,77.22052399,84.30147059,80.18910914,"['sex', 'cp', 'trestbps', 'chol', 'exang', 'oldpeak']"
3099,Naive Bayes,76.91286615,76.61393066,83.67647059,79.84636614,"['sex', 'cp', 'trestbps', 'chol', 'exang', 'slope']"
3100,Naive Bayes,79.56173526,80.48675611,83.67647059,81.8495671,"['sex', 'cp', 'trestbps', 'chol', 'exang', 'ca']"
3101,Naive Bayes,76.58027438,79.12435737,78.71323529,78.60984138,"['sex', 'cp', 'trestbps', 'chol', 'exang', 'thal']"
3102,Naive Bayes,79.21542455,77.76279547,87.27941176,82.11692494,"['sex', 'cp', 'trestbps', 'chol', 'oldpeak', 'slope']"
3103,Naive Bayes,81.50871339,80.89913402,87.90441176,84.029363,"['sex', 'cp', 'trestbps', 'chol', 'oldpeak', 'ca']"
3104,Naive Bayes,79.48424175,82.14398836,80.55147059,80.90655357,"['sex', 'cp', 'trestbps', 'chol', 'oldpeak', 'thal']"
3105,Naive Bayes,79.48424175,79.30693154,85.40441176,82.07310774,"['sex', 'cp', 'trestbps', 'chol', 'slope', 'ca']"
3106,Naive Bayes,77.85057471,82.16289593,76.76470588,78.69461978,"['sex', 'cp', 'trestbps', 'chol', 'slope', 'thal']"
3107,Naive Bayes,77.4705228,80.80894024,78.125,79.05943414,"['sex', 'cp', 'trestbps', 'chol', 'ca', 'thal']"
3108,Naive Bayes,75.5357805,76.43231308,81.17647059,78.34974947,"['sex', 'cp', 'trestbps', 'fbs', 'restecg', 'thalach']"
3109,Naive Bayes,75.22246941,77.39558412,79.41176471,77.68988614,"['sex', 'cp', 'trestbps', 'fbs', 'restecg', 'exang']"
3110,Naive Bayes,80.46125324,81.34245688,84.22794118,82.23578218,"['sex', 'cp', 'trestbps', 'fbs', 'restecg', 'oldpeak']"
3111,Naive Bayes,76.14794216,78.12611657,79.30147059,78.30013586,"['sex', 'cp', 'trestbps', 'fbs', 'restecg', 'slope']"
3112,Naive Bayes,77.18094179,78.58271184,81.83823529,79.79955871,"['sex', 'cp', 'trestbps', 'fbs', 'restecg', 'ca']"
3113,Naive Bayes,76.45902855,80.73560835,75.66176471,77.53097738,"['sex', 'cp', 'trestbps', 'fbs', 'restecg', 'thal']"
3114,Naive Bayes,76.94660734,76.55465256,84.26470588,79.97340499,"['sex', 'cp', 'trestbps', 'fbs', 'thalach', 'exang']"
3115,Naive Bayes,79.58324064,77.94308742,87.94117647,82.44916912,"['sex', 'cp', 'trestbps', 'fbs', 'thalach', 'oldpeak']"
3116,Naive Bayes,74.90211346,74.79420365,82.90441176,78.18208585,"['sex', 'cp', 'trestbps', 'fbs', 'thalach', 'slope']"
3117,Naive Bayes,80.18539118,79.38015996,86.65441176,82.71237672,"['sex', 'cp', 'trestbps', 'fbs', 'thalach', 'ca']"
3118,Naive Bayes,80.18390805,83.2639196,82.31617647,81.85472354,"['sex', 'cp', 'trestbps', 'fbs', 'thalach', 'thal']"
3119,Naive Bayes,77.84760845,77.2723665,84.88970588,80.5244774,"['sex', 'cp', 'trestbps', 'fbs', 'exang', 'oldpeak']"
3120,Naive Bayes,76.56878013,76.52591036,83.01470588,79.45690332,"['sex', 'cp', 'trestbps', 'fbs', 'exang', 'slope']"
3121,Naive Bayes,80.5294772,81.20164996,84.85294118,82.7079871,"['sex', 'cp', 'trestbps', 'fbs', 'exang', 'ca']"
3122,Naive Bayes,76.24694105,78.36925647,79.30147059,78.37775795,"['sex', 'cp', 'trestbps', 'fbs', 'exang', 'thal']"
3123,Naive Bayes,78.57026326,77.7438047,86.10294118,81.49739396,"['sex', 'cp', 'trestbps', 'fbs', 'oldpeak', 'slope']"
3124,Naive Bayes,82.45420838,81.39425212,89.08088235,84.85915928,"['sex', 'cp', 'trestbps', 'fbs', 'oldpeak', 'ca']"
3125,Naive Bayes,79.47348906,80.33217093,82.90441176,81.22905964,"['sex', 'cp', 'trestbps', 'fbs', 'oldpeak', 'thal']"
3126,Naive Bayes,80.11865035,79.58200034,86.58088235,82.77821669,"['sex', 'cp', 'trestbps', 'fbs', 'slope', 'ca']"
3127,Naive Bayes,79.17315536,82.72048239,79.22794118,80.32546258,"['sex', 'cp', 'trestbps', 'fbs', 'slope', 'thal']"
3128,Naive Bayes,79.48424175,81.88328665,81.76470588,81.32104821,"['sex', 'cp', 'trestbps', 'fbs', 'ca', 'thal']"
3129,Naive Bayes,76.99110122,76.53418473,84.33823529,80.07332914,"['sex', 'cp', 'trestbps', 'restecg', 'thalach', 'exang']"
3130,Naive Bayes,79.59399333,77.90658632,88.56617647,82.63408719,"['sex', 'cp', 'trestbps', 'restecg', 'thalach', 'oldpeak']"
3131,Naive Bayes,74.59102707,75.1658181,81.72794118,77.85485134,"['sex', 'cp', 'trestbps', 'restecg', 'thalach', 'slope']"
3132,Naive Bayes,80.15313311,79.14613633,87.86764706,83.00886454,"['sex', 'cp', 'trestbps', 'restecg', 'thalach', 'ca']"
3133,Naive Bayes,81.17463849,83.62073925,82.90441176,82.66828811,"['sex', 'cp', 'trestbps', 'restecg', 'thalach', 'thal']"
3134,Naive Bayes,77.20318873,76.75624668,84.30147059,79.96219279,"['sex', 'cp', 'trestbps', 'restecg', 'exang', 'oldpeak']"
3135,Naive Bayes,76.55802744,76.78992825,82.38970588,79.32562231,"['sex', 'cp', 'trestbps', 'restecg', 'exang', 'slope']"
3136,Naive Bayes,78.51724138,79.98350042,83.08823529,81.12810455,"['sex', 'cp', 'trestbps', 'restecg', 'exang', 'ca']"
3137,Naive Bayes,77.52576937,79.59417775,79.88970588,79.39539636,"['sex', 'cp', 'trestbps', 'restecg', 'exang', 'thal']"
3138,Naive Bayes,77.54801631,76.4196275,86.02941176,80.7760985,"['sex', 'cp', 'trestbps', 'restecg', 'oldpeak', 'slope']"
3139,Naive Bayes,83.44419726,82.56012474,89.70588235,85.75607236,"['sex', 'cp', 'trestbps', 'restecg', 'oldpeak', 'ca']"
3140,Naive Bayes,80.16240267,81.52757128,82.97794118,81.88326818,"['sex', 'cp', 'trestbps', 'restecg', 'oldpeak', 'thal']"
3141,Naive Bayes,79.77382277,79.45304438,85.99264706,82.45807196,"['sex', 'cp', 'trestbps', 'restecg', 'slope', 'ca']"
3142,Naive Bayes,79.19614386,83.43417367,78.01470588,79.99974873,"['sex', 'cp', 'trestbps', 'restecg', 'slope', 'thal']"
3143,Naive Bayes,79.11716722,81.70432208,81.17647059,80.93542615,"['sex', 'cp', 'trestbps', 'restecg', 'ca', 'thal']"
3144,Naive Bayes,79.93733778,79.21022532,86.25,82.37357766,"['sex', 'cp', 'trestbps', 'thalach', 'exang', 'oldpeak']"
3145,Naive Bayes,76.00111235,75.64559684,83.16176471,79.08279525,"['sex', 'cp', 'trestbps', 'thalach', 'exang', 'slope']"
3146,Naive Bayes,80.26140156,80.73280014,84.96323529,82.5513642,"['sex', 'cp', 'trestbps', 'thalach', 'exang', 'ca']"
3147,Naive Bayes,78.20393029,79.9758942,81.10294118,80.15991389,"['sex', 'cp', 'trestbps', 'thalach', 'exang', 'thal']"
3148,Naive Bayes,77.94809047,76.59198294,86.76470588,81.10564642,"['sex', 'cp', 'trestbps', 'thalach', 'oldpeak', 'slope']"
3149,Naive Bayes,81.50871339,79.74863523,89.74264706,84.27938004,"['sex', 'cp', 'trestbps', 'thalach', 'oldpeak', 'ca']"
3150,Naive Bayes,82.50871339,84.48529412,84.19117647,83.84219908,"['sex', 'cp', 'trestbps', 'thalach', 'oldpeak', 'thal']"
3151,Naive Bayes,77.87208009,76.93011383,86.06617647,81.05969388,"['sex', 'cp', 'trestbps', 'thalach', 'slope', 'ca']"
3152,Naive Bayes,80.51872451,83.5845274,81.06617647,81.75090319,"['sex', 'cp', 'trestbps', 'thalach', 'slope', 'thal']"
3153,Naive Bayes,80.80756396,82.02710946,84.66911765,82.7142151,"['sex', 'cp', 'trestbps', 'thalach', 'ca', 'thal']"
3154,Naive Bayes,79.56025213,79.303381,84.92647059,81.73587936,"['sex', 'cp', 'trestbps', 'exang', 'oldpeak', 'slope']"
3155,Naive Bayes,79.51649981,80.09782422,83.75,81.70456668,"['sex', 'cp', 'trestbps', 'exang', 'oldpeak', 'ca']"
3156,Naive Bayes,81.18390805,83.31787803,83.05147059,82.75451661,"['sex', 'cp', 'trestbps', 'exang', 'oldpeak', 'thal']"
3157,Naive Bayes,78.56025213,79.52525824,83.08823529,80.89925069,"['sex', 'cp', 'trestbps', 'exang', 'slope', 'ca']"
3158,Naive Bayes,79.50574713,82.90201465,79.85294118,80.88701266,"['sex', 'cp', 'trestbps', 'exang', 'slope', 'thal']"
3159,Naive Bayes,80.20689655,82.91867536,82.35294118,82.09727918,"['sex', 'cp', 'trestbps', 'exang', 'ca', 'thal']"
3160,Naive Bayes,79.49499444,78.77072583,86.02941176,82.10419508,"['sex', 'cp', 'trestbps', 'oldpeak', 'slope', 'ca']"
3161,Naive Bayes,80.17389692,82.62857511,81.13970588,81.55436548,"['sex', 'cp', 'trestbps', 'oldpeak', 'slope', 'thal']"
3162,Naive Bayes,82.14238042,82.37275229,86.65441176,84.2232228,"['sex', 'cp', 'trestbps', 'oldpeak', 'ca', 'thal']"
3163,Naive Bayes,79.45124212,81.54028007,81.65441176,81.10740897,"['sex', 'cp', 'trestbps', 'slope', 'ca', 'thal']"
3164,Naive Bayes,74.57879125,75.0058398,80.58823529,77.22110982,"['sex', 'cp', 'chol', 'fbs', 'restecg', 'thalach']"
3165,Naive Bayes,75.27771598,76.78328173,79.44852941,77.68364504,"['sex', 'cp', 'chol', 'fbs', 'restecg', 'exang']"
3166,Naive Bayes,80.1616611,79.85822399,86.06617647,82.4185553,"['sex', 'cp', 'chol', 'fbs', 'restecg', 'oldpeak']"
3167,Naive Bayes,73.90137189,74.6358119,79.92647059,76.80796793,"['sex', 'cp', 'chol', 'fbs', 'restecg', 'slope']"
3168,Naive Bayes,76.20318873,77.71986394,80.625,78.78362539,"['sex', 'cp', 'chol', 'fbs', 'restecg', 'ca']"
3169,Naive Bayes,76.20318873,80.77902571,74.44852941,76.91574973,"['sex', 'cp', 'chol', 'fbs', 'restecg', 'thal']"
3170,Naive Bayes,76.30144605,76.14813996,83.08823529,79.30070865,"['sex', 'cp', 'chol', 'fbs', 'thalach', 'exang']"
3171,Naive Bayes,78.58249907,77.44188904,86.72794118,81.52098094,"['sex', 'cp', 'chol', 'fbs', 'thalach', 'oldpeak']"
3172,Naive Bayes,75.57026326,75.17210217,83.52941176,78.78413209,"['sex', 'cp', 'chol', 'fbs', 'thalach', 'slope']"
3173,Naive Bayes,78.17315536,77.19043375,86.02941176,81.14481576,"['sex', 'cp', 'chol', 'fbs', 'thalach', 'ca']"
3174,Naive Bayes,79.55024101,81.72781329,81.80147059,81.19039307,"['sex', 'cp', 'chol', 'fbs', 'thalach', 'thal']"
3175,Naive Bayes,77.54727475,77.80168224,83.08823529,80.06730741,"['sex', 'cp', 'chol', 'fbs', 'exang', 'oldpeak']"
3176,Naive Bayes,76.62476826,76.85736288,82.42647059,79.32066412,"['sex', 'cp', 'chol', 'fbs', 'exang', 'slope']"
3177,Naive Bayes,78.29365962,79.02205882,83.125,80.80599029,"['sex', 'cp', 'chol', 'fbs', 'exang', 'ca']"
3178,Naive Bayes,77.57026326,80.1589894,79.88970588,79.50777068,"['sex', 'cp', 'chol', 'fbs', 'exang', 'thal']"
3179,Naive Bayes,76.56952169,75.61017685,84.85294118,79.72162363,"['sex', 'cp', 'chol', 'fbs', 'oldpeak', 'slope']"
3180,Naive Bayes,81.50871339,81.27237104,87.31617647,83.94685728,"['sex', 'cp', 'chol', 'fbs', 'oldpeak', 'ca']"
3181,Naive Bayes,78.54949944,80.89265065,80,80.0944765,"['sex', 'cp', 'chol', 'fbs', 'oldpeak', 'thal']"
3182,Naive Bayes,78.51798294,77.90220035,85.44117647,81.24092011,"['sex', 'cp', 'chol', 'fbs', 'slope', 'ca']"
3183,Naive Bayes,77.51724138,81.24114327,76.80147059,78.50582896,"['sex', 'cp', 'chol', 'fbs', 'slope', 'thal']"
3184,Naive Bayes,78.17093066,80.831155,79.41176471,79.77403299,"['sex', 'cp', 'chol', 'fbs', 'ca', 'thal']"
3185,Naive Bayes,77.66926214,78.10269546,83.71323529,80.52821635,"['sex', 'cp', 'chol', 'restecg', 'thalach', 'exang']"
3186,Naive Bayes,80.25064887,79.2496732,87.97794118,83.04277214,"['sex', 'cp', 'chol', 'restecg', 'thalach', 'oldpeak']"
3187,Naive Bayes,75.57100482,76.13633401,82.31617647,78.64171352,"['sex', 'cp', 'chol', 'restecg', 'thalach', 'slope']"
3188,Naive Bayes,77.83982202,77.16374269,86.06617647,81.11720143,"['sex', 'cp', 'chol', 'restecg', 'thalach', 'ca']"
3189,Naive Bayes,77.52651094,79.88032581,79.96323529,79.19373003,"['sex', 'cp', 'chol', 'restecg', 'thalach', 'thal']"
3190,Naive Bayes,77.29217649,77.7246235,83.16176471,79.91766163,"['sex', 'cp', 'chol', 'restecg', 'exang', 'oldpeak']"
3191,Naive Bayes,77.32591769,78.01320704,82.42647059,79.93143888,"['sex', 'cp', 'chol', 'restecg', 'exang', 'slope']"
3192,Naive Bayes,78.58324064,80.16666667,81.91176471,80.79409129,"['sex', 'cp', 'chol', 'restecg', 'exang', 'ca']"
3193,Naive Bayes,76.56878013,78.82205514,78.75,78.55813078,"['sex', 'cp', 'chol', 'restecg', 'exang', 'thal']"
3194,Naive Bayes,79.23915462,78.73850346,86.02941176,81.98259822,"['sex', 'cp', 'chol', 'restecg', 'oldpeak', 'slope']"
3195,Naive Bayes,80.87504635,81.29289646,86.72794118,83.52867939,"['sex', 'cp', 'chol', 'restecg', 'oldpeak', 'ca']"
3196,Naive Bayes,79.81757508,82.04178239,81.80147059,81.46921635,"['sex', 'cp', 'chol', 'restecg', 'oldpeak', 'thal']"
3197,Naive Bayes,79.15164998,79.20098039,84.81617647,81.80419858,"['sex', 'cp', 'chol', 'restecg', 'slope', 'ca']"
3198,Naive Bayes,78.50648869,82.39741511,77.42647059,79.44752075,"['sex', 'cp', 'chol', 'restecg', 'slope', 'thal']"
3199,Naive Bayes,78.8383389,80.99136321,81.25,80.80935519,"['sex', 'cp', 'chol', 'restecg', 'ca', 'thal']"
3200,Naive Bayes,79.59325176,78.43932749,86.80147059,82.21371191,"['sex', 'cp', 'chol', 'thalach', 'exang', 'oldpeak']"
3201,Naive Bayes,75.64553207,76.18718365,81.28676471,78.45346367,"['sex', 'cp', 'chol', 'thalach', 'exang', 'slope']"
3202,Naive Bayes,78.62699296,79.4623753,83.08823529,81.04490252,"['sex', 'cp', 'chol', 'thalach', 'exang', 'ca']"
3203,Naive Bayes,79.25991843,80.81214537,82.38970588,81.24447382,"['sex', 'cp', 'chol', 'thalach', 'exang', 'thal']"
3204,Naive Bayes,76.90359659,76.12958227,84.88970588,80.05666471,"['sex', 'cp', 'chol', 'thalach', 'oldpeak', 'slope']"
3205,Naive Bayes,81.1868743,80.33118335,88.49264706,83.98287612,"['sex', 'cp', 'chol', 'thalach', 'oldpeak', 'ca']"
3206,Naive Bayes,83.16462736,84.94799971,85.40441176,84.68102991,"['sex', 'cp', 'chol', 'thalach', 'oldpeak', 'thal']"
3207,Naive Bayes,78.1954023,78.02318296,84.77941176,80.99716069,"['sex', 'cp', 'chol', 'thalach', 'slope', 'ca']"
3208,Naive Bayes,79.17315536,81.67792124,80.47794118,80.56469937,"['sex', 'cp', 'chol', 'thalach', 'slope', 'thal']"
3209,Naive Bayes,81.17463849,82.45924749,84.74264706,83.04453063,"['sex', 'cp', 'chol', 'thalach', 'ca', 'thal']"
3210,Naive Bayes,79.90507972,80.72175537,83.125,81.71505998,"['sex', 'cp', 'chol', 'exang', 'oldpeak', 'slope']"
3211,Naive Bayes,79.52799407,79.6876935,84.33823529,81.79439351,"['sex', 'cp', 'chol', 'exang', 'oldpeak', 'ca']"
3212,Naive Bayes,80.50574713,81.96867168,83.05147059,82.18425757,"['sex', 'cp', 'chol', 'exang', 'oldpeak', 'thal']"
3213,Naive Bayes,78.92732666,80.56782274,82.42647059,81.07235383,"['sex', 'cp', 'chol', 'exang', 'slope', 'ca']"
3214,Naive Bayes,77.60252132,80.37881073,79.33823529,79.43322562,"['sex', 'cp', 'chol', 'exang', 'slope', 'thal']"
3215,Naive Bayes,79.53948832,82.00324577,81.76470588,81.45250633,"['sex', 'cp', 'chol', 'exang', 'ca', 'thal']"
3216,Naive Bayes,78.50574713,78.37297902,84.77941176,81.27395274,"['sex', 'cp', 'chol', 'oldpeak', 'slope', 'ca']"
3217,Naive Bayes,79.50648869,82.43902649,79.92647059,80.90301155,"['sex', 'cp', 'chol', 'oldpeak', 'slope', 'thal']"
3218,Naive Bayes,81.17463849,82.47883244,84.26470588,83.09949706,"['sex', 'cp', 'chol', 'oldpeak', 'ca', 'thal']"
3219,Naive Bayes,81.83055247,84.72587956,82.35294118,82.97316889,"['sex', 'cp', 'chol', 'slope', 'ca', 'thal']"
3220,Naive Bayes,76.95736003,76.73754239,83.67647059,79.90579467,"['sex', 'cp', 'fbs', 'restecg', 'thalach', 'exang']"
3221,Naive Bayes,79.91657397,78.51764882,87.94117647,82.72353153,"['sex', 'cp', 'fbs', 'restecg', 'thalach', 'oldpeak']"
3222,Naive Bayes,75.91434928,76.43379282,82.90441176,78.98543643,"['sex', 'cp', 'fbs', 'restecg', 'thalach', 'slope']"
3223,Naive Bayes,78.83982202,77.82940864,86.65441176,81.80744162,"['sex', 'cp', 'fbs', 'restecg', 'thalach', 'ca']"
3224,Naive Bayes,79.83982202,81.61896162,82.94117647,81.7468761,"['sex', 'cp', 'fbs', 'restecg', 'thalach', 'thal']"
3225,Naive Bayes,76.88060808,76.33192607,84.30147059,79.81666185,"['sex', 'cp', 'fbs', 'restecg', 'exang', 'oldpeak']"
3226,Naive Bayes,77.315165,77.98730896,82.38970588,79.85617006,"['sex', 'cp', 'fbs', 'restecg', 'exang', 'slope']"
3227,Naive Bayes,78.56173526,78.9764239,84.30147059,81.27395249,"['sex', 'cp', 'fbs', 'restecg', 'exang', 'ca']"
3228,Naive Bayes,76.55802744,78.65819195,79.30147059,78.66709218,"['sex', 'cp', 'fbs', 'restecg', 'exang', 'thal']"
3229,Naive Bayes,77.57100482,76.60007584,86.02941176,80.80967734,"['sex', 'cp', 'fbs', 'restecg', 'oldpeak', 'slope']"
3230,Naive Bayes,82.49870226,82.01626509,88.49264706,84.86025597,"['sex', 'cp', 'fbs', 'restecg', 'oldpeak', 'ca']"
3231,Naive Bayes,80.14015573,82.39066652,81.76470588,81.65392747,"['sex', 'cp', 'fbs', 'restecg', 'oldpeak', 'thal']"
3232,Naive Bayes,79.14089729,78.89000688,85.36764706,81.88533388,"['sex', 'cp', 'fbs', 'restecg', 'slope', 'ca']"
3233,Naive Bayes,79.14089729,83.00513092,77.97794118,79.96908511,"['sex', 'cp', 'fbs', 'restecg', 'slope', 'thal']"
3234,Naive Bayes,78.53874676,81.19444737,80.625,80.48226308,"['sex', 'cp', 'fbs', 'restecg', 'ca', 'thal']"
3235,Naive Bayes,79.60400445,78.70248538,86.21323529,82.12147682,"['sex', 'cp', 'fbs', 'thalach', 'exang', 'oldpeak']"
3236,Naive Bayes,76.0126066,76.03302374,82.53676471,78.91244565,"['sex', 'cp', 'fbs', 'thalach', 'exang', 'slope']"
3237,Naive Bayes,78.9495736,79.31445648,84.33823529,81.50813782,"['sex', 'cp', 'fbs', 'thalach', 'exang', 'ca']"
3238,Naive Bayes,78.8928439,80.37563743,82.35294118,80.96918305,"['sex', 'cp', 'fbs', 'thalach', 'exang', 'thal']"
3239,Naive Bayes,78.57100482,77.32580278,86.72794118,81.52086812,"['sex', 'cp', 'fbs', 'thalach', 'oldpeak', 'slope']"
3240,Naive Bayes,81.84204672,80.16618194,89.74264706,84.5460387,"['sex', 'cp', 'fbs', 'thalach', 'oldpeak', 'ca']"
3241,Naive Bayes,82.83129403,83.95927318,85.99264706,84.47741139,"['sex', 'cp', 'fbs', 'thalach', 'oldpeak', 'thal']"
3242,Naive Bayes,77.83908046,77.19083247,85.40441176,80.86127274,"['sex', 'cp', 'fbs', 'thalach', 'slope', 'ca']"
3243,Naive Bayes,79.81757508,82.23542312,81.06617647,81.19470929,"['sex', 'cp', 'fbs', 'thalach', 'slope', 'thal']"
3244,Naive Bayes,81.49721913,82.60544633,85.33088235,83.39373698,"['sex', 'cp', 'fbs', 'thalach', 'ca', 'thal']"
3245,Naive Bayes,79.5272525,79.85507131,83.67647059,81.41509423,"['sex', 'cp', 'fbs', 'exang', 'oldpeak', 'slope']"
3246,Naive Bayes,79.19466073,80.000602,83.125,81.34898353,"['sex', 'cp', 'fbs', 'exang', 'oldpeak', 'ca']"
3247,Naive Bayes,81.495736,82.81725382,84.22794118,83.11692618,"['sex', 'cp', 'fbs', 'exang', 'oldpeak', 'thal']"
3248,Naive Bayes,77.23767149,79.20067841,80.58823529,79.48944821,"['sex', 'cp', 'fbs', 'exang', 'slope', 'ca']"
3249,Naive Bayes,76.90359659,79.94750103,78.05147059,78.31710398,"['sex', 'cp', 'fbs', 'exang', 'slope', 'thal']"
3250,Naive Bayes,79.17315536,81.99926145,81.10294118,81.00633819,"['sex', 'cp', 'fbs', 'exang', 'ca', 'thal']"
3251,Naive Bayes,79.47348906,78.68730706,86.58088235,82.27668603,"['sex', 'cp', 'fbs', 'oldpeak', 'slope', 'ca']"
3252,Naive Bayes,80.17389692,82.43271336,81.76470588,81.68981128,"['sex', 'cp', 'fbs', 'oldpeak', 'slope', 'thal']"
3253,Naive Bayes,81.13088617,82.56581082,84.19117647,83.04255255,"['sex', 'cp', 'fbs', 'oldpeak', 'ca', 'thal']"
3254,Naive Bayes,80.84204672,83.83619614,82.31617647,82.29138258,"['sex', 'cp', 'fbs', 'slope', 'ca', 'thal']"
3255,Naive Bayes,80.26065999,79.33200034,86.80147059,82.69940922,"['sex', 'cp', 'restecg', 'thalach', 'exang', 'oldpeak']"
3256,Naive Bayes,75.34519837,75.59966092,81.91176471,78.40219897,"['sex', 'cp', 'restecg', 'thalach', 'exang', 'slope']"
3257,Naive Bayes,78.96106785,79.53667871,83.71323529,81.37741886,"['sex', 'cp', 'restecg', 'thalach', 'exang', 'ca']"
3258,Naive Bayes,78.55951057,79.27458352,83.01470588,80.84957278,"['sex', 'cp', 'restecg', 'thalach', 'exang', 'thal']"
3259,Naive Bayes,77.91509084,76.97103608,86.06617647,80.96451627,"['sex', 'cp', 'restecg', 'thalach', 'oldpeak', 'slope']"
3260,Naive Bayes,81.54245458,79.62899897,90.33088235,84.47292365,"['sex', 'cp', 'restecg', 'thalach', 'oldpeak', 'ca']"
3261,Naive Bayes,82.18613274,83.06490491,85.44117647,83.94973013,"['sex', 'cp', 'restecg', 'thalach', 'oldpeak', 'thal']"
3262,Naive Bayes,77.87208009,76.46330957,86.65441176,81.07419501,"['sex', 'cp', 'restecg', 'thalach', 'slope', 'ca']"
3263,Naive Bayes,79.495736,81.56271287,81.72794118,81.1926723,"['sex', 'cp', 'restecg', 'thalach', 'slope', 'thal']"
3264,Naive Bayes,80.8298109,82.12153782,84.77941176,82.94346474,"['sex', 'cp', 'restecg', 'thalach', 'ca', 'thal']"
3265,Naive Bayes,80.20541342,80.42124778,84.26470588,82.03609414,"['sex', 'cp', 'restecg', 'exang', 'oldpeak', 'slope']"
3266,Naive Bayes,79.19466073,79.76530788,83.75,81.47745425,"['sex', 'cp', 'restecg', 'exang', 'oldpeak', 'ca']"
3267,Naive Bayes,80.85057471,82.20634921,83.63970588,82.53196745,"['sex', 'cp', 'restecg', 'exang', 'oldpeak', 'thal']"
3268,Naive Bayes,78.59399333,80.58964814,81.83823529,80.73260914,"['sex', 'cp', 'restecg', 'exang', 'slope', 'ca']"
3269,Naive Bayes,79.20541342,82.06672176,79.96323529,80.74841724,"['sex', 'cp', 'restecg', 'exang', 'slope', 'thal']"
3270,Naive Bayes,80.19614386,83.19111126,81.76470588,81.99707705,"['sex', 'cp', 'restecg', 'exang', 'ca', 'thal']"
3271,Naive Bayes,80.14089729,79.60384473,86.58088235,82.76099339,"['sex', 'cp', 'restecg', 'oldpeak', 'slope', 'ca']"
3272,Naive Bayes,79.85131628,82.01173891,81.80147059,81.55958862,"['sex', 'cp', 'restecg', 'oldpeak', 'slope', 'thal']"
3273,Naive Bayes,83.15461624,84.24108734,86.06617647,84.92560375,"['sex', 'cp', 'restecg', 'oldpeak', 'ca', 'thal']"
3274,Naive Bayes,80.46347794,82.81443664,82.35294118,82.20882031,"['sex', 'cp', 'restecg', 'slope', 'ca', 'thal']"
3275,Naive Bayes,81.27289581,81.26028306,85.58823529,83.18967095,"['sex', 'cp', 'thalach', 'exang', 'oldpeak', 'slope']"
3276,Naive Bayes,79.89506859,80.58986928,83.75,81.97682983,"['sex', 'cp', 'thalach', 'exang', 'oldpeak', 'ca']"
3277,Naive Bayes,81.87282165,83.49563861,83.67647059,83.47001802,"['sex', 'cp', 'thalach', 'exang', 'oldpeak', 'thal']"
3278,Naive Bayes,79.27215425,80.10119048,83.125,81.36830638,"['sex', 'cp', 'thalach', 'exang', 'slope', 'ca']"
3279,Naive Bayes,79.61624027,81.1977247,82.42647059,81.57054763,"['sex', 'cp', 'thalach', 'exang', 'slope', 'thal']"
3280,Naive Bayes,79.90582128,82.3583407,81.83823529,81.77876498,"['sex', 'cp', 'thalach', 'exang', 'ca', 'thal']"
3281,Naive Bayes,79.87430478,78.84869543,87.31617647,82.66850666,"['sex', 'cp', 'thalach', 'oldpeak', 'slope', 'ca']"
3282,Naive Bayes,82.55320727,83.71015775,85.47794118,84.26772268,"['sex', 'cp', 'thalach', 'oldpeak', 'slope', 'thal']"
3283,Naive Bayes,83.77678902,83.52320139,88.41911765,85.70390884,"['sex', 'cp', 'thalach', 'oldpeak', 'ca', 'thal']"
3284,Naive Bayes,81.84204672,81.84935378,86.65441176,83.94910208,"['sex', 'cp', 'thalach', 'slope', 'ca', 'thal']"
3285,Naive Bayes,80.5294772,81.76157305,83.05147059,82.28654189,"['sex', 'cp', 'exang', 'oldpeak', 'slope', 'ca']"
3286,Naive Bayes,80.50574713,81.99061993,82.97794118,82.17447044,"['sex', 'cp', 'exang', 'oldpeak', 'slope', 'thal']"
3287,Naive Bayes,81.80830552,83.32983193,84.19117647,83.60812174,"['sex', 'cp', 'exang', 'oldpeak', 'ca', 'thal']"
3288,Naive Bayes,81.87430478,83.1057423,84.85294118,83.67897853,"['sex', 'cp', 'exang', 'slope', 'ca', 'thal']"
3289,Naive Bayes,82.49721913,82.96925525,86.06617647,84.36969759,"['sex', 'cp', 'oldpeak', 'slope', 'ca', 'thal']"
3290,Naive Bayes,70.87912495,72.04785632,76.83823529,73.98840916,"['sex', 'trestbps', 'chol', 'fbs', 'restecg', 'thalach']"
3291,Naive Bayes,68.63107156,68.86675579,78.08823529,72.96211936,"['sex', 'trestbps', 'chol', 'fbs', 'restecg', 'exang']"
3292,Naive Bayes,69.99962922,68.90643168,82.5,74.95105164,"['sex', 'trestbps', 'chol', 'fbs', 'restecg', 'oldpeak']"
3293,Naive Bayes,69.59955506,71.56695554,74.44852941,72.63472486,"['sex', 'trestbps', 'chol', 'fbs', 'restecg', 'slope']"
3294,Naive Bayes,72.84760845,73.31288393,80.55147059,76.53678869,"['sex', 'trestbps', 'chol', 'fbs', 'restecg', 'ca']"
3295,Naive Bayes,70.53207267,73.97840257,74.44852941,73.60662772,"['sex', 'trestbps', 'chol', 'fbs', 'restecg', 'thal']"
3296,Naive Bayes,74.26770486,74.20709863,81.80147059,77.62248523,"['sex', 'trestbps', 'chol', 'fbs', 'thalach', 'exang']"
3297,Naive Bayes,73.34519837,73.28456837,80.73529412,76.58030145,"['sex', 'trestbps', 'chol', 'fbs', 'thalach', 'oldpeak']"
3298,Naive Bayes,71.97812384,73.28508772,77.61029412,75.02246437,"['sex', 'trestbps', 'chol', 'fbs', 'thalach', 'slope']"
3299,Naive Bayes,75.85910271,75.54913018,82.97794118,78.95633304,"['sex', 'trestbps', 'chol', 'fbs', 'thalach', 'ca']"
3300,Naive Bayes,75.19095291,79.34736097,75.07352941,76.65440775,"['sex', 'trestbps', 'chol', 'fbs', 'thalach', 'thal']"
3301,Naive Bayes,75.20244716,76.52573596,79.44852941,77.431108,"['sex', 'trestbps', 'chol', 'fbs', 'exang', 'oldpeak']"
3302,Naive Bayes,73.29069336,74.09029928,78.75,76.09529932,"['sex', 'trestbps', 'chol', 'fbs', 'exang', 'slope']"
3303,Naive Bayes,73.2899518,74.40697946,78.86029412,76.36198249,"['sex', 'trestbps', 'chol', 'fbs', 'exang', 'ca']"
3304,Naive Bayes,74.94586578,80.39733005,73.30882353,75.86803639,"['sex', 'trestbps', 'chol', 'fbs', 'exang', 'thal']"
3305,Naive Bayes,73.23544679,73.07541805,81.21323529,76.62049129,"['sex', 'trestbps', 'chol', 'fbs', 'oldpeak', 'slope']"
3306,Naive Bayes,73.6470152,73.43229007,81.36029412,76.80719281,"['sex', 'trestbps', 'chol', 'fbs', 'oldpeak', 'ca']"
3307,Naive Bayes,75.58101594,78.80477636,75.77205882,76.89703424,"['sex', 'trestbps', 'chol', 'fbs', 'oldpeak', 'thal']"
3308,Naive Bayes,74.4705228,74.13108726,82.97794118,78.00847087,"['sex', 'trestbps', 'chol', 'fbs', 'slope', 'ca']"
3309,Naive Bayes,73.22395254,77.87326017,72.61029412,74.51416639,"['sex', 'trestbps', 'chol', 'fbs', 'slope', 'thal']"
3310,Naive Bayes,75.78086763,79.48985444,76.91176471,77.6025462,"['sex', 'trestbps', 'chol', 'fbs', 'ca', 'thal']"
3311,Naive Bayes,73.9558769,73.50064499,82.46323529,77.54259801,"['sex', 'trestbps', 'chol', 'restecg', 'thalach', 'exang']"
3312,Naive Bayes,74.97886541,73.9351202,83.86029412,78.31555132,"['sex', 'trestbps', 'chol', 'restecg', 'thalach', 'oldpeak']"
3313,Naive Bayes,71.96662959,73.56372549,77.61029412,75.16564153,"['sex', 'trestbps', 'chol', 'restecg', 'thalach', 'slope']"
3314,Naive Bayes,76.1931776,75.50890093,84.22794118,79.41027915,"['sex', 'trestbps', 'chol', 'restecg', 'thalach', 'ca']"
3315,Naive Bayes,76.14794216,78.48661087,78.67647059,78.16207854,"['sex', 'trestbps', 'chol', 'restecg', 'thalach', 'thal']"
3316,Naive Bayes,75.20244716,75.72637235,80.69852941,77.58322862,"['sex', 'trestbps', 'chol', 'restecg', 'exang', 'oldpeak']"
3317,Naive Bayes,74.31368187,75.88596491,78.19852941,76.72276365,"['sex', 'trestbps', 'chol', 'restecg', 'exang', 'slope']"
3318,Naive Bayes,73.25695217,74.36200182,78.86029412,76.3299842,"['sex', 'trestbps', 'chol', 'restecg', 'exang', 'ca']"
3319,Naive Bayes,74.27919911,79.98583116,72.68382353,75.21288544,"['sex', 'trestbps', 'chol', 'restecg', 'exang', 'thal']"
3320,Naive Bayes,73.23618836,73.03234021,81.80147059,76.78056152,"['sex', 'trestbps', 'chol', 'restecg', 'oldpeak', 'slope']"
3321,Naive Bayes,74.61475714,74.08568442,83.19852941,77.89386383,"['sex', 'trestbps', 'chol', 'restecg', 'oldpeak', 'ca']"
3322,Naive Bayes,76.21542455,79.02910557,76.94852941,77.5740038,"['sex', 'trestbps', 'chol', 'restecg', 'oldpeak', 'thal']"
3323,Naive Bayes,74.8045977,75.22775968,82.42647059,78.23002225,"['sex', 'trestbps', 'chol', 'restecg', 'slope', 'ca']"
3324,Naive Bayes,74.21319985,79.67507029,72.05882353,75.19081618,"['sex', 'trestbps', 'chol', 'restecg', 'slope', 'thal']"
3325,Naive Bayes,76.48201706,79.83579991,77.53676471,78.16318743,"['sex', 'trestbps', 'chol', 'restecg', 'ca', 'thal']"
3326,Naive Bayes,78.88209121,78.74032508,83.71323529,81.08088235,"['sex', 'trestbps', 'chol', 'thalach', 'exang', 'oldpeak']"
3327,Naive Bayes,77.27067112,78.05178482,81.21323529,79.36545378,"['sex', 'trestbps', 'chol', 'thalach', 'exang', 'slope']"
3328,Naive Bayes,75.89136077,76.74415205,80.66176471,78.4952678,"['sex', 'trestbps', 'chol', 'thalach', 'exang', 'ca']"
3329,Naive Bayes,75.91286615,78.72526905,77.53676471,77.71793583,"['sex', 'trestbps', 'chol', 'thalach', 'exang', 'thal']"
3330,Naive Bayes,75.62550983,75.20886829,83.125,78.52989898,"['sex', 'trestbps', 'chol', 'thalach', 'oldpeak', 'slope']"
3331,Naive Bayes,77.58249907,77.02046784,84.41176471,80.30668139,"['sex', 'trestbps', 'chol', 'thalach', 'oldpeak', 'ca']"
3332,Naive Bayes,75.91434928,76.95846233,79.375,78.01468055,"['sex', 'trestbps', 'chol', 'thalach', 'oldpeak', 'thal']"
3333,Naive Bayes,77.16091954,76.61106811,84.22794118,79.98259584,"['sex', 'trestbps', 'chol', 'thalach', 'slope', 'ca']"
3334,Naive Bayes,76.5609937,78.16598629,79.26470588,78.34930163,"['sex', 'trestbps', 'chol', 'thalach', 'slope', 'thal']"
3335,Naive Bayes,78.77382277,81.46041055,79.30147059,80.14967115,"['sex', 'trestbps', 'chol', 'thalach', 'ca', 'thal']"
3336,Naive Bayes,76.87059696,78.42477041,80,78.7526004,"['sex', 'trestbps', 'chol', 'exang', 'oldpeak', 'slope']"
3337,Naive Bayes,76.49276974,77.77054155,80.66176471,78.95496184,"['sex', 'trestbps', 'chol', 'exang', 'oldpeak', 'ca']"
3338,Naive Bayes,78.51649981,80.24741667,81.21323529,80.33563539,"['sex', 'trestbps', 'chol', 'exang', 'oldpeak', 'thal']"
3339,Naive Bayes,73.93511309,75.23209986,78.16176471,76.50471172,"['sex', 'trestbps', 'chol', 'exang', 'slope', 'ca']"
3340,Naive Bayes,74.63552095,78.06683375,75.69852941,76.27232777,"['sex', 'trestbps', 'chol', 'exang', 'slope', 'thal']"
3341,Naive Bayes,78.51649981,82.17753944,78.16176471,79.72966654,"['sex', 'trestbps', 'chol', 'exang', 'ca', 'thal']"
3342,Naive Bayes,75.23767149,75.42333161,81.875,78.17405187,"['sex', 'trestbps', 'chol', 'oldpeak', 'slope', 'ca']"
3343,Naive Bayes,74.91434928,75.64035088,79.92647059,77.35916586,"['sex', 'trestbps', 'chol', 'oldpeak', 'slope', 'thal']"
3344,Naive Bayes,78.48350019,80.41176471,80.58823529,80.22047848,"['sex', 'trestbps', 'chol', 'oldpeak', 'ca', 'thal']"
3345,Naive Bayes,77.12791991,81.05174796,78.125,78.78123613,"['sex', 'trestbps', 'chol', 'slope', 'ca', 'thal']"
3346,Naive Bayes,73.57879125,73.55691312,81.13970588,76.92430648,"['sex', 'trestbps', 'fbs', 'restecg', 'thalach', 'exang']"
3347,Naive Bayes,74.94660734,74.41213607,82.57352941,78.05810342,"['sex', 'trestbps', 'fbs', 'restecg', 'thalach', 'oldpeak']"
3348,Naive Bayes,72.61253244,74.55207538,76.36029412,75.09070341,"['sex', 'trestbps', 'fbs', 'restecg', 'thalach', 'slope']"
3349,Naive Bayes,74.51427512,74.23834709,82.35294118,77.91590016,"['sex', 'trestbps', 'fbs', 'restecg', 'thalach', 'ca']"
3350,Naive Bayes,76.11420096,79.85206134,76.21323529,77.49659237,"['sex', 'trestbps', 'fbs', 'restecg', 'thalach', 'thal']"
3351,Naive Bayes,75.18094179,76.48119351,79.375,77.37113616,"['sex', 'trestbps', 'fbs', 'restecg', 'exang', 'oldpeak']"
3352,Naive Bayes,72.95736003,73.72256622,78.75,75.87234642,"['sex', 'trestbps', 'fbs', 'restecg', 'exang', 'slope']"
3353,Naive Bayes,74.24694105,75.84080299,78.82352941,77.05382741,"['sex', 'trestbps', 'fbs', 'restecg', 'exang', 'ca']"
3354,Naive Bayes,73.95661846,79.05096074,73.27205882,75.23911717,"['sex', 'trestbps', 'fbs', 'restecg', 'exang', 'thal']"
3355,Naive Bayes,73.58101594,73.3897796,81.76470588,77.06033306,"['sex', 'trestbps', 'fbs', 'restecg', 'oldpeak', 'slope']"
3356,Naive Bayes,73.29217649,73.35727025,81.32352941,76.70058652,"['sex', 'trestbps', 'fbs', 'restecg', 'oldpeak', 'ca']"
3357,Naive Bayes,76.24768261,79.98100455,75.77205882,77.35735953,"['sex', 'trestbps', 'fbs', 'restecg', 'oldpeak', 'thal']"
3358,Naive Bayes,76.16091954,76.95730748,81.80147059,78.89610264,"['sex', 'trestbps', 'fbs', 'restecg', 'slope', 'ca']"
3359,Naive Bayes,75.19243604,81.14057674,72.64705882,76.05890125,"['sex', 'trestbps', 'fbs', 'restecg', 'slope', 'thal']"
3360,Naive Bayes,77.77159807,81.84858829,78.125,79.38994004,"['sex', 'trestbps', 'fbs', 'restecg', 'ca', 'thal']"
3361,Naive Bayes,77.54801631,77.62921397,82.46323529,79.9196906,"['sex', 'trestbps', 'fbs', 'thalach', 'exang', 'oldpeak']"
3362,Naive Bayes,75.93733778,76.57990565,80.55147059,78.31343704,"['sex', 'trestbps', 'fbs', 'thalach', 'exang', 'slope']"
3363,Naive Bayes,75.2246941,76.13957688,80.03676471,77.89647628,"['sex', 'trestbps', 'fbs', 'thalach', 'exang', 'ca']"
3364,Naive Bayes,74.22395254,77.29680536,75.66176471,76.06972853,"['sex', 'trestbps', 'fbs', 'thalach', 'exang', 'thal']"
3365,Naive Bayes,75.31442343,75.3075704,81.875,78.1029939,"['sex', 'trestbps', 'fbs', 'thalach', 'oldpeak', 'slope']"
3366,Naive Bayes,77.90507972,77.9893668,83.16176471,80.26713325,"['sex', 'trestbps', 'fbs', 'thalach', 'oldpeak', 'ca']"
3367,Naive Bayes,75.90359659,78.46629441,76.94852941,77.53995601,"['sex', 'trestbps', 'fbs', 'thalach', 'oldpeak', 'thal']"
3368,Naive Bayes,76.16091954,76.15114379,82.35294118,78.84764098,"['sex', 'trestbps', 'fbs', 'thalach', 'slope', 'ca']"
3369,Naive Bayes,75.59325176,78.68748685,76.83823529,77.12421193,"['sex', 'trestbps', 'fbs', 'thalach', 'slope', 'thal']"
3370,Naive Bayes,78.46199481,81.81781046,78.08823529,79.67530209,"['sex', 'trestbps', 'fbs', 'thalach', 'ca', 'thal']"
3371,Naive Bayes,76.20318873,77.45049176,80.03676471,78.32294752,"['sex', 'trestbps', 'fbs', 'exang', 'oldpeak', 'slope']"
3372,Naive Bayes,76.48201706,78.45273109,79.41176471,78.70014407,"['sex', 'trestbps', 'fbs', 'exang', 'oldpeak', 'ca']"
3373,Naive Bayes,77.19391917,79.32886274,79.375,78.898395,"['sex', 'trestbps', 'fbs', 'exang', 'oldpeak', 'thal']"
3374,Naive Bayes,72.57953281,74.53508772,76.32352941,75.05659268,"['sex', 'trestbps', 'fbs', 'exang', 'slope', 'ca']"
3375,Naive Bayes,74.27994067,77.74390449,75.07352941,75.71187047,"['sex', 'trestbps', 'fbs', 'exang', 'slope', 'thal']"
3376,Naive Bayes,78.85131628,82.13377193,78.75,80.07308309,"['sex', 'trestbps', 'fbs', 'exang', 'ca', 'thal']"
3377,Naive Bayes,76.24916574,76.56875645,81.875,78.85526569,"['sex', 'trestbps', 'fbs', 'oldpeak', 'slope', 'ca']"
3378,Naive Bayes,74.90285502,76.50247413,78.71323529,77.14382168,"['sex', 'trestbps', 'fbs', 'oldpeak', 'slope', 'thal']"
3379,Naive Bayes,78.51724138,81.04769985,80.03676471,80.11282941,"['sex', 'trestbps', 'fbs', 'oldpeak', 'ca', 'thal']"
3380,Naive Bayes,76.50574713,80.0398432,77.53676471,78.15290564,"['sex', 'trestbps', 'fbs', 'slope', 'ca', 'thal']"
3381,Naive Bayes,77.52576937,77.14049216,83.71323529,80.08263277,"['sex', 'trestbps', 'restecg', 'thalach', 'exang', 'oldpeak']"
3382,Naive Bayes,76.58101594,76.70271266,81.80147059,78.93003412,"['sex', 'trestbps', 'restecg', 'thalach', 'exang', 'slope']"
3383,Naive Bayes,75.58027438,76.34778122,80.625,78.29787587,"['sex', 'trestbps', 'restecg', 'thalach', 'exang', 'ca']"
3384,Naive Bayes,76.26918799,79.42199248,78.125,78.20767145,"['sex', 'trestbps', 'restecg', 'thalach', 'exang', 'thal']"
3385,Naive Bayes,76.315165,75.68070446,83.71323529,79.08313479,"['sex', 'trestbps', 'restecg', 'thalach', 'oldpeak', 'slope']"
3386,Naive Bayes,77.88283278,77.39830581,84.33823529,80.54660161,"['sex', 'trestbps', 'restecg', 'thalach', 'oldpeak', 'ca']"
3387,Naive Bayes,77.89358547,79.38431108,80.58823529,79.73960041,"['sex', 'trestbps', 'restecg', 'thalach', 'oldpeak', 'thal']"
3388,Naive Bayes,77.85057471,77.70286009,83.63970588,80.30249807,"['sex', 'trestbps', 'restecg', 'thalach', 'slope', 'ca']"
3389,Naive Bayes,76.60400445,79.7263524,77.53676471,78.12490496,"['sex', 'trestbps', 'restecg', 'thalach', 'slope', 'thal']"
3390,Naive Bayes,78.41750093,81.31508305,79.30147059,79.9275744,"['sex', 'trestbps', 'restecg', 'thalach', 'ca', 'thal']"
3391,Naive Bayes,77.18168335,78.70194619,80.625,79.17742536,"['sex', 'trestbps', 'restecg', 'exang', 'oldpeak', 'slope']"
3392,Naive Bayes,76.8045977,77.77866848,81.17647059,79.28411471,"['sex', 'trestbps', 'restecg', 'exang', 'oldpeak', 'ca']"
3393,Naive Bayes,78.50574713,79.85400289,81.76470588,80.36024681,"['sex', 'trestbps', 'restecg', 'exang', 'oldpeak', 'thal']"
3394,Naive Bayes,75.53726363,76.84268269,79.96323529,78.1492906,"['sex', 'trestbps', 'restecg', 'exang', 'slope', 'ca']"
3395,Naive Bayes,75.93659622,79.10429354,77.53676471,77.70787478,"['sex', 'trestbps', 'restecg', 'exang', 'slope', 'thal']"
3396,Naive Bayes,78.19391917,82.02290653,78.16176471,79.48153981,"['sex', 'trestbps', 'restecg', 'exang', 'ca', 'thal']"
3397,Naive Bayes,77.52873563,77.63105122,83.63970588,80.27456201,"['sex', 'trestbps', 'restecg', 'oldpeak', 'slope', 'ca']"
3398,Naive Bayes,75.29217649,76.13283208,80,77.70770367,"['sex', 'trestbps', 'restecg', 'oldpeak', 'slope', 'thal']"
3399,Naive Bayes,79.15164998,80.44241117,81.80147059,80.90626378,"['sex', 'trestbps', 'restecg', 'oldpeak', 'ca', 'thal']"
3400,Naive Bayes,77.79458658,81.28858087,79.33823529,79.57890515,"['sex', 'trestbps', 'restecg', 'slope', 'ca', 'thal']"
3401,Naive Bayes,79.18316648,79.54502064,83.05147059,81.13585195,"['sex', 'trestbps', 'thalach', 'exang', 'oldpeak', 'slope']"
3402,Naive Bayes,77.504264,77.96052632,82.46323529,80.05500382,"['sex', 'trestbps', 'thalach', 'exang', 'oldpeak', 'ca']"
3403,Naive Bayes,80.16240267,81.2091749,83.63970588,82.05366698,"['sex', 'trestbps', 'thalach', 'exang', 'oldpeak', 'thal']"
3404,Naive Bayes,76.58249907,77.76388889,80,78.81901045,"['sex', 'trestbps', 'thalach', 'exang', 'slope', 'ca']"
3405,Naive Bayes,77.89358547,80.99046731,78.125,79.23547669,"['sex', 'trestbps', 'thalach', 'exang', 'slope', 'thal']"
3406,Naive Bayes,80.16314423,82.54973076,81.13970588,81.67127005,"['sex', 'trestbps', 'thalach', 'exang', 'ca', 'thal']"
3407,Naive Bayes,76.28216537,76.21443928,82.46323529,79.05558785,"['sex', 'trestbps', 'thalach', 'oldpeak', 'slope', 'ca']"
3408,Naive Bayes,76.29365962,77.09986363,80.58823529,78.48633192,"['sex', 'trestbps', 'thalach', 'oldpeak', 'slope', 'thal']"
3409,Naive Bayes,79.5294772,80.49670131,82.42647059,81.26384645,"['sex', 'trestbps', 'thalach', 'oldpeak', 'ca', 'thal']"
3410,Naive Bayes,78.495736,81.31558255,79.30147059,79.75301432,"['sex', 'trestbps', 'thalach', 'slope', 'ca', 'thal']"
3411,Naive Bayes,75.16944753,76.78111947,78.75,77.5377833,"['sex', 'trestbps', 'exang', 'oldpeak', 'slope', 'ca']"
3412,Naive Bayes,77.20393029,80.75098238,76.94852941,78.28944649,"['sex', 'trestbps', 'exang', 'oldpeak', 'slope', 'thal']"
3413,Naive Bayes,77.85057471,80.27779621,78.75,79.33847454,"['sex', 'trestbps', 'exang', 'oldpeak', 'ca', 'thal']"
3414,Naive Bayes,77.8613274,82.0777512,76.91176471,78.95139568,"['sex', 'trestbps', 'exang', 'slope', 'ca', 'thal']"
3415,Naive Bayes,76.53800519,78.57398398,78.71323529,78.3804294,"['sex', 'trestbps', 'oldpeak', 'slope', 'ca', 'thal']"
3416,Naive Bayes,72.61104931,72.36783134,80.625,76.15073281,"['sex', 'chol', 'fbs', 'restecg', 'thalach', 'exang']"
3417,Naive Bayes,75.65702633,75.35116255,82.61029412,78.53924822,"['sex', 'chol', 'fbs', 'restecg', 'thalach', 'oldpeak']"
3418,Naive Bayes,69.96514646,71.85354317,75.18382353,73.12905618,"['sex', 'chol', 'fbs', 'restecg', 'thalach', 'slope']"
3419,Naive Bayes,75.23618836,74.69730699,83.05147059,78.48730337,"['sex', 'chol', 'fbs', 'restecg', 'thalach', 'ca']"
3420,Naive Bayes,75.45902855,78.3072075,76.83823529,77.20617311,"['sex', 'chol', 'fbs', 'restecg', 'thalach', 'thal']"
3421,Naive Bayes,73.86837227,74.05056119,80.66176471,76.73967591,"['sex', 'chol', 'fbs', 'restecg', 'exang', 'oldpeak']"
3422,Naive Bayes,74.29143493,75.95112782,77.57352941,76.49073623,"['sex', 'chol', 'fbs', 'restecg', 'exang', 'slope']"
3423,Naive Bayes,72.64479051,73.28584943,79.52205882,76.05851785,"['sex', 'chol', 'fbs', 'restecg', 'exang', 'ca']"
3424,Naive Bayes,74.27919911,79.0674769,73.30882353,75.35035195,"['sex', 'chol', 'fbs', 'restecg', 'exang', 'thal']"
3425,Naive Bayes,72.93585465,72.98373384,80.625,76.27709565,"['sex', 'chol', 'fbs', 'restecg', 'oldpeak', 'slope']"
3426,Naive Bayes,74.2814238,73.63810166,83.78676471,77.89915966,"['sex', 'chol', 'fbs', 'restecg', 'oldpeak', 'ca']"
3427,Naive Bayes,75.23692992,78.02232391,76.32352941,76.66488565,"['sex', 'chol', 'fbs', 'restecg', 'oldpeak', 'thal']"
3428,Naive Bayes,73.56952169,74.66509883,79.44852941,76.56831878,"['sex', 'chol', 'fbs', 'restecg', 'slope', 'ca']"
3429,Naive Bayes,73.91286615,79.35258068,72.05882353,74.94248622,"['sex', 'chol', 'fbs', 'restecg', 'slope', 'thal']"
3430,Naive Bayes,77.47200593,81.44029998,76.91176471,78.55813318,"['sex', 'chol', 'fbs', 'restecg', 'ca', 'thal']"
3431,Naive Bayes,77.88209121,76.89407621,84.92647059,80.54301585,"['sex', 'chol', 'fbs', 'thalach', 'exang', 'oldpeak']"
3432,Naive Bayes,76.29143493,76.66081352,81.80147059,78.82852151,"['sex', 'chol', 'fbs', 'thalach', 'exang', 'slope']"
3433,Naive Bayes,75.62550983,76.09055728,81.28676471,78.47842925,"['sex', 'chol', 'fbs', 'thalach', 'exang', 'ca']"
3434,Naive Bayes,75.26918799,77.98240086,76.875,77.10109476,"['sex', 'chol', 'fbs', 'thalach', 'exang', 'thal']"
3435,Naive Bayes,74.65776789,74.1544637,82.53676471,77.74466465,"['sex', 'chol', 'fbs', 'thalach', 'oldpeak', 'slope']"
3436,Naive Bayes,77.59399333,77.84932814,83.19852941,80.10004543,"['sex', 'chol', 'fbs', 'thalach', 'oldpeak', 'ca']"
3437,Naive Bayes,76.22617723,79.59559154,76.32352941,77.62573884,"['sex', 'chol', 'fbs', 'thalach', 'oldpeak', 'thal']"
3438,Naive Bayes,76.50500556,75.77285712,84.22794118,79.50978655,"['sex', 'chol', 'fbs', 'thalach', 'slope', 'ca']"
3439,Naive Bayes,75.60474601,78.08738647,76.83823529,77.02254197,"['sex', 'chol', 'fbs', 'thalach', 'slope', 'thal']"
3440,Naive Bayes,78.10641453,81.59383307,78.05147059,79.35967918,"['sex', 'chol', 'fbs', 'thalach', 'ca', 'thal']"
3441,Naive Bayes,76.20393029,77.18111455,80,78.22908824,"['sex', 'chol', 'fbs', 'exang', 'oldpeak', 'slope']"
3442,Naive Bayes,76.82684464,78.46907096,80.03676471,79.02750449,"['sex', 'chol', 'fbs', 'exang', 'oldpeak', 'ca']"
3443,Naive Bayes,77.13793103,79.54332802,78.71323529,78.70093244,"['sex', 'chol', 'fbs', 'exang', 'oldpeak', 'thal']"
3444,Naive Bayes,73.24694105,74.98063787,76.94852941,75.75899685,"['sex', 'chol', 'fbs', 'exang', 'slope', 'ca']"
3445,Naive Bayes,74.91360771,77.9353933,76.21323529,76.4121432,"['sex', 'chol', 'fbs', 'exang', 'slope', 'thal']"
3446,Naive Bayes,76.8383389,79.34607352,78.125,78.33232945,"['sex', 'chol', 'fbs', 'exang', 'ca', 'thal']"
3447,Naive Bayes,75.2269188,75.82949408,81.25,78.1237074,"['sex', 'chol', 'fbs', 'oldpeak', 'slope', 'ca']"
3448,Naive Bayes,74.20318873,75.80374571,78.01470588,76.33570667,"['sex', 'chol', 'fbs', 'oldpeak', 'slope', 'thal']"
3449,Naive Bayes,77.8383389,80.62605042,78.78676471,79.332282,"['sex', 'chol', 'fbs', 'oldpeak', 'ca', 'thal']"
3450,Naive Bayes,76.80608083,80.2861991,77.5,78.27533566,"['sex', 'chol', 'fbs', 'slope', 'ca', 'thal']"
3451,Naive Bayes,77.53726363,77.26817043,83.08823529,79.83321633,"['sex', 'chol', 'restecg', 'thalach', 'exang', 'oldpeak']"
3452,Naive Bayes,75.6240267,75.83052087,81.28676471,78.14271218,"['sex', 'chol', 'restecg', 'thalach', 'exang', 'slope']"
3453,Naive Bayes,75.96959585,76.27855177,81.91176471,78.83384349,"['sex', 'chol', 'restecg', 'thalach', 'exang', 'ca']"
3454,Naive Bayes,75.93511309,78.21626984,78.16176471,77.8886767,"['sex', 'chol', 'restecg', 'thalach', 'exang', 'thal']"
3455,Naive Bayes,75.65850945,75.66576647,81.98529412,78.2762595,"['sex', 'chol', 'restecg', 'thalach', 'oldpeak', 'slope']"
3456,Naive Bayes,78.2499073,78.08359133,83.78676471,80.57579055,"['sex', 'chol', 'restecg', 'thalach', 'oldpeak', 'ca']"
3457,Naive Bayes,76.92584353,78.73362942,79.375,78.79954772,"['sex', 'chol', 'restecg', 'thalach', 'oldpeak', 'thal']"
3458,Naive Bayes,74.92584353,74.71230159,81.91176471,77.82673993,"['sex', 'chol', 'restecg', 'thalach', 'slope', 'ca']"
3459,Naive Bayes,74.31368187,76.75209381,76.36029412,76.2145132,"['sex', 'chol', 'restecg', 'thalach', 'slope', 'thal']"
3460,Naive Bayes,79.42899518,82.06300914,80.55147059,81.01360819,"['sex', 'chol', 'restecg', 'thalach', 'ca', 'thal']"
3461,Naive Bayes,76.53726363,76.93247184,81.83823529,78.88002635,"['sex', 'chol', 'restecg', 'exang', 'oldpeak', 'slope']"
3462,Naive Bayes,76.18242492,77.66339869,79.375,78.32229059,"['sex', 'chol', 'restecg', 'exang', 'oldpeak', 'ca']"
3463,Naive Bayes,78.55024101,80.49609077,80.625,80.12022889,"['sex', 'chol', 'restecg', 'exang', 'oldpeak', 'thal']"
3464,Naive Bayes,74.89210234,76.19462731,79.375,77.5039584,"['sex', 'chol', 'restecg', 'exang', 'slope', 'ca']"
3465,Naive Bayes,75.29143493,78.27401838,77.53676471,77.18542819,"['sex', 'chol', 'restecg', 'exang', 'slope', 'thal']"
3466,Naive Bayes,76.91509084,80.7480343,76.43382353,78.21789904,"['sex', 'chol', 'restecg', 'exang', 'ca', 'thal']"
3467,Naive Bayes,76.54949944,76.05850304,84.30147059,79.67395028,"['sex', 'chol', 'restecg', 'oldpeak', 'slope', 'ca']"
3468,Naive Bayes,78.56173526,79.35993264,83.01470588,80.6106582,"['sex', 'chol', 'restecg', 'oldpeak', 'slope', 'thal']"
3469,Naive Bayes,79.87356322,82.55965281,80.66176471,81.31103971,"['sex', 'chol', 'restecg', 'oldpeak', 'ca', 'thal']"
3470,Naive Bayes,77.80608083,81.82024773,78.16176471,79.42155802,"['sex', 'chol', 'restecg', 'slope', 'ca', 'thal']"
3471,Naive Bayes,78.57100482,79.5693816,81.875,80.47697141,"['sex', 'chol', 'thalach', 'exang', 'oldpeak', 'slope']"
3472,Naive Bayes,77.17093066,77.38046096,82.46323529,79.75655717,"['sex', 'chol', 'thalach', 'exang', 'oldpeak', 'ca']"
3473,Naive Bayes,78.82684464,79.63643791,82.46323529,80.85758952,"['sex', 'chol', 'thalach', 'exang', 'oldpeak', 'thal']"
3474,Naive Bayes,77.24916574,78.36941004,80.625,79.3971307,"['sex', 'chol', 'thalach', 'exang', 'slope', 'ca']"
3475,Naive Bayes,76.8928439,79.78871292,77.5,78.29686762,"['sex', 'chol', 'thalach', 'exang', 'slope', 'thal']"
3476,Naive Bayes,80.54022989,81.11631407,84.22794118,82.54774882,"['sex', 'chol', 'thalach', 'exang', 'ca', 'thal']"
3477,Naive Bayes,76.58249907,76.47577947,83.08823529,79.43638998,"['sex', 'chol', 'thalach', 'oldpeak', 'slope', 'ca']"
3478,Naive Bayes,76.30441231,78.33572997,78.19852941,77.94757551,"['sex', 'chol', 'thalach', 'oldpeak', 'slope', 'thal']"
3479,Naive Bayes,79.88431591,80.29519264,83.71323529,81.85992276,"['sex', 'chol', 'thalach', 'oldpeak', 'ca', 'thal']"
3480,Naive Bayes,79.51872451,81.8506192,80.55147059,80.70050415,"['sex', 'chol', 'thalach', 'slope', 'ca', 'thal']"
3481,Naive Bayes,75.20318873,77.13800905,78.16176471,77.35680408,"['sex', 'chol', 'exang', 'oldpeak', 'slope', 'ca']"
3482,Naive Bayes,77.86058584,80.84442913,77.57352941,78.79456411,"['sex', 'chol', 'exang', 'oldpeak', 'slope', 'thal']"
3483,Naive Bayes,77.51649981,79.18872549,80,79.46343689,"['sex', 'chol', 'exang', 'oldpeak', 'ca', 'thal']"
3484,Naive Bayes,77.53874676,80.72556249,77.53676471,78.69503171,"['sex', 'chol', 'exang', 'slope', 'ca', 'thal']"
3485,Naive Bayes,77.53874676,79.22581576,79.96323529,79.20727441,"['sex', 'chol', 'oldpeak', 'slope', 'ca', 'thal']"
3486,Naive Bayes,77.83759733,77.44729471,83.67647059,80.21666864,"['sex', 'fbs', 'restecg', 'thalach', 'exang', 'oldpeak']"
3487,Naive Bayes,75.59176863,75.75234655,81.21323529,78.16238149,"['sex', 'fbs', 'restecg', 'thalach', 'exang', 'slope']"
3488,Naive Bayes,76.2814238,76.61429309,81.875,79.02266332,"['sex', 'fbs', 'restecg', 'thalach', 'exang', 'ca']"
3489,Naive Bayes,74.91360771,78.6670062,75.03676471,76.38365193,"['sex', 'fbs', 'restecg', 'thalach', 'exang', 'thal']"
3490,Naive Bayes,76.30367075,76.11380261,82.53676471,78.82789216,"['sex', 'fbs', 'restecg', 'thalach', 'oldpeak', 'slope']"
3491,Naive Bayes,78.57248795,78.7611129,83.75,80.88371872,"['sex', 'fbs', 'restecg', 'thalach', 'oldpeak', 'ca']"
3492,Naive Bayes,77.2269188,80.89274515,76.875,78.51980693,"['sex', 'fbs', 'restecg', 'thalach', 'oldpeak', 'thal']"
3493,Naive Bayes,75.55951057,75.91143579,81.91176471,78.39770773,"['sex', 'fbs', 'restecg', 'thalach', 'slope', 'ca']"
3494,Naive Bayes,74.6470152,78.06574798,75.11029412,76.0565041,"['sex', 'fbs', 'restecg', 'thalach', 'slope', 'thal']"
3495,Naive Bayes,77.44975899,81.24285995,77.5,78.80345757,"['sex', 'fbs', 'restecg', 'thalach', 'ca', 'thal']"
3496,Naive Bayes,77.1931776,78.10369197,81.21323529,79.20685835,"['sex', 'fbs', 'restecg', 'exang', 'oldpeak', 'slope']"
3497,Naive Bayes,76.79384501,78.37348273,79.96323529,78.98534907,"['sex', 'fbs', 'restecg', 'exang', 'oldpeak', 'ca']"
3498,Naive Bayes,78.19466073,80.02160327,80.55147059,79.82788607,"['sex', 'fbs', 'restecg', 'exang', 'oldpeak', 'thal']"
3499,Naive Bayes,74.54801631,75.93078898,78.78676471,77.13856255,"['sex', 'fbs', 'restecg', 'exang', 'slope', 'ca']"
3500,Naive Bayes,73.94586578,76.87262273,76.32352941,75.97952058,"['sex', 'fbs', 'restecg', 'exang', 'slope', 'thal']"
3501,Naive Bayes,77.22766036,80.79028621,76.94852941,78.4003584,"['sex', 'fbs', 'restecg', 'exang', 'ca', 'thal']"
3502,Naive Bayes,77.19466073,77.28247596,83.67647059,80.02769587,"['sex', 'fbs', 'restecg', 'oldpeak', 'slope', 'ca']"
3503,Naive Bayes,76.92732666,78.09106099,81.17647059,79.11865322,"['sex', 'fbs', 'restecg', 'oldpeak', 'slope', 'thal']"
3504,Naive Bayes,78.55024101,82.12238175,78.23529412,79.74805306,"['sex', 'fbs', 'restecg', 'oldpeak', 'ca', 'thal']"
3505,Naive Bayes,78.16240267,82.46502547,78.16176471,79.52979476,"['sex', 'fbs', 'restecg', 'slope', 'ca', 'thal']"
3506,Naive Bayes,78.89358547,79.4004128,82.5,80.74863709,"['sex', 'fbs', 'thalach', 'exang', 'oldpeak', 'slope']"
3507,Naive Bayes,77.49351131,77.54385965,83.05147059,80.12630507,"['sex', 'fbs', 'thalach', 'exang', 'oldpeak', 'ca']"
3508,Naive Bayes,78.17167223,78.86834734,82.42647059,80.3880189,"['sex', 'fbs', 'thalach', 'exang', 'oldpeak', 'thal']"
3509,Naive Bayes,75.92584353,76.64366185,80.58823529,78.51047237,"['sex', 'fbs', 'thalach', 'exang', 'slope', 'ca']"
3510,Naive Bayes,76.22617723,79.33017146,76.83823529,77.56350789,"['sex', 'fbs', 'thalach', 'exang', 'slope', 'thal']"
3511,Naive Bayes,80.50797182,81.91503268,82.97794118,82.35456763,"['sex', 'fbs', 'thalach', 'exang', 'ca', 'thal']"
3512,Naive Bayes,76.59325176,76.57421182,83.08823529,79.46289521,"['sex', 'fbs', 'thalach', 'oldpeak', 'slope', 'ca']"
3513,Naive Bayes,75.63700408,78.07022505,76.98529412,77.13182279,"['sex', 'fbs', 'thalach', 'oldpeak', 'slope', 'thal']"
3514,Naive Bayes,78.88431591,79.6644184,82.42647059,80.87799211,"['sex', 'fbs', 'thalach', 'oldpeak', 'ca', 'thal']"
3515,Naive Bayes,78.48498331,80.8511187,79.88970588,79.76229706,"['sex', 'fbs', 'thalach', 'slope', 'ca', 'thal']"
3516,Naive Bayes,75.85984427,77.12441643,79.96323529,78.30918446,"['sex', 'fbs', 'exang', 'oldpeak', 'slope', 'ca']"
3517,Naive Bayes,78.49425287,81.47444592,78.75,79.6350548,"['sex', 'fbs', 'exang', 'oldpeak', 'slope', 'thal']"
3518,Naive Bayes,77.83908046,79.3880719,80.58823529,79.87797089,"['sex', 'fbs', 'exang', 'oldpeak', 'ca', 'thal']"
3519,Naive Bayes,77.8613274,81.51647974,77.5,79.06821045,"['sex', 'fbs', 'exang', 'slope', 'ca', 'thal']"
3520,Naive Bayes,77.87208009,79.51282099,80.55147059,79.66293575,"['sex', 'fbs', 'oldpeak', 'slope', 'ca', 'thal']"
3521,Naive Bayes,77.91583241,78.32021844,82.5,80.12741886,"['sex', 'restecg', 'thalach', 'exang', 'oldpeak', 'slope']"
3522,Naive Bayes,78.16091954,78.08393533,83.63970588,80.71454036,"['sex', 'restecg', 'thalach', 'exang', 'oldpeak', 'ca']"
3523,Naive Bayes,79.85131628,80.61311646,83.67647059,81.86061513,"['sex', 'restecg', 'thalach', 'exang', 'oldpeak', 'thal']"
3524,Naive Bayes,77.5609937,77.8128225,82.42647059,79.9884666,"['sex', 'restecg', 'thalach', 'exang', 'slope', 'ca']"
3525,Naive Bayes,76.92658509,79.2518315,78.75,78.56923611,"['sex', 'restecg', 'thalach', 'exang', 'slope', 'thal']"
3526,Naive Bayes,79.18464961,80.38622291,81.80147059,80.98203607,"['sex', 'restecg', 'thalach', 'exang', 'ca', 'thal']"
3527,Naive Bayes,76.60400445,76.55249085,83.125,79.51665865,"['sex', 'restecg', 'thalach', 'oldpeak', 'slope', 'ca']"
3528,Naive Bayes,75.99258435,77.55586742,79.44852941,78.0900561,"['sex', 'restecg', 'thalach', 'oldpeak', 'slope', 'thal']"
3529,Naive Bayes,77.90582128,78.40302349,82.5,80.15288263,"['sex', 'restecg', 'thalach', 'oldpeak', 'ca', 'thal']"
3530,Naive Bayes,78.495736,79.71145246,81.72794118,80.20485218,"['sex', 'restecg', 'thalach', 'slope', 'ca', 'thal']"
3531,Naive Bayes,76.21542455,78.00985779,79.41176471,78.43969178,"['sex', 'restecg', 'exang', 'oldpeak', 'slope', 'ca']"
3532,Naive Bayes,77.87133852,80.8139041,78.19852941,78.93332356,"['sex', 'restecg', 'exang', 'oldpeak', 'slope', 'thal']"
3533,Naive Bayes,78.15016685,79.44117647,81.21323529,80.20796197,"['sex', 'restecg', 'exang', 'oldpeak', 'ca', 'thal']"
3534,Naive Bayes,78.47348906,82.12868143,78.08823529,79.65917041,"['sex', 'restecg', 'exang', 'slope', 'ca', 'thal']"
3535,Naive Bayes,78.52873563,80.62941389,80.58823529,80.03788768,"['sex', 'restecg', 'oldpeak', 'slope', 'ca', 'thal']"
3536,Naive Bayes,77.53874676,78.33400904,81.80147059,79.89338766,"['sex', 'thalach', 'exang', 'oldpeak', 'slope', 'ca']"
3537,Naive Bayes,79.17389692,80.98039216,81.17647059,80.75425473,"['sex', 'thalach', 'exang', 'oldpeak', 'slope', 'thal']"
3538,Naive Bayes,80.18539118,81.77184383,82.46323529,81.98180607,"['sex', 'thalach', 'exang', 'oldpeak', 'ca', 'thal']"
3539,Naive Bayes,78.54022989,81.15261806,79.375,80.06189983,"['sex', 'thalach', 'exang', 'slope', 'ca', 'thal']"
3540,Naive Bayes,76.89432703,78.23323013,80,78.73644976,"['sex', 'thalach', 'oldpeak', 'slope', 'ca', 'thal']"
3541,Naive Bayes,80.18539118,82.21173645,81.83823529,81.85387762,"['sex', 'exang', 'oldpeak', 'slope', 'ca', 'thal']"
3542,Naive Bayes,74.00111235,76.51874785,77.02205882,76.32943553,"['cp', 'trestbps', 'chol', 'fbs', 'restecg', 'thalach']"
3543,Naive Bayes,74.63477938,74.81830856,81.91176471,77.82647913,"['cp', 'trestbps', 'chol', 'fbs', 'restecg', 'exang']"
3544,Naive Bayes,75.66926214,75.81260651,83.19852941,78.74414207,"['cp', 'trestbps', 'chol', 'fbs', 'restecg', 'oldpeak']"
3545,Naive Bayes,73.66777901,75.41090471,78.16176471,76.42928194,"['cp', 'trestbps', 'chol', 'fbs', 'restecg', 'slope']"
3546,Naive Bayes,75.25917686,76.79875405,81.36029412,78.41873813,"['cp', 'trestbps', 'chol', 'fbs', 'restecg', 'ca']"
3547,Naive Bayes,76.21468298,79.23108677,76.94852941,77.62809672,"['cp', 'trestbps', 'chol', 'fbs', 'restecg', 'thal']"
3548,Naive Bayes,74.63403782,74.11416409,82.5,78.00689871,"['cp', 'trestbps', 'chol', 'fbs', 'thalach', 'exang']"
3549,Naive Bayes,77.61327401,76.45615264,86.17647059,80.84067426,"['cp', 'trestbps', 'chol', 'fbs', 'thalach', 'oldpeak']"
3550,Naive Bayes,71.9873934,72.38293509,79.41176471,75.52449048,"['cp', 'trestbps', 'chol', 'fbs', 'thalach', 'slope']"
3551,Naive Bayes,78.86206897,78.59639741,85.44117647,81.70765422,"['cp', 'trestbps', 'chol', 'fbs', 'thalach', 'ca']"
3552,Naive Bayes,78.50500556,79.69707829,82.24264706,80.60258691,"['cp', 'trestbps', 'chol', 'fbs', 'thalach', 'thal']"
3553,Naive Bayes,77.5925102,76.64147669,85.58823529,80.5092199,"['cp', 'trestbps', 'chol', 'fbs', 'exang', 'oldpeak']"
3554,Naive Bayes,75.54579162,76.96269945,80,78.10843566,"['cp', 'trestbps', 'chol', 'fbs', 'exang', 'slope']"
3555,Naive Bayes,75.92584353,77.10294118,80.66176471,78.61449022,"['cp', 'trestbps', 'chol', 'fbs', 'exang', 'ca']"
3556,Naive Bayes,77.19243604,78.63628528,81.10294118,79.30733725,"['cp', 'trestbps', 'chol', 'fbs', 'exang', 'thal']"
3557,Naive Bayes,75.56878013,75.9370485,81.21323529,78.1782509,"['cp', 'trestbps', 'chol', 'fbs', 'oldpeak', 'slope']"
3558,Naive Bayes,78.53874676,76.33356118,88.52941176,81.87524853,"['cp', 'trestbps', 'chol', 'fbs', 'oldpeak', 'ca']"
3559,Naive Bayes,80.87430478,81.52293613,84.81617647,82.72272482,"['cp', 'trestbps', 'chol', 'fbs', 'oldpeak', 'thal']"
3560,Naive Bayes,74.55654431,75.65771045,80.51470588,77.68077529,"['cp', 'trestbps', 'chol', 'fbs', 'slope', 'ca']"
3561,Naive Bayes,77.52651094,82.68754775,75.58823529,78.38495802,"['cp', 'trestbps', 'chol', 'fbs', 'slope', 'thal']"
3562,Naive Bayes,78.87282165,79.95308867,84.15441176,81.45466125,"['cp', 'trestbps', 'chol', 'fbs', 'ca', 'thal']"
3563,Naive Bayes,75.26770486,75.14787582,81.875,78.26998121,"['cp', 'trestbps', 'chol', 'restecg', 'thalach', 'exang']"
3564,Naive Bayes,78.30367075,77.30095124,86.17647059,81.23469171,"['cp', 'trestbps', 'chol', 'restecg', 'thalach', 'oldpeak']"
3565,Naive Bayes,74.00037078,74.50889101,80.625,77.15958364,"['cp', 'trestbps', 'chol', 'restecg', 'thalach', 'slope']"
3566,Naive Bayes,77.21616611,77.38157113,83.63970588,80.17572725,"['cp', 'trestbps', 'chol', 'restecg', 'thalach', 'ca']"
3567,Naive Bayes,77.18168335,79.86366746,78.67647059,78.97793349,"['cp', 'trestbps', 'chol', 'restecg', 'thalach', 'thal']"
3568,Naive Bayes,78.28216537,77.85212083,85,80.9384877,"['cp', 'trestbps', 'chol', 'restecg', 'exang', 'oldpeak']"
3569,Naive Bayes,74.90063033,75.57079724,81.25,77.92053323,"['cp', 'trestbps', 'chol', 'restecg', 'exang', 'slope']"
3570,Naive Bayes,75.95958472,77.4876161,80.07352941,78.49987268,"['cp', 'trestbps', 'chol', 'restecg', 'exang', 'ca']"
3571,Naive Bayes,78.56025213,79.81830424,82.38970588,80.62904001,"['cp', 'trestbps', 'chol', 'restecg', 'exang', 'thal']"
3572,Naive Bayes,76.26918799,76.12193362,83.05147059,79.03415069,"['cp', 'trestbps', 'chol', 'restecg', 'oldpeak', 'slope']"
3573,Naive Bayes,78.9180571,77.3994066,88.52941176,82.35390628,"['cp', 'trestbps', 'chol', 'restecg', 'oldpeak', 'ca']"
3574,Naive Bayes,81.252132,81.1944249,86.10294118,83.30728181,"['cp', 'trestbps', 'chol', 'restecg', 'oldpeak', 'thal']"
3575,Naive Bayes,74.60177976,76.35444616,79.96323529,77.58342902,"['cp', 'trestbps', 'chol', 'restecg', 'slope', 'ca']"
3576,Naive Bayes,77.84983315,81.95185362,77.46323529,79.27761094,"['cp', 'trestbps', 'chol', 'restecg', 'slope', 'thal']"
3577,Naive Bayes,79.52873563,81.16425006,83.56617647,81.84487164,"['cp', 'trestbps', 'chol', 'restecg', 'ca', 'thal']"
3578,Naive Bayes,77.95884316,77.55310458,83.82352941,80.41112923,"['cp', 'trestbps', 'chol', 'thalach', 'exang', 'oldpeak']"
3579,Naive Bayes,75.62328513,75.76969384,81.32352941,78.32079242,"['cp', 'trestbps', 'chol', 'thalach', 'exang', 'slope']"
3580,Naive Bayes,77.90433815,79.03137132,81.875,80.26650963,"['cp', 'trestbps', 'chol', 'thalach', 'exang', 'ca']"
3581,Naive Bayes,79.54949944,81.40184029,82.38970588,81.48777349,"['cp', 'trestbps', 'chol', 'thalach', 'exang', 'thal']"
3582,Naive Bayes,77.32443456,76.92524817,83.78676471,80.05259356,"['cp', 'trestbps', 'chol', 'thalach', 'oldpeak', 'slope']"
3583,Naive Bayes,78.89506859,78.74381927,85.51470588,81.73958783,"['cp', 'trestbps', 'chol', 'thalach', 'oldpeak', 'ca']"
3584,Naive Bayes,83.85279941,83.79388422,87.90441176,85.58310092,"['cp', 'trestbps', 'chol', 'thalach', 'oldpeak', 'thal']"
3585,Naive Bayes,75.26918799,76.34313725,80.07352941,78.01209963,"['cp', 'trestbps', 'chol', 'thalach', 'slope', 'ca']"
3586,Naive Bayes,78.5925102,81.87652956,79.41176471,80.29169006,"['cp', 'trestbps', 'chol', 'thalach', 'slope', 'thal']"
3587,Naive Bayes,81.15239155,82.47127245,84.15441176,83.00843037,"['cp', 'trestbps', 'chol', 'thalach', 'ca', 'thal']"
3588,Naive Bayes,77.62625139,77.78783635,83.16176471,80.07825656,"['cp', 'trestbps', 'chol', 'exang', 'oldpeak', 'slope']"
3589,Naive Bayes,78.20541342,79.68872549,81.25,80.28756322,"['cp', 'trestbps', 'chol', 'exang', 'oldpeak', 'ca']"
3590,Naive Bayes,80.85057471,82.28887783,83.63970588,82.6524804,"['cp', 'trestbps', 'chol', 'exang', 'oldpeak', 'thal']"
3591,Naive Bayes,77.24916574,78.25890093,81.875,79.7456852,"['cp', 'trestbps', 'chol', 'exang', 'slope', 'ca']"
3592,Naive Bayes,78.56025213,79.2595275,83.01470588,80.86335659,"['cp', 'trestbps', 'chol', 'exang', 'slope', 'thal']"
3593,Naive Bayes,79.21616611,82.09829107,80.625,81.02294912,"['cp', 'trestbps', 'chol', 'exang', 'ca', 'thal']"
3594,Naive Bayes,77.52799407,76.60875735,85.44117647,80.59407394,"['cp', 'trestbps', 'chol', 'oldpeak', 'slope', 'ca']"
3595,Naive Bayes,81.22914349,82.48960259,84.30147059,82.99714174,"['cp', 'trestbps', 'chol', 'oldpeak', 'slope', 'thal']"
3596,Naive Bayes,81.17538005,81.55647139,86.02941176,83.46153983,"['cp', 'trestbps', 'chol', 'oldpeak', 'ca', 'thal']"
3597,Naive Bayes,81.18539118,83.0369663,84.22794118,83.2256312,"['cp', 'trestbps', 'chol', 'slope', 'ca', 'thal']"
3598,Naive Bayes,74.93437152,74.12651727,83.08823529,78.27629487,"['cp', 'trestbps', 'fbs', 'restecg', 'thalach', 'exang']"
3599,Naive Bayes,77.60326288,76.08797395,86.72794118,80.88056516,"['cp', 'trestbps', 'fbs', 'restecg', 'thalach', 'oldpeak']"
3600,Naive Bayes,73.97812384,73.90643275,81.25,77.24824879,"['cp', 'trestbps', 'fbs', 'restecg', 'thalach', 'slope']"
3601,Naive Bayes,76.90507972,77.27097601,83.05147059,79.86345434,"['cp', 'trestbps', 'fbs', 'restecg', 'thalach', 'ca']"
3602,Naive Bayes,77.504264,79.60033757,79.85294118,79.35187963,"['cp', 'trestbps', 'fbs', 'restecg', 'thalach', 'thal']"
3603,Naive Bayes,78.25991843,77.16779248,86.21323529,81.06664287,"['cp', 'trestbps', 'fbs', 'restecg', 'exang', 'oldpeak']"
3604,Naive Bayes,76.2246941,76.58512089,82.46323529,79.10266744,"['cp', 'trestbps', 'fbs', 'restecg', 'exang', 'slope']"
3605,Naive Bayes,77.26065999,78.22571134,82.5,79.96148506,"['cp', 'trestbps', 'fbs', 'restecg', 'exang', 'ca']"
3606,Naive Bayes,78.53800519,79.51251526,82.97794118,80.71025548,"['cp', 'trestbps', 'fbs', 'restecg', 'exang', 'thal']"
3607,Naive Bayes,77.21468298,76.62498045,84.22794118,79.88525417,"['cp', 'trestbps', 'fbs', 'restecg', 'oldpeak', 'slope']"
3608,Naive Bayes,78.18316648,76.34859207,88.49264706,81.77984176,"['cp', 'trestbps', 'fbs', 'restecg', 'oldpeak', 'ca']"
3609,Naive Bayes,79.89581016,80.52965748,84.85294118,82.14608342,"['cp', 'trestbps', 'fbs', 'restecg', 'oldpeak', 'thal']"
3610,Naive Bayes,75.2246941,76.51870485,80.51470588,78.06393053,"['cp', 'trestbps', 'fbs', 'restecg', 'slope', 'ca']"
3611,Naive Bayes,76.86058584,81.79860525,76.21323529,78.11289125,"['cp', 'trestbps', 'fbs', 'restecg', 'slope', 'thal']"
3612,Naive Bayes,80.87504635,82.44210533,84.81617647,83.09112259,"['cp', 'trestbps', 'fbs', 'restecg', 'ca', 'thal']"
3613,Naive Bayes,77.94809047,77.61124011,83.78676471,80.46341682,"['cp', 'trestbps', 'fbs', 'thalach', 'exang', 'oldpeak']"
3614,Naive Bayes,75.9243604,76.36363581,81.25,78.54079748,"['cp', 'trestbps', 'fbs', 'thalach', 'exang', 'slope']"
3615,Naive Bayes,77.89358547,79.44231903,81.25,80.15621552,"['cp', 'trestbps', 'fbs', 'thalach', 'exang', 'ca']"
3616,Naive Bayes,78.88283278,80.73517362,81.76470588,80.8426122,"['cp', 'trestbps', 'fbs', 'thalach', 'exang', 'thal']"
3617,Naive Bayes,78.29217649,77.32236842,85.51470588,81.11330974,"['cp', 'trestbps', 'fbs', 'thalach', 'oldpeak', 'slope']"
3618,Naive Bayes,78.53948832,78.12967914,85.47794118,81.4942794,"['cp', 'trestbps', 'fbs', 'thalach', 'oldpeak', 'ca']"
3619,Naive Bayes,82.17463849,83.16293184,85.40441176,83.93123465,"['cp', 'trestbps', 'fbs', 'thalach', 'oldpeak', 'thal']"
3620,Naive Bayes,75.59176863,76.76872942,80,78.20880019,"['cp', 'trestbps', 'fbs', 'thalach', 'slope', 'ca']"
3621,Naive Bayes,77.23692992,81.4186541,76.91176471,78.6522759,"['cp', 'trestbps', 'fbs', 'thalach', 'slope', 'thal']"
3622,Naive Bayes,80.49647757,82.42901371,82.90441176,82.32937672,"['cp', 'trestbps', 'fbs', 'thalach', 'ca', 'thal']"
3623,Naive Bayes,77.60400445,77.39651491,83.71323529,80.09247218,"['cp', 'trestbps', 'fbs', 'exang', 'oldpeak', 'slope']"
3624,Naive Bayes,79.53948832,80.27266082,83.71323529,81.74554641,"['cp', 'trestbps', 'fbs', 'exang', 'oldpeak', 'ca']"
3625,Naive Bayes,81.15090842,82.36100668,84.22794118,82.98180537,"['cp', 'trestbps', 'fbs', 'exang', 'oldpeak', 'thal']"
3626,Naive Bayes,78.89432703,79.1879945,84.30147059,81.42763071,"['cp', 'trestbps', 'fbs', 'exang', 'slope', 'ca']"
3627,Naive Bayes,78.54949944,79.87648656,82.35294118,80.666736,"['cp', 'trestbps', 'fbs', 'exang', 'slope', 'thal']"
3628,Naive Bayes,78.50500556,81.46179788,80.55147059,80.48718954,"['cp', 'trestbps', 'fbs', 'exang', 'ca', 'thal']"
3629,Naive Bayes,79.17315536,78.25464396,86.02941176,81.81660174,"['cp', 'trestbps', 'fbs', 'oldpeak', 'slope', 'ca']"
3630,Naive Bayes,80.22914349,81.70460087,83.01470588,81.95852982,"['cp', 'trestbps', 'fbs', 'oldpeak', 'slope', 'thal']"
3631,Naive Bayes,80.84204672,81.19101569,85.99264706,83.22306821,"['cp', 'trestbps', 'fbs', 'oldpeak', 'ca', 'thal']"
3632,Naive Bayes,80.16314423,82.19987413,84.15441176,82.46725545,"['cp', 'trestbps', 'fbs', 'slope', 'ca', 'thal']"
3633,Naive Bayes,78.2814238,77.71650327,84.41176471,80.78087713,"['cp', 'trestbps', 'restecg', 'thalach', 'exang', 'oldpeak']"
3634,Naive Bayes,75.61179088,76.11670107,80.73529412,78.25155971,"['cp', 'trestbps', 'restecg', 'thalach', 'exang', 'slope']"
3635,Naive Bayes,78.5609937,80.26769743,81.25,80.58860665,"['cp', 'trestbps', 'restecg', 'thalach', 'exang', 'ca']"
3636,Naive Bayes,78.90433815,79.63644908,83.63970588,81.21168509,"['cp', 'trestbps', 'restecg', 'thalach', 'exang', 'thal']"
3637,Naive Bayes,76.98034854,76.58550677,83.75,79.77226336,"['cp', 'trestbps', 'restecg', 'thalach', 'oldpeak', 'slope']"
3638,Naive Bayes,78.55024101,78.21617049,85.51470588,81.47235396,"['cp', 'trestbps', 'restecg', 'thalach', 'oldpeak', 'ca']"
3639,Naive Bayes,82.22914349,81.76503648,87.94117647,84.41905393,"['cp', 'trestbps', 'restecg', 'thalach', 'oldpeak', 'thal']"
3640,Naive Bayes,74.93585465,76.05376241,80.03676471,77.77792576,"['cp', 'trestbps', 'restecg', 'thalach', 'slope', 'ca']"
3641,Naive Bayes,79.2269188,81.52093091,81.21323529,81.09151937,"['cp', 'trestbps', 'restecg', 'thalach', 'slope', 'thal']"
3642,Naive Bayes,81.83055247,82.59649123,85.99264706,83.93939787,"['cp', 'trestbps', 'restecg', 'thalach', 'ca', 'thal']"
3643,Naive Bayes,77.62625139,77.88587556,83.16176471,80.12867672,"['cp', 'trestbps', 'restecg', 'exang', 'oldpeak', 'slope']"
3644,Naive Bayes,79.56173526,79.999914,84.33823529,81.88953726,"['cp', 'trestbps', 'restecg', 'exang', 'oldpeak', 'ca']"
3645,Naive Bayes,81.83982202,82.26210636,86.06617647,83.79599861,"['cp', 'trestbps', 'restecg', 'exang', 'oldpeak', 'thal']"
3646,Naive Bayes,77.57174638,78.29846955,83.08823529,80.23264293,"['cp', 'trestbps', 'restecg', 'exang', 'slope', 'ca']"
3647,Naive Bayes,79.17167223,80.13716276,82.94117647,81.20978098,"['cp', 'trestbps', 'restecg', 'exang', 'slope', 'thal']"
3648,Naive Bayes,79.87208009,82.40758145,81.83823529,81.7580742,"['cp', 'trestbps', 'restecg', 'exang', 'ca', 'thal']"
3649,Naive Bayes,78.51724138,77.49833586,86.06617647,81.39298782,"['cp', 'trestbps', 'restecg', 'oldpeak', 'slope', 'ca']"
3650,Naive Bayes,81.58472377,83.17391518,84.30147059,83.32952428,"['cp', 'trestbps', 'restecg', 'oldpeak', 'slope', 'thal']"
3651,Naive Bayes,81.84204672,81.81111373,87.27941176,84.18649243,"['cp', 'trestbps', 'restecg', 'oldpeak', 'ca', 'thal']"
3652,Naive Bayes,81.11865035,83.5078518,84.15441176,83.27983036,"['cp', 'trestbps', 'restecg', 'slope', 'ca', 'thal']"
3653,Naive Bayes,79.59325176,79.43431495,85,81.81121252,"['cp', 'trestbps', 'thalach', 'exang', 'oldpeak', 'slope']"
3654,Naive Bayes,79.28290693,79.54514964,83.78676471,81.45075758,"['cp', 'trestbps', 'thalach', 'exang', 'oldpeak', 'ca']"
3655,Naive Bayes,80.60548758,81.11769006,84.375,82.56249469,"['cp', 'trestbps', 'thalach', 'exang', 'oldpeak', 'thal']"
3656,Naive Bayes,77.93733778,78.21169959,83.125,80.3821627,"['cp', 'trestbps', 'thalach', 'exang', 'slope', 'ca']"
3657,Naive Bayes,77.52576937,78.77903091,81.17647059,79.76284811,"['cp', 'trestbps', 'thalach', 'exang', 'slope', 'thal']"
3658,Naive Bayes,80.88505747,82.72474692,83.08823529,82.61124191,"['cp', 'trestbps', 'thalach', 'exang', 'ca', 'thal']"
3659,Naive Bayes,78.5609937,77.75191629,86.10294118,81.50656628,"['cp', 'trestbps', 'thalach', 'oldpeak', 'slope', 'ca']"
3660,Naive Bayes,80.55024101,80.98717996,84.85294118,82.63837992,"['cp', 'trestbps', 'thalach', 'oldpeak', 'slope', 'thal']"
3661,Naive Bayes,83.17686318,83.17635387,87.31617647,85.05307246,"['cp', 'trestbps', 'thalach', 'oldpeak', 'ca', 'thal']"
3662,Naive Bayes,81.48572488,81.95869576,85.99264706,83.63907094,"['cp', 'trestbps', 'thalach', 'slope', 'ca', 'thal']"
3663,Naive Bayes,79.58324064,79.76401789,84.375,81.81396953,"['cp', 'trestbps', 'exang', 'oldpeak', 'slope', 'ca']"
3664,Naive Bayes,80.87282165,81.63807804,84.30147059,82.68379141,"['cp', 'trestbps', 'exang', 'oldpeak', 'slope', 'thal']"
3665,Naive Bayes,80.20615499,81.11330409,83.71323529,82.1931007,"['cp', 'trestbps', 'exang', 'oldpeak', 'ca', 'thal']"
3666,Naive Bayes,80.21764924,81.75189813,83.05147059,82.13073989,"['cp', 'trestbps', 'exang', 'slope', 'ca', 'thal']"
3667,Naive Bayes,83.14312199,82.46545258,89.08088235,85.34016187,"['cp', 'trestbps', 'oldpeak', 'slope', 'ca', 'thal']"
3668,Naive Bayes,74.66703745,74.38355693,81.91176471,77.92182557,"['cp', 'chol', 'fbs', 'restecg', 'thalach', 'exang']"
3669,Naive Bayes,77.61624027,77.2077252,86.13970588,80.89314934,"['cp', 'chol', 'fbs', 'restecg', 'thalach', 'oldpeak']"
3670,Naive Bayes,74.00111235,74.67588088,80.58823529,77.11853875,"['cp', 'chol', 'fbs', 'restecg', 'thalach', 'slope']"
3671,Naive Bayes,76.62699296,77.60086937,81.875,79.47463002,"['cp', 'chol', 'fbs', 'restecg', 'thalach', 'ca']"
3672,Naive Bayes,77.24842418,79.28621894,79.96323529,79.30485648,"['cp', 'chol', 'fbs', 'restecg', 'thalach', 'thal']"
3673,Naive Bayes,78.30441231,77.67709995,85,80.84393687,"['cp', 'chol', 'fbs', 'restecg', 'exang', 'oldpeak']"
3674,Naive Bayes,74.92361884,75.43151998,81.25,77.93554339,"['cp', 'chol', 'fbs', 'restecg', 'exang', 'slope']"
3675,Naive Bayes,76.62699296,77.77708978,81.28676471,79.17940936,"['cp', 'chol', 'fbs', 'restecg', 'exang', 'ca']"
3676,Naive Bayes,77.87059696,79.39431157,81.13970588,79.84006607,"['cp', 'chol', 'fbs', 'restecg', 'exang', 'thal']"
3677,Naive Bayes,76.20318873,75.61399711,83.60294118,79.05314288,"['cp', 'chol', 'fbs', 'restecg', 'oldpeak', 'slope']"
3678,Naive Bayes,79.56321839,77.07113372,90.33088235,83.02465056,"['cp', 'chol', 'fbs', 'restecg', 'oldpeak', 'ca']"
3679,Naive Bayes,81.56395996,81.7162888,86.10294118,83.50875542,"['cp', 'chol', 'fbs', 'restecg', 'oldpeak', 'thal']"
3680,Naive Bayes,74.58027438,75.2581378,81.13970588,77.78829666,"['cp', 'chol', 'fbs', 'restecg', 'slope', 'ca']"
3681,Naive Bayes,77.49351131,82.12462864,76.21323529,78.57010416,"['cp', 'chol', 'fbs', 'restecg', 'slope', 'thal']"
3682,Naive Bayes,80.53021876,81.77659965,84.77941176,82.77364995,"['cp', 'chol', 'fbs', 'restecg', 'ca', 'thal']"
3683,Naive Bayes,77.94809047,77.9380375,83.19852941,80.34576976,"['cp', 'chol', 'fbs', 'thalach', 'exang', 'oldpeak']"
3684,Naive Bayes,75.32369299,75.67878028,80.73529412,77.98047704,"['cp', 'chol', 'fbs', 'thalach', 'exang', 'slope']"
3685,Naive Bayes,78.60548758,80.00497567,81.91176471,80.67791291,"['cp', 'chol', 'fbs', 'thalach', 'exang', 'ca']"
3686,Naive Bayes,77.93733778,80.30316222,80,79.84240893,"['cp', 'chol', 'fbs', 'thalach', 'exang', 'thal']"
3687,Naive Bayes,77.61401557,77.39538184,83.71323529,80.27913692,"['cp', 'chol', 'fbs', 'thalach', 'oldpeak', 'slope']"
3688,Naive Bayes,79.57397108,79.147309,86.10294118,82.2742032,"['cp', 'chol', 'fbs', 'thalach', 'oldpeak', 'ca']"
3689,Naive Bayes,81.86355209,82.86281881,84.81617647,83.59399627,"['cp', 'chol', 'fbs', 'thalach', 'oldpeak', 'thal']"
3690,Naive Bayes,76.6154987,77.61878962,81.25,79.20985061,"['cp', 'chol', 'fbs', 'thalach', 'slope', 'ca']"
3691,Naive Bayes,78.54875788,82.16719211,78.16176471,79.83074008,"['cp', 'chol', 'fbs', 'thalach', 'slope', 'thal']"
3692,Naive Bayes,80.17463849,81.51149556,83.52941176,82.2017378,"['cp', 'chol', 'fbs', 'thalach', 'ca', 'thal']"
3693,Naive Bayes,76.9810901,77.69381925,81.94852941,79.3510994,"['cp', 'chol', 'fbs', 'exang', 'oldpeak', 'slope']"
3694,Naive Bayes,78.23841305,79.38622291,81.91176471,80.43003839,"['cp', 'chol', 'fbs', 'exang', 'oldpeak', 'ca']"
3695,Naive Bayes,81.21690768,82.73600668,83.67647059,82.92154199,"['cp', 'chol', 'fbs', 'exang', 'oldpeak', 'thal']"
3696,Naive Bayes,77.28216537,77.88775526,82.5,79.84112542,"['cp', 'chol', 'fbs', 'exang', 'slope', 'ca']"
3697,Naive Bayes,79.29440119,80.55027274,83.05147059,81.37563159,"['cp', 'chol', 'fbs', 'exang', 'slope', 'thal']"
3698,Naive Bayes,80.25064887,83.47047152,81.25,81.83247293,"['cp', 'chol', 'fbs', 'exang', 'ca', 'thal']"
3699,Naive Bayes,77.88357434,77.01195446,85.44117647,80.78929039,"['cp', 'chol', 'fbs', 'oldpeak', 'slope', 'ca']"
3700,Naive Bayes,80.55172414,81.9290345,83.63970588,82.40353558,"['cp', 'chol', 'fbs', 'oldpeak', 'slope', 'thal']"
3701,Naive Bayes,81.50945495,81.81621226,86.61764706,83.82040537,"['cp', 'chol', 'fbs', 'oldpeak', 'ca', 'thal']"
3702,Naive Bayes,81.80830552,83.06664332,85.40441176,83.76936886,"['cp', 'chol', 'fbs', 'slope', 'ca', 'thal']"
3703,Naive Bayes,77.6470152,77.80800654,82.64705882,79.94241902,"['cp', 'chol', 'restecg', 'thalach', 'exang', 'oldpeak']"
3704,Naive Bayes,75.6785317,75.94844341,81.39705882,78.45479064,"['cp', 'chol', 'restecg', 'thalach', 'exang', 'slope']"
3705,Naive Bayes,79.29440119,81.14409799,81.94852941,81.2120576,"['cp', 'chol', 'restecg', 'thalach', 'exang', 'ca']"
3706,Naive Bayes,78.5925102,79.91366283,82.46323529,80.78481311,"['cp', 'chol', 'restecg', 'thalach', 'exang', 'thal']"
3707,Naive Bayes,76.96959585,76.84687262,83.75,79.79525116,"['cp', 'chol', 'restecg', 'thalach', 'oldpeak', 'slope']"
3708,Naive Bayes,79.57397108,79.2148805,86.13970588,82.24081863,"['cp', 'chol', 'restecg', 'thalach', 'oldpeak', 'ca']"
3709,Naive Bayes,82.55172414,82.73624011,87.31617647,84.57819564,"['cp', 'chol', 'restecg', 'thalach', 'oldpeak', 'thal']"
3710,Naive Bayes,76.97107898,77.95161366,82.5,79.83200722,"['cp', 'chol', 'restecg', 'thalach', 'slope', 'ca']"
3711,Naive Bayes,78.55951057,80.5601036,81.21323529,80.64976921,"['cp', 'chol', 'restecg', 'thalach', 'slope', 'thal']"
3712,Naive Bayes,81.84204672,82.80913067,85.40441176,83.80527125,"['cp', 'chol', 'restecg', 'thalach', 'ca', 'thal']"
3713,Naive Bayes,75.63552095,76.84922757,80.14705882,78.07127429,"['cp', 'chol', 'restecg', 'exang', 'oldpeak', 'slope']"
3714,Naive Bayes,79.2499073,80.40828173,82.57352941,81.29480732,"['cp', 'chol', 'restecg', 'exang', 'oldpeak', 'ca']"
3715,Naive Bayes,79.88283278,80.66177699,83.67647059,81.88119125,"['cp', 'chol', 'restecg', 'exang', 'oldpeak', 'thal']"
3716,Naive Bayes,76.2814238,78.03889626,80.07352941,78.75108614,"['cp', 'chol', 'restecg', 'exang', 'slope', 'ca']"
3717,Naive Bayes,78.27067112,79.24194566,82.46323529,80.52251699,"['cp', 'chol', 'restecg', 'exang', 'slope', 'thal']"
3718,Naive Bayes,80.5839822,83.47047152,81.875,82.2265616,"['cp', 'chol', 'restecg', 'exang', 'ca', 'thal']"
3719,Naive Bayes,75.54875788,76.01997534,81.80147059,78.50689034,"['cp', 'chol', 'restecg', 'oldpeak', 'slope', 'ca']"
3720,Naive Bayes,78.24842418,79.78905597,81.83823529,80.33458655,"['cp', 'chol', 'restecg', 'oldpeak', 'slope', 'thal']"
3721,Naive Bayes,82.49870226,82.64456484,87.86764706,84.85373182,"['cp', 'chol', 'restecg', 'oldpeak', 'ca', 'thal']"
3722,Naive Bayes,79.5294772,81.8187281,83.05147059,81.86319651,"['cp', 'chol', 'restecg', 'slope', 'ca', 'thal']"
3723,Naive Bayes,78.61475714,79.03999582,83.19852941,80.81737658,"['cp', 'chol', 'thalach', 'exang', 'oldpeak', 'slope']"
3724,Naive Bayes,78.97107898,79.65858273,82.61029412,80.98297046,"['cp', 'chol', 'thalach', 'exang', 'oldpeak', 'ca']"
3725,Naive Bayes,79.96032629,80.47149123,83.78676471,81.98601562,"['cp', 'chol', 'thalach', 'exang', 'oldpeak', 'thal']"
3726,Naive Bayes,78.29291806,78.97219151,82.57352941,80.51921429,"['cp', 'chol', 'thalach', 'exang', 'slope', 'ca']"
3727,Naive Bayes,78.25991843,79.29524178,81.83823529,80.37425631,"['cp', 'chol', 'thalach', 'exang', 'slope', 'thal']"
3728,Naive Bayes,79.59473489,81.44942012,81.91176471,81.40188651,"['cp', 'chol', 'thalach', 'exang', 'ca', 'thal']"
3729,Naive Bayes,79.55098257,78.94575874,86.10294118,82.1058317,"['cp', 'chol', 'thalach', 'oldpeak', 'slope', 'ca']"
3730,Naive Bayes,80.56173526,80.56174136,85.44117647,82.71595027,"['cp', 'chol', 'thalach', 'oldpeak', 'slope', 'thal']"
3731,Naive Bayes,81.83129403,82.23865703,86.06617647,83.83733509,"['cp', 'chol', 'thalach', 'oldpeak', 'ca', 'thal']"
3732,Naive Bayes,81.1638858,81.37211288,86.02941176,83.34314832,"['cp', 'chol', 'thalach', 'slope', 'ca', 'thal']"
3733,Naive Bayes,79.58324064,80.04179567,83.78676471,81.65812537,"['cp', 'chol', 'exang', 'oldpeak', 'slope', 'ca']"
3734,Naive Bayes,80.56173526,80.7128483,84.92647059,82.55139534,"['cp', 'chol', 'exang', 'oldpeak', 'slope', 'thal']"
3735,Naive Bayes,80.90656285,82.04076367,83.75,82.69790717,"['cp', 'chol', 'exang', 'oldpeak', 'ca', 'thal']"
3736,Naive Bayes,80.25139043,81.80975724,83.08823529,82.08442419,"['cp', 'chol', 'exang', 'slope', 'ca', 'thal']"
3737,Naive Bayes,82.15387468,81.9198492,87.86764706,84.51829602,"['cp', 'chol', 'oldpeak', 'slope', 'ca', 'thal']"
3738,Naive Bayes,77.95884316,77.99114207,83.19852941,80.37349448,"['cp', 'fbs', 'restecg', 'thalach', 'exang', 'oldpeak']"
3739,Naive Bayes,75.63477938,75.92621259,81.32352941,78.4078818,"['cp', 'fbs', 'restecg', 'thalach', 'exang', 'slope']"
3740,Naive Bayes,79.2836485,81.14409799,81.91176471,81.20849254,"['cp', 'fbs', 'restecg', 'thalach', 'exang', 'ca']"
3741,Naive Bayes,77.25917686,79.09025014,80.58823529,79.40491115,"['cp', 'fbs', 'restecg', 'thalach', 'exang', 'thal']"
3742,Naive Bayes,77.94809047,77.57894737,84.30147059,80.59776209,"['cp', 'fbs', 'restecg', 'thalach', 'oldpeak', 'slope']"
3743,Naive Bayes,79.2183908,78.60074038,86.10294118,81.9955102,"['cp', 'fbs', 'restecg', 'thalach', 'oldpeak', 'ca']"
3744,Naive Bayes,81.87430478,82.09252297,86.65441176,83.97275175,"['cp', 'fbs', 'restecg', 'thalach', 'oldpeak', 'thal']"
3745,Naive Bayes,76.62699296,77.55693154,81.83823529,79.39481017,"['cp', 'fbs', 'restecg', 'thalach', 'slope', 'ca']"
3746,Naive Bayes,76.90359659,80.01690123,77.53676471,78.53895518,"['cp', 'fbs', 'restecg', 'thalach', 'slope', 'thal']"
3747,Naive Bayes,80.85354097,81.50459482,85.36764706,83.08642283,"['cp', 'fbs', 'restecg', 'thalach', 'ca', 'thal']"
3748,Naive Bayes,77.29291806,77.74301842,82.53676471,79.72007457,"['cp', 'fbs', 'restecg', 'exang', 'oldpeak', 'slope']"
3749,Naive Bayes,79.23915462,80.20566735,83.16176471,81.43753828,"['cp', 'fbs', 'restecg', 'exang', 'oldpeak', 'ca']"
3750,Naive Bayes,80.87282165,82.21031746,83.63970588,82.58900784,"['cp', 'fbs', 'restecg', 'exang', 'oldpeak', 'thal']"
3751,Naive Bayes,77.28290693,77.33791866,83.71323529,80.11197193,"['cp', 'fbs', 'restecg', 'exang', 'slope', 'ca']"
3752,Naive Bayes,76.59176863,77.84212983,80.58823529,78.90286365,"['cp', 'fbs', 'restecg', 'exang', 'slope', 'thal']"
3753,Naive Bayes,80.23989618,82.55077031,82.46323529,82.00359592,"['cp', 'fbs', 'restecg', 'exang', 'ca', 'thal']"
3754,Naive Bayes,77.52799407,77.11079062,84.81617647,80.48806698,"['cp', 'fbs', 'restecg', 'oldpeak', 'slope', 'ca']"
3755,Naive Bayes,78.89432703,80.51442946,82.38970588,80.8824575,"['cp', 'fbs', 'restecg', 'oldpeak', 'slope', 'thal']"
3756,Naive Bayes,82.48794957,82.45081961,87.83088235,84.76600708,"['cp', 'fbs', 'restecg', 'oldpeak', 'ca', 'thal']"
3757,Naive Bayes,79.20689655,80.49324799,83.63970588,81.63956175,"['cp', 'fbs', 'restecg', 'slope', 'ca', 'thal']"
3758,Naive Bayes,78.93733778,79.20373851,83.78676471,81.16471552,"['cp', 'fbs', 'thalach', 'exang', 'oldpeak', 'slope']"
3759,Naive Bayes,79.59473489,80.65110079,82.57352941,81.47036542,"['cp', 'fbs', 'thalach', 'exang', 'oldpeak', 'ca']"
3760,Naive Bayes,78.97107898,79.61038012,83.125,81.18787884,"['cp', 'fbs', 'thalach', 'exang', 'oldpeak', 'thal']"
3761,Naive Bayes,77.6154987,78.47206251,81.91176471,79.96530402,"['cp', 'fbs', 'thalach', 'exang', 'slope', 'ca']"
3762,Naive Bayes,78.24916574,79.5394184,81.80147059,80.36578928,"['cp', 'fbs', 'thalach', 'exang', 'slope', 'thal']"
3763,Naive Bayes,80.24063775,82.10060691,82.46323529,81.97755207,"['cp', 'fbs', 'thalach', 'exang', 'ca', 'thal']"
3764,Naive Bayes,77.22766036,77.00448318,84.26470588,80.23538158,"['cp', 'fbs', 'thalach', 'oldpeak', 'slope', 'ca']"
3765,Naive Bayes,79.23841305,80.01320704,83.01470588,81.34053704,"['cp', 'fbs', 'thalach', 'oldpeak', 'slope', 'thal']"
3766,Naive Bayes,82.84352985,82.80142759,87.27941176,84.83904282,"['cp', 'fbs', 'thalach', 'oldpeak', 'ca', 'thal']"
3767,Naive Bayes,81.14238042,81.37859354,85.95588235,83.38406165,"['cp', 'fbs', 'thalach', 'slope', 'ca', 'thal']"
3768,Naive Bayes,78.91657397,79.78521672,82.53676471,80.94172752,"['cp', 'fbs', 'exang', 'oldpeak', 'slope', 'ca']"
3769,Naive Bayes,80.57248795,81.13721805,84.33823529,82.43512831,"['cp', 'fbs', 'exang', 'oldpeak', 'slope', 'thal']"
3770,Naive Bayes,79.57248795,80.40862573,83.08823529,81.59327895,"['cp', 'fbs', 'exang', 'oldpeak', 'ca', 'thal']"
3771,Naive Bayes,79.92880979,81.26809057,83.08823529,81.83821207,"['cp', 'fbs', 'exang', 'slope', 'ca', 'thal']"
3772,Naive Bayes,81.80904709,81.56865872,87.27941176,84.07062134,"['cp', 'fbs', 'oldpeak', 'slope', 'ca', 'thal']"
3773,Naive Bayes,77.94734891,78.42725072,82.57352941,80.22914129,"['cp', 'restecg', 'thalach', 'exang', 'oldpeak', 'slope']"
3774,Naive Bayes,78.93807935,80.45923633,81.36029412,80.74050309,"['cp', 'restecg', 'thalach', 'exang', 'oldpeak', 'ca']"
3775,Naive Bayes,79.93807935,81.37835397,82.53676471,81.79456807,"['cp', 'restecg', 'thalach', 'exang', 'oldpeak', 'thal']"
3776,Naive Bayes,77.59325176,78.78672171,81.28676471,79.8702678,"['cp', 'restecg', 'thalach', 'exang', 'slope', 'ca']"
3777,Naive Bayes,78.23767149,79.53855841,81.80147059,80.38896219,"['cp', 'restecg', 'thalach', 'exang', 'slope', 'thal']"
3778,Naive Bayes,80.57322951,83.49703917,81.875,82.2318468,"['cp', 'restecg', 'thalach', 'exang', 'ca', 'thal']"
3779,Naive Bayes,77.87208009,78.38961988,83.67647059,80.57360471,"['cp', 'restecg', 'thalach', 'oldpeak', 'slope', 'ca']"
3780,Naive Bayes,78.90433815,79.90520419,83.01470588,81.13653447,"['cp', 'restecg', 'thalach', 'oldpeak', 'slope', 'thal']"
3781,Naive Bayes,82.8320356,84.12724883,86.06617647,84.76529163,"['cp', 'restecg', 'thalach', 'oldpeak', 'ca', 'thal']"
3782,Naive Bayes,80.15239155,81.65806115,84.19117647,82.53059927,"['cp', 'restecg', 'thalach', 'slope', 'ca', 'thal']"
3783,Naive Bayes,79.2499073,79.63243894,83.75,81.48063619,"['cp', 'restecg', 'exang', 'oldpeak', 'slope', 'ca']"
3784,Naive Bayes,80.89506859,81.28427687,84.92647059,82.80945986,"['cp', 'restecg', 'exang', 'oldpeak', 'slope', 'thal']"
3785,Naive Bayes,79.57322951,80.1869625,83.67647059,81.74555805,"['cp', 'restecg', 'exang', 'oldpeak', 'ca', 'thal']"
3786,Naive Bayes,80.26214312,81.65407391,83.67647059,82.25547364,"['cp', 'restecg', 'exang', 'slope', 'ca', 'thal']"
3787,Naive Bayes,81.20837968,80.40083107,87.86764706,83.72858858,"['cp', 'restecg', 'oldpeak', 'slope', 'ca', 'thal']"
3788,Naive Bayes,79.92732666,80.77786378,83.19852941,81.8421505,"['cp', 'thalach', 'exang', 'oldpeak', 'slope', 'ca']"
3789,Naive Bayes,80.23841305,81.47184137,83.125,82.06373684,"['cp', 'thalach', 'exang', 'oldpeak', 'slope', 'thal']"
3790,Naive Bayes,81.5839822,82.14142587,85,83.40283357,"['cp', 'thalach', 'exang', 'oldpeak', 'ca', 'thal']"
3791,Naive Bayes,79.58324064,80.94357955,83.08823529,81.59892854,"['cp', 'thalach', 'exang', 'slope', 'ca', 'thal']"
3792,Naive Bayes,81.50797182,81.19664636,87.27941176,83.82990903,"['cp', 'thalach', 'oldpeak', 'slope', 'ca', 'thal']"
3793,Naive Bayes,81.86281053,82.80618212,84.88970588,83.62789764,"['cp', 'exang', 'oldpeak', 'slope', 'ca', 'thal']"
3794,Naive Bayes,72.34297367,73.76758686,77.05882353,75.2524179,"['trestbps', 'chol', 'fbs', 'restecg', 'thalach', 'exang']"
3795,Naive Bayes,71.03262885,70.94930341,79.55882353,74.80047695,"['trestbps', 'chol', 'fbs', 'restecg', 'thalach', 'oldpeak']"
3796,Naive Bayes,70.36522062,72.06906973,74.63235294,73.16890544,"['trestbps', 'chol', 'fbs', 'restecg', 'thalach', 'slope']"
3797,Naive Bayes,69.97738228,71.22920045,75.80882353,73.13342306,"['trestbps', 'chol', 'fbs', 'restecg', 'thalach', 'ca']"
3798,Naive Bayes,73.94586578,77.07372693,75.11029412,75.72329773,"['trestbps', 'chol', 'fbs', 'restecg', 'thalach', 'thal']"
3799,Naive Bayes,75.85836114,76.1505848,81.28676471,78.27727612,"['trestbps', 'chol', 'fbs', 'restecg', 'exang', 'oldpeak']"
3800,Naive Bayes,71.34371524,71.39686784,79.44852941,74.88425195,"['trestbps', 'chol', 'fbs', 'restecg', 'exang', 'slope']"
3801,Naive Bayes,74.34593993,76.80675955,76.47058824,76.50843553,"['trestbps', 'chol', 'fbs', 'restecg', 'exang', 'ca']"
3802,Naive Bayes,74.6240267,76.41818725,78.16176471,76.86202758,"['trestbps', 'chol', 'fbs', 'restecg', 'exang', 'thal']"
3803,Naive Bayes,72.30144605,71.2618193,83.08823529,76.45310245,"['trestbps', 'chol', 'fbs', 'restecg', 'oldpeak', 'slope']"
3804,Naive Bayes,72.96885428,72.74248857,82.53676471,76.91017273,"['trestbps', 'chol', 'fbs', 'restecg', 'oldpeak', 'ca']"
3805,Naive Bayes,76.28216537,76.96542269,81.25,78.75503762,"['trestbps', 'chol', 'fbs', 'restecg', 'oldpeak', 'thal']"
3806,Naive Bayes,69.67630701,70.03921569,79.52205882,73.98378258,"['trestbps', 'chol', 'fbs', 'restecg', 'slope', 'ca']"
3807,Naive Bayes,72.64627364,74.42211534,77.5,75.46170601,"['trestbps', 'chol', 'fbs', 'restecg', 'slope', 'thal']"
3808,Naive Bayes,74.52576937,76.3765357,78.16176471,76.88184623,"['trestbps', 'chol', 'fbs', 'restecg', 'ca', 'thal']"
3809,Naive Bayes,77.25917686,78.16347241,80.73529412,79.2281616,"['trestbps', 'chol', 'fbs', 'thalach', 'exang', 'oldpeak']"
3810,Naive Bayes,73.35595106,74.62641899,77.64705882,76.03641571,"['trestbps', 'chol', 'fbs', 'thalach', 'exang', 'slope']"
3811,Naive Bayes,73.31145717,75.5130289,75.84558824,75.57631992,"['trestbps', 'chol', 'fbs', 'thalach', 'exang', 'ca']"
3812,Naive Bayes,73.95661846,76.32995951,76.32352941,76.07374635,"['trestbps', 'chol', 'fbs', 'thalach', 'exang', 'thal']"
3813,Naive Bayes,75.00259548,75.15841073,81.28676471,77.89924684,"['trestbps', 'chol', 'fbs', 'thalach', 'oldpeak', 'slope']"
3814,Naive Bayes,72.6785317,72.6146248,80.77205882,76.29453403,"['trestbps', 'chol', 'fbs', 'thalach', 'oldpeak', 'ca']"
3815,Naive Bayes,76.315165,77.0375387,80.69852941,78.70044959,"['trestbps', 'chol', 'fbs', 'thalach', 'oldpeak', 'thal']"
3816,Naive Bayes,73.3129403,74.35626444,78.23529412,76.0969888,"['trestbps', 'chol', 'fbs', 'thalach', 'slope', 'ca']"
3817,Naive Bayes,74.59176863,77.99955325,75.625,76.24542909,"['trestbps', 'chol', 'fbs', 'thalach', 'slope', 'thal']"
3818,Naive Bayes,77.55098257,80.09985749,78.125,78.96469883,"['trestbps', 'chol', 'fbs', 'thalach', 'ca', 'thal']"
3819,Naive Bayes,75.92510197,77.08032336,79.44852941,77.88122557,"['trestbps', 'chol', 'fbs', 'exang', 'oldpeak', 'slope']"
3820,Naive Bayes,74.57953281,77.24603175,76.47058824,76.60048895,"['trestbps', 'chol', 'fbs', 'exang', 'oldpeak', 'ca']"
3821,Naive Bayes,73.93585465,75.4490912,77.64705882,76.1505595,"['trestbps', 'chol', 'fbs', 'exang', 'oldpeak', 'thal']"
3822,Naive Bayes,73.6240267,75.40909873,76.98529412,76.04879554,"['trestbps', 'chol', 'fbs', 'exang', 'slope', 'ca']"
3823,Naive Bayes,76.8928439,79.43243525,78.16176471,78.39683429,"['trestbps', 'chol', 'fbs', 'exang', 'slope', 'thal']"
3824,Naive Bayes,74.94734891,77.80288958,76.36029412,76.77863966,"['trestbps', 'chol', 'fbs', 'exang', 'ca', 'thal']"
3825,Naive Bayes,73.61401557,72.99915118,83.63970588,77.60061294,"['trestbps', 'chol', 'fbs', 'oldpeak', 'slope', 'ca']"
3826,Naive Bayes,78.5839822,79.30306158,82.38970588,80.52413261,"['trestbps', 'chol', 'fbs', 'oldpeak', 'slope', 'thal']"
3827,Naive Bayes,75.60400445,76.02342253,81.25,78.23183953,"['trestbps', 'chol', 'fbs', 'oldpeak', 'ca', 'thal']"
3828,Naive Bayes,78.50648869,80.08357905,81.17647059,80.17198749,"['trestbps', 'chol', 'fbs', 'slope', 'ca', 'thal']"
3829,Naive Bayes,77.5925102,79.1512605,80.14705882,79.45270748,"['trestbps', 'chol', 'restecg', 'thalach', 'exang', 'oldpeak']"
3830,Naive Bayes,73.70077864,74.40196078,78.89705882,76.51001727,"['trestbps', 'chol', 'restecg', 'thalach', 'exang', 'slope']"
3831,Naive Bayes,74.30144605,76.24183007,77.05882353,76.55185359,"['trestbps', 'chol', 'restecg', 'thalach', 'exang', 'ca']"
3832,Naive Bayes,75.3129403,77.0516733,78.23529412,77.41611499,"['trestbps', 'chol', 'restecg', 'thalach', 'exang', 'thal']"
3833,Naive Bayes,74.00185391,74.19564508,80.69852941,77.02765586,"['trestbps', 'chol', 'restecg', 'thalach', 'oldpeak', 'slope']"
3834,Naive Bayes,73.99035966,73.20168067,82.57352941,77.41113038,"['trestbps', 'chol', 'restecg', 'thalach', 'oldpeak', 'ca']"
3835,Naive Bayes,77.32665925,78.18775995,81.28676471,79.54524152,"['trestbps', 'chol', 'restecg', 'thalach', 'oldpeak', 'thal']"
3836,Naive Bayes,73.28068224,74.09494324,78.78676471,76.19083215,"['trestbps', 'chol', 'restecg', 'thalach', 'slope', 'ca']"
3837,Naive Bayes,75.29217649,77.52273814,77.53676471,77.17559242,"['trestbps', 'chol', 'restecg', 'thalach', 'slope', 'thal']"
3838,Naive Bayes,76.6154987,79.14129073,77.64705882,78.17415549,"['trestbps', 'chol', 'restecg', 'thalach', 'ca', 'thal']"
3839,Naive Bayes,74.93585465,75.95198167,78.86029412,77.07368588,"['trestbps', 'chol', 'restecg', 'exang', 'oldpeak', 'slope']"
3840,Naive Bayes,73.27919911,75.76085434,75.88235294,75.57433598,"['trestbps', 'chol', 'restecg', 'exang', 'oldpeak', 'ca']"
3841,Naive Bayes,75.5925102,77.9179826,77.64705882,77.28815792,"['trestbps', 'chol', 'restecg', 'exang', 'oldpeak', 'thal']"
3842,Naive Bayes,72.31219874,74.54798762,75.18382353,74.71668411,"['trestbps', 'chol', 'restecg', 'exang', 'slope', 'ca']"
3843,Naive Bayes,76.22617723,79.35417141,76.94852941,77.60024558,"['trestbps', 'chol', 'restecg', 'exang', 'slope', 'thal']"
3844,Naive Bayes,75.58175751,78.67169763,76.36029412,77.17820828,"['trestbps', 'chol', 'restecg', 'exang', 'ca', 'thal']"
3845,Naive Bayes,71.96885428,71.69509569,81.83823529,76.03823674,"['trestbps', 'chol', 'restecg', 'oldpeak', 'slope', 'ca']"
3846,Naive Bayes,77.60622914,77.77058455,82.38970588,79.78009828,"['trestbps', 'chol', 'restecg', 'oldpeak', 'slope', 'thal']"
3847,Naive Bayes,76.55024101,76.31747768,83.63970588,79.51521643,"['trestbps', 'chol', 'restecg', 'oldpeak', 'ca', 'thal']"
3848,Naive Bayes,78.18464961,79.40460928,81.72794118,80.14651944,"['trestbps', 'chol', 'restecg', 'slope', 'ca', 'thal']"
3849,Naive Bayes,76.30218762,77.61025112,79.55882353,78.39616516,"['trestbps', 'chol', 'thalach', 'exang', 'oldpeak', 'slope']"
3850,Naive Bayes,76.92584353,78.90880387,79.52205882,79.00829657,"['trestbps', 'chol', 'thalach', 'exang', 'oldpeak', 'ca']"
3851,Naive Bayes,78.58324064,81.13065611,79.48529412,80.06295128,"['trestbps', 'chol', 'thalach', 'exang', 'oldpeak', 'thal']"
3852,Naive Bayes,75.63700408,77.73482726,78.27205882,77.77803379,"['trestbps', 'chol', 'thalach', 'exang', 'slope', 'ca']"
3853,Naive Bayes,74.63552095,77.8627021,75.18382353,76.33086045,"['trestbps', 'chol', 'thalach', 'exang', 'slope', 'thal']"
3854,Naive Bayes,77.93882091,80.74865331,78.78676471,79.48249054,"['trestbps', 'chol', 'thalach', 'exang', 'ca', 'thal']"
3855,Naive Bayes,73.64627364,73.5629945,80.69852941,76.83600828,"['trestbps', 'chol', 'thalach', 'oldpeak', 'slope', 'ca']"
3856,Naive Bayes,75.32591769,77.29859056,77.61029412,77.17996041,"['trestbps', 'chol', 'thalach', 'oldpeak', 'slope', 'thal']"
3857,Naive Bayes,77.60622914,78.20399037,81.83823529,79.82457942,"['trestbps', 'chol', 'thalach', 'oldpeak', 'ca', 'thal']"
3858,Naive Bayes,77.86206897,80.2127056,79.30147059,79.26489515,"['trestbps', 'chol', 'thalach', 'slope', 'ca', 'thal']"
3859,Naive Bayes,75.93659622,77.59505995,79.48529412,78.32587189,"['trestbps', 'chol', 'exang', 'oldpeak', 'slope', 'ca']"
3860,Naive Bayes,78.90582128,81.09564825,80.11029412,80.15213808,"['trestbps', 'chol', 'exang', 'oldpeak', 'slope', 'thal']"
3861,Naive Bayes,74.93733778,78.19547738,75.80882353,76.66162862,"['trestbps', 'chol', 'exang', 'oldpeak', 'ca', 'thal']"
3862,Naive Bayes,78.90656285,83.11624817,77.57352941,79.87046301,"['trestbps', 'chol', 'exang', 'slope', 'ca', 'thal']"
3863,Naive Bayes,78.22914349,78.09343825,83.63970588,80.58170938,"['trestbps', 'chol', 'oldpeak', 'slope', 'ca', 'thal']"
3864,Naive Bayes,77.26992955,78.54745933,80.14705882,79.13903504,"['trestbps', 'fbs', 'restecg', 'thalach', 'exang', 'oldpeak']"
3865,Naive Bayes,73.02261772,73.86683007,78.27205882,75.9451777,"['trestbps', 'fbs', 'restecg', 'thalach', 'exang', 'slope']"
3866,Naive Bayes,73.98961809,76.18627451,76.47058824,76.2223605,"['trestbps', 'fbs', 'restecg', 'thalach', 'exang', 'ca']"
3867,Naive Bayes,73.95736003,76.21891125,76.32352941,75.9732063,"['trestbps', 'fbs', 'restecg', 'thalach', 'exang', 'thal']"
3868,Naive Bayes,75.65776789,75.71956853,81.94852941,78.51149114,"['trestbps', 'fbs', 'restecg', 'thalach', 'oldpeak', 'slope']"
3869,Naive Bayes,73.64627364,73.01788786,82.57352941,77.26355423,"['trestbps', 'fbs', 'restecg', 'thalach', 'oldpeak', 'ca']"
3870,Naive Bayes,78.00556174,77.8469458,83.16176471,80.26228003,"['trestbps', 'fbs', 'restecg', 'thalach', 'oldpeak', 'thal']"
3871,Naive Bayes,73.95810159,74.30202958,80.625,77.1980765,"['trestbps', 'fbs', 'restecg', 'thalach', 'slope', 'ca']"
3872,Naive Bayes,75.58249907,77.4588739,78.05147059,77.30882476,"['trestbps', 'fbs', 'restecg', 'thalach', 'slope', 'thal']"
3873,Naive Bayes,77.55172414,80.23634454,78.16176471,78.9890707,"['trestbps', 'fbs', 'restecg', 'thalach', 'ca', 'thal']"
3874,Naive Bayes,76.26992955,77.27079955,80.07352941,78.31133309,"['trestbps', 'fbs', 'restecg', 'exang', 'oldpeak', 'slope']"
3875,Naive Bayes,74.23544679,76.89536199,76.47058824,76.40047534,"['trestbps', 'fbs', 'restecg', 'exang', 'oldpeak', 'ca']"
3876,Naive Bayes,75.58101594,77.95964927,77.64705882,77.30831921,"['trestbps', 'fbs', 'restecg', 'exang', 'oldpeak', 'thal']"
3877,Naive Bayes,73.95810159,76.07203057,76.98529412,76.32220051,"['trestbps', 'fbs', 'restecg', 'exang', 'slope', 'ca']"
3878,Naive Bayes,75.59176863,78.39149958,76.98529412,77.2906693,"['trestbps', 'fbs', 'restecg', 'exang', 'slope', 'thal']"
3879,Naive Bayes,75.90433815,79.37232788,76.36029412,77.45173338,"['trestbps', 'fbs', 'restecg', 'exang', 'ca', 'thal']"
3880,Naive Bayes,72.94809047,72.02566476,84.22794118,77.35181158,"['trestbps', 'fbs', 'restecg', 'oldpeak', 'slope', 'ca']"
3881,Naive Bayes,77.61698183,77.49554311,83.63970588,80.10585226,"['trestbps', 'fbs', 'restecg', 'oldpeak', 'slope', 'thal']"
3882,Naive Bayes,77.19466073,77.58744957,82.42647059,79.66271735,"['trestbps', 'fbs', 'restecg', 'oldpeak', 'ca', 'thal']"
3883,Naive Bayes,79.49721913,81.58037959,81.13970588,81.04796151,"['trestbps', 'fbs', 'restecg', 'slope', 'ca', 'thal']"
3884,Naive Bayes,76.31368187,77.30632955,80.14705882,78.55646565,"['trestbps', 'fbs', 'thalach', 'exang', 'oldpeak', 'slope']"
3885,Naive Bayes,77.24842418,78.8627451,80.07352941,79.37474535,"['trestbps', 'fbs', 'thalach', 'exang', 'oldpeak', 'ca']"
3886,Naive Bayes,78.53948832,80.5124992,80.625,80.28149948,"['trestbps', 'fbs', 'thalach', 'exang', 'oldpeak', 'thal']"
3887,Naive Bayes,75.94883204,77.33333333,79.44852941,78.21963433,"['trestbps', 'fbs', 'thalach', 'exang', 'slope', 'ca']"
3888,Naive Bayes,75.90433815,78.94762595,76.32352941,77.32362459,"['trestbps', 'fbs', 'thalach', 'exang', 'slope', 'thal']"
3889,Naive Bayes,76.9495736,79.3752013,78.78676471,78.82059058,"['trestbps', 'fbs', 'thalach', 'exang', 'ca', 'thal']"
3890,Naive Bayes,74.27994067,74.05968352,81.875,77.60708856,"['trestbps', 'fbs', 'thalach', 'oldpeak', 'slope', 'ca']"
3891,Naive Bayes,75.64849833,77.49122902,78.23529412,77.55802679,"['trestbps', 'fbs', 'thalach', 'oldpeak', 'slope', 'thal']"
3892,Naive Bayes,76.96106785,77.58440218,81.25,79.16807371,"['trestbps', 'fbs', 'thalach', 'oldpeak', 'ca', 'thal']"
3893,Naive Bayes,77.86206897,79.91358298,79.88970588,79.4341918,"['trestbps', 'fbs', 'thalach', 'slope', 'ca', 'thal']"
3894,Naive Bayes,76.58175751,78.08710502,80.03676471,78.87114846,"['trestbps', 'fbs', 'exang', 'oldpeak', 'slope', 'ca']"
3895,Naive Bayes,79.22840193,81.30993396,80.66176471,80.58096472,"['trestbps', 'fbs', 'exang', 'oldpeak', 'slope', 'thal']"
3896,Naive Bayes,75.57174638,78.53686394,76.98529412,77.46463018,"['trestbps', 'fbs', 'exang', 'oldpeak', 'ca', 'thal']"
3897,Naive Bayes,78.56247683,81.97049609,78.125,79.67841433,"['trestbps', 'fbs', 'exang', 'slope', 'ca', 'thal']"
3898,Naive Bayes,77.88431591,78.03461472,83.01470588,80.21657799,"['trestbps', 'fbs', 'oldpeak', 'slope', 'ca', 'thal']"
3899,Naive Bayes,77.61475714,78.14288786,81.94852941,79.83258822,"['trestbps', 'restecg', 'thalach', 'exang', 'oldpeak', 'slope']"
3900,Naive Bayes,76.5925102,78.3426704,79.48529412,78.75995178,"['trestbps', 'restecg', 'thalach', 'exang', 'oldpeak', 'ca']"
3901,Naive Bayes,78.91657397,81.55549271,79.52205882,80.28500374,"['trestbps', 'restecg', 'thalach', 'exang', 'oldpeak', 'thal']"
3902,Naive Bayes,75.63700408,77.37254902,78.86029412,77.92580419,"['trestbps', 'restecg', 'thalach', 'exang', 'slope', 'ca']"
3903,Naive Bayes,76.94883204,80.0435251,77.61029412,78.44768657,"['trestbps', 'restecg', 'thalach', 'exang', 'slope', 'thal']"
3904,Naive Bayes,77.62773452,79.96752156,79.41176471,79.42776527,"['trestbps', 'restecg', 'thalach', 'exang', 'ca', 'thal']"
3905,Naive Bayes,73.96811272,73.83006536,81.28676471,77.24489845,"['trestbps', 'restecg', 'thalach', 'oldpeak', 'slope', 'ca']"
3906,Naive Bayes,75.98183166,77.71515894,78.82352941,77.89121645,"['trestbps', 'restecg', 'thalach', 'oldpeak', 'slope', 'thal']"
3907,Naive Bayes,76.92806822,77.39437442,81.875,79.33892308,"['trestbps', 'restecg', 'thalach', 'oldpeak', 'ca', 'thal']"
3908,Naive Bayes,77.23989618,79.25046685,79.33823529,78.84358966,"['trestbps', 'restecg', 'thalach', 'slope', 'ca', 'thal']"
3909,Naive Bayes,75.93659622,77.11721706,80.07352941,78.44968593,"['trestbps', 'restecg', 'exang', 'oldpeak', 'slope', 'ca']"
3910,Naive Bayes,78.57174638,80.64912281,80.07352941,79.97585916,"['trestbps', 'restecg', 'exang', 'oldpeak', 'slope', 'thal']"
3911,Naive Bayes,76.30441231,79.43837535,77.05882353,78.00138961,"['trestbps', 'restecg', 'exang', 'oldpeak', 'ca', 'thal']"
3912,Naive Bayes,79.25139043,82.90640985,78.78676471,80.32500847,"['trestbps', 'restecg', 'exang', 'slope', 'ca', 'thal']"
3913,Naive Bayes,78.54022989,78.96078431,83.01470588,80.69232044,"['trestbps', 'restecg', 'oldpeak', 'slope', 'ca', 'thal']"
3914,Naive Bayes,76.95884316,78.02038184,80.77205882,79.23984594,"['trestbps', 'thalach', 'exang', 'oldpeak', 'slope', 'ca']"
3915,Naive Bayes,79.58324064,81.7702037,80.73529412,80.99558474,"['trestbps', 'thalach', 'exang', 'oldpeak', 'slope', 'thal']"
3916,Naive Bayes,79.52873563,81.13476092,81.875,81.39572193,"['trestbps', 'thalach', 'exang', 'oldpeak', 'ca', 'thal']"
3917,Naive Bayes,79.90656285,82.47498034,80.66176471,81.39139258,"['trestbps', 'thalach', 'exang', 'slope', 'ca', 'thal']"
3918,Naive Bayes,79.90730441,80.69475158,83.125,81.72525608,"['trestbps', 'thalach', 'oldpeak', 'slope', 'ca', 'thal']"
3919,Naive Bayes,78.55098257,81.05977566,79.41176471,80.05623393,"['trestbps', 'exang', 'oldpeak', 'slope', 'ca', 'thal']"
3920,Naive Bayes,76.93659622,78.5270775,79.55882353,78.80542584,"['chol', 'fbs', 'restecg', 'thalach', 'exang', 'oldpeak']"
3921,Naive Bayes,72.67779014,73.7994496,77.68382353,75.55776365,"['chol', 'fbs', 'restecg', 'thalach', 'exang', 'slope']"
3922,Naive Bayes,74.68001483,76.74509804,77.09558824,76.82391241,"['chol', 'fbs', 'restecg', 'thalach', 'exang', 'ca']"
3923,Naive Bayes,74.00037078,75.74906015,77.61029412,76.52575053,"['chol', 'fbs', 'restecg', 'thalach', 'exang', 'thal']"
3924,Naive Bayes,74.68001483,75.34677353,80.73529412,77.47509353,"['chol', 'fbs', 'restecg', 'thalach', 'oldpeak', 'slope']"
3925,Naive Bayes,74.65776789,74.4515701,81.98529412,77.86116674,"['chol', 'fbs', 'restecg', 'thalach', 'oldpeak', 'ca']"
3926,Naive Bayes,76.31442343,77.29541992,80.11029412,78.50909781,"['chol', 'fbs', 'restecg', 'thalach', 'oldpeak', 'thal']"
3927,Naive Bayes,73.27994067,73.82761438,79.44852941,76.37535835,"['chol', 'fbs', 'restecg', 'thalach', 'slope', 'ca']"
3928,Naive Bayes,75.2814238,77.825769,76.875,76.99116753,"['chol', 'fbs', 'restecg', 'thalach', 'slope', 'thal']"
3929,Naive Bayes,78.87430478,81.34967935,79.375,80.16187012,"['chol', 'fbs', 'restecg', 'thalach', 'ca', 'thal']"
3930,Naive Bayes,74.94660734,75.66838665,79.48529412,77.23344935,"['chol', 'fbs', 'restecg', 'exang', 'oldpeak', 'slope']"
3931,Naive Bayes,73.93511309,76.32773109,76.47058824,76.17176714,"['chol', 'fbs', 'restecg', 'exang', 'oldpeak', 'ca']"
3932,Naive Bayes,74.93585465,76.15812481,78.89705882,77.1694989,"['chol', 'fbs', 'restecg', 'exang', 'oldpeak', 'thal']"
3933,Naive Bayes,73.30144605,74.77592879,77.61029412,76.01413168,"['chol', 'fbs', 'restecg', 'exang', 'slope', 'ca']"
3934,Naive Bayes,75.91434928,78.42817829,77.57352941,77.59647778,"['chol', 'fbs', 'restecg', 'exang', 'slope', 'thal']"
3935,Naive Bayes,76.93807935,78.98448941,79.44852941,78.97106501,"['chol', 'fbs', 'restecg', 'exang', 'ca', 'thal']"
3936,Naive Bayes,72.62476826,71.82577165,83.67647059,76.97974253,"['chol', 'fbs', 'restecg', 'oldpeak', 'slope', 'ca']"
3937,Naive Bayes,77.60622914,77.84535481,82.38970588,79.78838476,"['chol', 'fbs', 'restecg', 'oldpeak', 'slope', 'thal']"
3938,Naive Bayes,78.25064887,77.47715546,85.55147059,81.09316681,"['chol', 'fbs', 'restecg', 'oldpeak', 'ca', 'thal']"
3939,Naive Bayes,79.18539118,80.33416119,82.38970588,80.9197444,"['chol', 'fbs', 'restecg', 'slope', 'ca', 'thal']"
3940,Naive Bayes,76.63626251,78.02458352,79.55882353,78.5845169,"['chol', 'fbs', 'thalach', 'exang', 'oldpeak', 'slope']"
3941,Naive Bayes,76.92584353,79.18744164,78.89705882,78.88708445,"['chol', 'fbs', 'thalach', 'exang', 'oldpeak', 'ca']"
3942,Naive Bayes,78.58249907,80.768324,80.11029412,80.26591546,"['chol', 'fbs', 'thalach', 'exang', 'oldpeak', 'thal']"
3943,Naive Bayes,75.32591769,77.51073763,77.68382353,77.3268607,"['chol', 'fbs', 'thalach', 'exang', 'slope', 'ca']"
3944,Naive Bayes,75.32517612,79.1256913,74.59558824,76.58959078,"['chol', 'fbs', 'thalach', 'exang', 'slope', 'thal']"
3945,Naive Bayes,77.96032629,79.97007838,80.07352941,79.78863252,"['chol', 'fbs', 'thalach', 'exang', 'ca', 'thal']"
3946,Naive Bayes,73.6240267,74.01159762,80.07352941,76.7588615,"['chol', 'fbs', 'thalach', 'oldpeak', 'slope', 'ca']"
3947,Naive Bayes,75.63700408,77.63501986,78.19852941,77.64033263,"['chol', 'fbs', 'thalach', 'oldpeak', 'slope', 'thal']"
3948,Naive Bayes,78.60622914,78.5752064,83.71323529,80.95338893,"['chol', 'fbs', 'thalach', 'oldpeak', 'ca', 'thal']"
3949,Naive Bayes,77.53948832,80.02234612,78.71323529,78.85478533,"['chol', 'fbs', 'thalach', 'slope', 'ca', 'thal']"
3950,Naive Bayes,76.25917686,77.97550862,79.48529412,78.44960927,"['chol', 'fbs', 'exang', 'oldpeak', 'slope', 'ca']"
3951,Naive Bayes,78.2269188,80.46452528,79.48529412,79.62232381,"['chol', 'fbs', 'exang', 'oldpeak', 'slope', 'thal']"
3952,Naive Bayes,76.27141268,79.07761438,77.64705882,78.16883254,"['chol', 'fbs', 'exang', 'oldpeak', 'ca', 'thal']"
3953,Naive Bayes,77.89432703,82.00526439,76.94852941,79.07234037,"['chol', 'fbs', 'exang', 'slope', 'ca', 'thal']"
3954,Naive Bayes,78.55024101,78.45700034,84.22794118,81.02199362,"['chol', 'fbs', 'oldpeak', 'slope', 'ca', 'thal']"
3955,Naive Bayes,77.63700408,78.69795813,80.77205882,79.53044678,"['chol', 'restecg', 'thalach', 'exang', 'oldpeak', 'slope']"
3956,Naive Bayes,76.91509084,79.18744164,78.89705882,78.87384279,"['chol', 'restecg', 'thalach', 'exang', 'oldpeak', 'ca']"
3957,Naive Bayes,78.91583241,80.44457344,81.36029412,80.70049163,"['chol', 'restecg', 'thalach', 'exang', 'oldpeak', 'thal']"
3958,Naive Bayes,74.9810901,77.37535014,77.05882353,77.01612903,"['chol', 'restecg', 'thalach', 'exang', 'slope', 'ca']"
3959,Naive Bayes,76.30367075,79.1372927,77.02205882,77.83386604,"['chol', 'restecg', 'thalach', 'exang', 'slope', 'thal']"
3960,Naive Bayes,78.61698183,80.33776844,81.28676471,80.54311246,"['chol', 'restecg', 'thalach', 'exang', 'ca', 'thal']"
3961,Naive Bayes,73.96885428,74.28954796,80.11029412,76.8826813,"['chol', 'restecg', 'thalach', 'oldpeak', 'slope', 'ca']"
3962,Naive Bayes,75.64849833,77.03691922,79.41176471,77.84962406,"['chol', 'restecg', 'thalach', 'oldpeak', 'slope', 'thal']"
3963,Naive Bayes,78.91731554,79.64624183,83.16176471,81.15812652,"['chol', 'restecg', 'thalach', 'oldpeak', 'ca', 'thal']"
3964,Naive Bayes,78.20615499,79.83409362,80.58823529,79.88102597,"['chol', 'restecg', 'thalach', 'slope', 'ca', 'thal']"
3965,Naive Bayes,75.28068224,77.73815052,77.64705882,77.44336082,"['chol', 'restecg', 'exang', 'oldpeak', 'slope', 'ca']"
3966,Naive Bayes,78.24916574,80.85714286,78.89705882,79.49326828,"['chol', 'restecg', 'exang', 'oldpeak', 'slope', 'thal']"
3967,Naive Bayes,75.62625139,77.98447712,77.68382353,77.64485462,"['chol', 'restecg', 'exang', 'oldpeak', 'ca', 'thal']"
3968,Naive Bayes,77.96106785,82.07341437,77.02205882,78.91456232,"['chol', 'restecg', 'exang', 'slope', 'ca', 'thal']"
3969,Naive Bayes,77.90656285,78.71984496,81.80147059,79.96773919,"['chol', 'restecg', 'oldpeak', 'slope', 'ca', 'thal']"
3970,Naive Bayes,76.65850945,77.7369281,80.18382353,78.80557678,"['chol', 'thalach', 'exang', 'oldpeak', 'slope', 'ca']"
3971,Naive Bayes,79.25991843,80.87151089,81.39705882,80.8874541,"['chol', 'thalach', 'exang', 'oldpeak', 'slope', 'thal']"
3972,Naive Bayes,78.88357434,80.86846405,80.69852941,80.6684492,"['chol', 'thalach', 'exang', 'oldpeak', 'ca', 'thal']"
3973,Naive Bayes,78.92806822,80.68459752,81.25,80.80594032,"['chol', 'thalach', 'exang', 'slope', 'ca', 'thal']"
3974,Naive Bayes,79.90656285,79.66494668,84.96323529,82.10096766,"['chol', 'thalach', 'oldpeak', 'slope', 'ca', 'thal']"
3975,Naive Bayes,78.5839822,80.81685218,80.07352941,80.21630236,"['chol', 'exang', 'oldpeak', 'slope', 'ca', 'thal']"
3976,Naive Bayes,76.61401557,78.05562927,79.52205882,78.57760959,"['fbs', 'restecg', 'thalach', 'exang', 'oldpeak', 'slope']"
3977,Naive Bayes,76.90433815,79.11391223,78.86029412,78.83138035,"['fbs', 'restecg', 'thalach', 'exang', 'oldpeak', 'ca']"
3978,Naive Bayes,78.24916574,79.8129085,80.73529412,80.09920566,"['fbs', 'restecg', 'thalach', 'exang', 'oldpeak', 'thal']"
3979,Naive Bayes,75.62625139,77.9799253,77.64705882,77.59978067,"['fbs', 'restecg', 'thalach', 'exang', 'slope', 'ca']"
3980,Naive Bayes,75.9810901,79.48796955,75.84558824,77.31685119,"['fbs', 'restecg', 'thalach', 'exang', 'slope', 'thal']"
3981,Naive Bayes,78.61698183,80.37367315,81.28676471,80.53581257,"['fbs', 'restecg', 'thalach', 'exang', 'ca', 'thal']"
3982,Naive Bayes,73.94660734,74.1896162,80.66176471,77.07787035,"['fbs', 'restecg', 'thalach', 'oldpeak', 'slope', 'ca']"
3983,Naive Bayes,77.30515387,78.86109363,80.03676471,79.11649547,"['fbs', 'restecg', 'thalach', 'oldpeak', 'slope', 'thal']"
3984,Naive Bayes,77.62773452,78.0244668,82.57352941,80.0422184,"['fbs', 'restecg', 'thalach', 'oldpeak', 'ca', 'thal']"
3985,Naive Bayes,77.56173526,79.34430155,80,79.27704315,"['fbs', 'restecg', 'thalach', 'slope', 'ca', 'thal']"
3986,Naive Bayes,76.59325176,78.09278097,80.03676471,78.8454195,"['fbs', 'restecg', 'exang', 'oldpeak', 'slope', 'ca']"
3987,Naive Bayes,78.2269188,80.75739689,79.44852941,79.6106554,"['fbs', 'restecg', 'exang', 'oldpeak', 'slope', 'thal']"
3988,Naive Bayes,75.94883204,79.18796236,77.09558824,77.79230792,"['fbs', 'restecg', 'exang', 'oldpeak', 'ca', 'thal']"
3989,Naive Bayes,78.27289581,82.17572142,77.57352941,79.27607511,"['fbs', 'restecg', 'exang', 'slope', 'ca', 'thal']"
3990,Naive Bayes,77.89506859,78.7657133,81.80147059,79.95808621,"['fbs', 'restecg', 'oldpeak', 'slope', 'ca', 'thal']"
3991,Naive Bayes,76.63774564,77.79820261,80.11029412,78.7977782,"['fbs', 'thalach', 'exang', 'oldpeak', 'slope', 'ca']"
3992,Naive Bayes,78.25991843,80.53518459,79.52205882,79.75183136,"['fbs', 'thalach', 'exang', 'oldpeak', 'slope', 'thal']"
3993,Naive Bayes,78.1954023,80.30800654,80,80.07148094,"['fbs', 'thalach', 'exang', 'oldpeak', 'ca', 'thal']"
3994,Naive Bayes,78.89506859,80.97871517,80.625,80.67168568,"['fbs', 'thalach', 'exang', 'slope', 'ca', 'thal']"
3995,Naive Bayes,78.26140156,79.13466264,81.91176471,80.32003623,"['fbs', 'thalach', 'oldpeak', 'slope', 'ca', 'thal']"
3996,Naive Bayes,77.57248795,79.56685218,79.44852941,79.288883,"['fbs', 'exang', 'oldpeak', 'slope', 'ca', 'thal']"
3997,Naive Bayes,77.96032629,78.30495356,82.57352941,80.25040319,"['restecg', 'thalach', 'exang', 'oldpeak', 'slope', 'ca']"
3998,Naive Bayes,79.25991843,81.31770603,80.80882353,80.72353311,"['restecg', 'thalach', 'exang', 'oldpeak', 'slope', 'thal']"
3999,Naive Bayes,78.55098257,80.62070003,80.625,80.48952968,"['restecg', 'thalach', 'exang', 'oldpeak', 'ca', 'thal']"
4000,Naive Bayes,78.91731554,81.35079734,80.03676471,80.51661779,"['restecg', 'thalach', 'exang', 'slope', 'ca', 'thal']"
4001,Naive Bayes,78.27289581,79.71727726,81.32352941,80.12383438,"['restecg', 'thalach', 'oldpeak', 'slope', 'ca', 'thal']"
4002,Naive Bayes,78.90656285,80.52833677,81.28676471,80.71727987,"['restecg', 'exang', 'oldpeak', 'slope', 'ca', 'thal']"
4003,Naive Bayes,80.20615499,82.57551354,81.28676471,81.76324166,"['thalach', 'exang', 'oldpeak', 'slope', 'ca', 'thal']"
4004,Naive Bayes,71.53281424,74.44189471,73.19852941,73.57098406,"['age', 'sex', 'cp', 'trestbps', 'chol', 'fbs', 'restecg']"
4005,Naive Bayes,74.93437152,75.63464421,80.625,77.62615764,"['age', 'sex', 'cp', 'trestbps', 'chol', 'fbs', 'thalach']"
4006,Naive Bayes,75.91286615,76.72688934,81.25,78.62319557,"['age', 'sex', 'cp', 'trestbps', 'chol', 'fbs', 'exang']"
4007,Naive Bayes,77.53726363,77.75478413,83.125,80.03025389,"['age', 'sex', 'cp', 'trestbps', 'chol', 'fbs', 'oldpeak']"
4008,Naive Bayes,76.84909158,77.97347536,80.51470588,79.07508673,"['age', 'sex', 'cp', 'trestbps', 'chol', 'fbs', 'slope']"
4009,Naive Bayes,75.84835002,76.676637,81.80147059,78.85017133,"['age', 'sex', 'cp', 'trestbps', 'chol', 'fbs', 'ca']"
4010,Naive Bayes,77.14794216,80.88515406,76.25,78.22650879,"['age', 'sex', 'cp', 'trestbps', 'chol', 'fbs', 'thal']"
4011,Naive Bayes,76.94660734,76.80113888,83.16176471,79.63251309,"['age', 'sex', 'cp', 'trestbps', 'chol', 'restecg', 'thalach']"
4012,Naive Bayes,75.90137189,77.17690058,81.25,78.72161973,"['age', 'sex', 'cp', 'trestbps', 'chol', 'restecg', 'exang']"
4013,Naive Bayes,79.20541342,79.3569203,84.96323529,81.5268844,"['age', 'sex', 'cp', 'trestbps', 'chol', 'restecg', 'oldpeak']"
4014,Naive Bayes,76.77159807,78.39271586,79.88970588,79.01302809,"['age', 'sex', 'cp', 'trestbps', 'chol', 'restecg', 'slope']"
4015,Naive Bayes,76.51427512,77.76192826,81.83823529,79.38192295,"['age', 'sex', 'cp', 'trestbps', 'chol', 'restecg', 'ca']"
4016,Naive Bayes,76.49202818,79.7264239,76.91176471,77.9464118,"['age', 'sex', 'cp', 'trestbps', 'chol', 'restecg', 'thal']"
4017,Naive Bayes,77.56952169,77.92302306,83.08823529,80.09664882,"['age', 'sex', 'cp', 'trestbps', 'chol', 'thalach', 'exang']"
4018,Naive Bayes,76.90285502,76.0733088,84.96323529,80.03153245,"['age', 'sex', 'cp', 'trestbps', 'chol', 'thalach', 'oldpeak']"
4019,Naive Bayes,76.20318873,76.91237899,81.13970588,78.83066155,"['age', 'sex', 'cp', 'trestbps', 'chol', 'thalach', 'slope']"
4020,Naive Bayes,78.11716722,77.25983519,85.99264706,81.21485783,"['age', 'sex', 'cp', 'trestbps', 'chol', 'thalach', 'ca']"
4021,Naive Bayes,76.86985539,79.41040195,78.71323529,78.6571384,"['age', 'sex', 'cp', 'trestbps', 'chol', 'thalach', 'thal']"
4022,Naive Bayes,78.90359659,79.00202098,83.78676471,81.09237303,"['age', 'sex', 'cp', 'trestbps', 'chol', 'exang', 'oldpeak']"
4023,Naive Bayes,76.59176863,77.15197921,81.80147059,79.22061084,"['age', 'sex', 'cp', 'trestbps', 'chol', 'exang', 'slope']"
4024,Naive Bayes,77.85984427,79.28853383,81.25,80.06471225,"['age', 'sex', 'cp', 'trestbps', 'chol', 'exang', 'ca']"
4025,Naive Bayes,77.54727475,80.0472037,79.33823529,79.3403207,"['age', 'sex', 'cp', 'trestbps', 'chol', 'exang', 'thal']"
4026,Naive Bayes,77.91434928,77.28991597,84.88970588,80.81320726,"['age', 'sex', 'cp', 'trestbps', 'chol', 'oldpeak', 'slope']"
4027,Naive Bayes,80.18464961,79.99856928,86.10294118,82.68633876,"['age', 'sex', 'cp', 'trestbps', 'chol', 'oldpeak', 'ca']"
4028,Naive Bayes,79.52799407,82.13358623,80.625,81.034801,"['age', 'sex', 'cp', 'trestbps', 'chol', 'oldpeak', 'thal']"
4029,Naive Bayes,77.11568409,77.58260234,82.94117647,79.97425028,"['age', 'sex', 'cp', 'trestbps', 'chol', 'slope', 'ca']"
4030,Naive Bayes,77.51575825,82.06822675,76.21323529,78.36447859,"['age', 'sex', 'cp', 'trestbps', 'chol', 'slope', 'thal']"
4031,Naive Bayes,76.83685577,79.8721091,78.08823529,78.53247851,"['age', 'sex', 'cp', 'trestbps', 'chol', 'ca', 'thal']"
4032,Naive Bayes,76.56952169,76.85816256,82.46323529,79.32585393,"['age', 'sex', 'cp', 'trestbps', 'fbs', 'restecg', 'thalach']"
4033,Naive Bayes,74.85613645,75.72222222,80.58823529,77.77552163,"['age', 'sex', 'cp', 'trestbps', 'fbs', 'restecg', 'exang']"
4034,Naive Bayes,78.51575825,78.86396805,83.71323529,80.83424823,"['age', 'sex', 'cp', 'trestbps', 'fbs', 'restecg', 'oldpeak']"
4035,Naive Bayes,75.72636263,77.24845816,79.19117647,78.01422259,"['age', 'sex', 'cp', 'trestbps', 'fbs', 'restecg', 'slope']"
4036,Naive Bayes,76.46978124,77.42540844,82.38970588,79.51137484,"['age', 'sex', 'cp', 'trestbps', 'fbs', 'restecg', 'ca']"
4037,Naive Bayes,77.45977011,80.66816173,78.05147059,78.93019477,"['age', 'sex', 'cp', 'trestbps', 'fbs', 'restecg', 'thal']"
4038,Naive Bayes,75.26770486,75.78382088,81.25,78.17547225,"['age', 'sex', 'cp', 'trestbps', 'fbs', 'thalach', 'exang']"
4039,Naive Bayes,77.54727475,77.63872918,83.71323529,80.33741746,"['age', 'sex', 'cp', 'trestbps', 'fbs', 'thalach', 'oldpeak']"
4040,Naive Bayes,75.83685577,76.36421937,81.10294118,78.55884745,"['age', 'sex', 'cp', 'trestbps', 'fbs', 'thalach', 'slope']"
4041,Naive Bayes,77.80533927,77.56768146,84.19117647,80.64122316,"['age', 'sex', 'cp', 'trestbps', 'fbs', 'thalach', 'ca']"
4042,Naive Bayes,78.84983315,82.38713986,79.26470588,80.2749908,"['age', 'sex', 'cp', 'trestbps', 'fbs', 'thalach', 'thal']"
4043,Naive Bayes,79.84983315,79.98391813,84.30147059,81.87631539,"['age', 'sex', 'cp', 'trestbps', 'fbs', 'exang', 'oldpeak']"
4044,Naive Bayes,76.558769,76.65584304,82.38970588,79.26358018,"['age', 'sex', 'cp', 'trestbps', 'fbs', 'exang', 'slope']"
4045,Naive Bayes,78.5272525,79.52997076,82.46323529,80.80101537,"['age', 'sex', 'cp', 'trestbps', 'fbs', 'exang', 'ca']"
4046,Naive Bayes,77.22617723,79.22347536,79.92647059,79.16976247,"['age', 'sex', 'cp', 'trestbps', 'fbs', 'exang', 'thal']"
4047,Naive Bayes,79.24842418,78.29245295,86.13970588,81.9222918,"['age', 'sex', 'cp', 'trestbps', 'fbs', 'oldpeak', 'slope']"
4048,Naive Bayes,81.47497219,80.64625412,87.86764706,83.93489799,"['age', 'sex', 'cp', 'trestbps', 'fbs', 'oldpeak', 'ca']"
4049,Naive Bayes,79.19466073,82.00498276,80,80.54121266,"['age', 'sex', 'cp', 'trestbps', 'fbs', 'oldpeak', 'thal']"
4050,Naive Bayes,79.08490916,79.16502039,85.36764706,81.96464117,"['age', 'sex', 'cp', 'trestbps', 'fbs', 'slope', 'ca']"
4051,Naive Bayes,79.85131628,83.29605594,79.85294118,81.03832784,"['age', 'sex', 'cp', 'trestbps', 'fbs', 'slope', 'thal']"
4052,Naive Bayes,76.48127549,79.09351433,79.30147059,78.69447128,"['age', 'sex', 'cp', 'trestbps', 'fbs', 'ca', 'thal']"
4053,Naive Bayes,76.29069336,76.68128891,82.5,79.19810082,"['age', 'sex', 'cp', 'trestbps', 'restecg', 'thalach', 'exang']"
4054,Naive Bayes,78.1931776,76.73669468,87.27941176,81.39147026,"['age', 'sex', 'cp', 'trestbps', 'restecg', 'thalach', 'oldpeak']"
4055,Naive Bayes,75.88060808,76.97791046,79.92647059,78.24799427,"['age', 'sex', 'cp', 'trestbps', 'restecg', 'thalach', 'slope']"
4056,Naive Bayes,77.16017798,76.73042343,84.22794118,80.12989051,"['age', 'sex', 'cp', 'trestbps', 'restecg', 'thalach', 'ca']"
4057,Naive Bayes,77.84835002,80.54994197,79.30147059,79.52977471,"['age', 'sex', 'cp', 'trestbps', 'restecg', 'thalach', 'thal']"
4058,Naive Bayes,79.25991843,79.00672023,85,81.59623685,"['age', 'sex', 'cp', 'trestbps', 'restecg', 'exang', 'oldpeak']"
4059,Naive Bayes,77.91509084,78.12689198,83.05147059,80.40195235,"['age', 'sex', 'cp', 'trestbps', 'restecg', 'exang', 'slope']"
4060,Naive Bayes,78.86058584,80.72852474,81.91176471,81.01253397,"['age', 'sex', 'cp', 'trestbps', 'restecg', 'exang', 'ca']"
4061,Naive Bayes,77.53726363,80.14893852,78.75,79.1416794,"['age', 'sex', 'cp', 'trestbps', 'restecg', 'exang', 'thal']"
4062,Naive Bayes,79.53874676,79.72211779,84.85294118,81.95551443,"['age', 'sex', 'cp', 'trestbps', 'restecg', 'oldpeak', 'slope']"
4063,Naive Bayes,80.80830552,80.5498366,87.31617647,83.45894844,"['age', 'sex', 'cp', 'trestbps', 'restecg', 'oldpeak', 'ca']"
4064,Naive Bayes,79.50574713,82.03823898,80.58823529,81.00697849,"['age', 'sex', 'cp', 'trestbps', 'restecg', 'oldpeak', 'thal']"
4065,Naive Bayes,79.77456433,80.14195415,85.36764706,82.42577289,"['age', 'sex', 'cp', 'trestbps', 'restecg', 'slope', 'ca']"
4066,Naive Bayes,80.51872451,84.10706536,80.44117647,81.60744808,"['age', 'sex', 'cp', 'trestbps', 'restecg', 'slope', 'thal']"
4067,Naive Bayes,78.14942529,80.31467148,80.55147059,80.06686729,"['age', 'sex', 'cp', 'trestbps', 'restecg', 'ca', 'thal']"
4068,Naive Bayes,79.59325176,78.84275026,85.625,81.96023372,"['age', 'sex', 'cp', 'trestbps', 'thalach', 'exang', 'oldpeak']"
4069,Naive Bayes,75.64627364,75.67948056,81.91176471,78.60922362,"['age', 'sex', 'cp', 'trestbps', 'thalach', 'exang', 'slope']"
4070,Naive Bayes,78.8613274,80.44689542,81.83823529,80.90629156,"['age', 'sex', 'cp', 'trestbps', 'thalach', 'exang', 'ca']"
4071,Naive Bayes,79.84983315,81.71664692,82.35294118,81.58060282,"['age', 'sex', 'cp', 'trestbps', 'thalach', 'exang', 'thal']"
4072,Naive Bayes,78.59325176,77.26380289,86.72794118,81.62512648,"['age', 'sex', 'cp', 'trestbps', 'thalach', 'oldpeak', 'slope']"
4073,Naive Bayes,80.79755284,79.66944992,87.86764706,83.42868758,"['age', 'sex', 'cp', 'trestbps', 'thalach', 'oldpeak', 'ca']"
4074,Naive Bayes,82.14163886,83.08531746,84.81617647,83.61664522,"['age', 'sex', 'cp', 'trestbps', 'thalach', 'oldpeak', 'thal']"
4075,Naive Bayes,76.8383389,77.1001462,82.97794118,79.77098821,"['age', 'sex', 'cp', 'trestbps', 'thalach', 'slope', 'ca']"
4076,Naive Bayes,80.50723026,83.48678918,81.10294118,81.95583337,"['age', 'sex', 'cp', 'trestbps', 'thalach', 'slope', 'thal']"
4077,Naive Bayes,80.09566185,80.96708572,84.08088235,82.06715043,"['age', 'sex', 'cp', 'trestbps', 'thalach', 'ca', 'thal']"
4078,Naive Bayes,79.26065999,79.30495356,83.75,81.29354401,"['age', 'sex', 'cp', 'trestbps', 'exang', 'oldpeak', 'slope']"
4079,Naive Bayes,79.83908046,80.14275886,84.33823529,82.02745947,"['age', 'sex', 'cp', 'trestbps', 'exang', 'oldpeak', 'ca']"
4080,Naive Bayes,80.81757508,81.32189542,84.85294118,82.70449922,"['age', 'sex', 'cp', 'trestbps', 'exang', 'oldpeak', 'thal']"
4081,Naive Bayes,77.22617723,78.58066735,80.625,79.45719877,"['age', 'sex', 'cp', 'trestbps', 'exang', 'slope', 'ca']"
4082,Naive Bayes,79.17241379,81.15582461,81.13970588,80.89052678,"['age', 'sex', 'cp', 'trestbps', 'exang', 'slope', 'thal']"
4083,Naive Bayes,78.87208009,81.0411124,81.80147059,80.90333233,"['age', 'sex', 'cp', 'trestbps', 'exang', 'ca', 'thal']"
4084,Naive Bayes,79.18464961,78.27395081,86.02941176,81.88415641,"['age', 'sex', 'cp', 'trestbps', 'oldpeak', 'slope', 'ca']"
4085,Naive Bayes,81.23136819,82.79910561,83.01470588,82.77624236,"['age', 'sex', 'cp', 'trestbps', 'oldpeak', 'slope', 'thal']"
4086,Naive Bayes,80.16314423,80.08994355,85.44117647,82.43269874,"['age', 'sex', 'cp', 'trestbps', 'oldpeak', 'ca', 'thal']"
4087,Naive Bayes,81.11939192,82.9653501,82.86764706,82.54116296,"['age', 'sex', 'cp', 'trestbps', 'slope', 'ca', 'thal']"
4088,Naive Bayes,75.27919911,75.20083185,82.46323529,78.24726431,"['age', 'sex', 'cp', 'chol', 'fbs', 'restecg', 'thalach']"
4089,Naive Bayes,75.96811272,77.5515873,80.03676471,78.34553748,"['age', 'sex', 'cp', 'chol', 'fbs', 'restecg', 'exang']"
4090,Naive Bayes,78.20541342,78.80261788,83.67647059,80.62092381,"['age', 'sex', 'cp', 'chol', 'fbs', 'restecg', 'oldpeak']"
4091,Naive Bayes,75.81460882,77.90484176,78.125,77.90318679,"['age', 'sex', 'cp', 'chol', 'fbs', 'restecg', 'slope']"
4092,Naive Bayes,75.86985539,76.77435517,81.83823529,78.89559976,"['age', 'sex', 'cp', 'chol', 'fbs', 'restecg', 'ca']"
4093,Naive Bayes,77.82758621,80.81071504,78.08823529,79.06527496,"['age', 'sex', 'cp', 'chol', 'fbs', 'restecg', 'thal']"
4094,Naive Bayes,76.61327401,77.999957,80.66176471,79.00895624,"['age', 'sex', 'cp', 'chol', 'fbs', 'thalach', 'exang']"
4095,Naive Bayes,78.22617723,77.38315039,85.51470588,81.03764803,"['age', 'sex', 'cp', 'chol', 'fbs', 'thalach', 'oldpeak']"
4096,Naive Bayes,76.19243604,76.82018661,81.10294118,78.72131953,"['age', 'sex', 'cp', 'chol', 'fbs', 'thalach', 'slope']"
4097,Naive Bayes,77.85057471,76.84193326,85.40441176,80.8000273,"['age', 'sex', 'cp', 'chol', 'fbs', 'thalach', 'ca']"
4098,Naive Bayes,77.88283278,80.2192089,79.92647059,79.48963732,"['age', 'sex', 'cp', 'chol', 'fbs', 'thalach', 'thal']"
4099,Naive Bayes,78.92658509,80.0629945,81.94852941,80.82119617,"['age', 'sex', 'cp', 'chol', 'fbs', 'exang', 'oldpeak']"
4100,Naive Bayes,75.27994067,76.32729354,79.96323529,77.85672569,"['age', 'sex', 'cp', 'chol', 'fbs', 'exang', 'slope']"
4101,Naive Bayes,76.92584353,78.65478884,80.03676471,79.16999245,"['age', 'sex', 'cp', 'chol', 'fbs', 'exang', 'ca']"
4102,Naive Bayes,76.91360771,79.58309471,78.75,78.85689114,"['age', 'sex', 'cp', 'chol', 'fbs', 'exang', 'thal']"
4103,Naive Bayes,77.91509084,77.64184023,84.26470588,80.64361632,"['age', 'sex', 'cp', 'chol', 'fbs', 'oldpeak', 'slope']"
4104,Naive Bayes,80.53021876,80.63569519,86.06617647,82.97276468,"['age', 'sex', 'cp', 'chol', 'fbs', 'oldpeak', 'ca']"
4105,Naive Bayes,79.87282165,82.68350032,80.625,81.25853406,"['age', 'sex', 'cp', 'chol', 'fbs', 'oldpeak', 'thal']"
4106,Naive Bayes,77.81757508,77.23700182,84.77941176,80.6708586,"['age', 'sex', 'cp', 'chol', 'fbs', 'slope', 'ca']"
4107,Naive Bayes,78.8068224,82.14297553,78.60294118,79.73272612,"['age', 'sex', 'cp', 'chol', 'fbs', 'slope', 'thal']"
4108,Naive Bayes,78.51575825,80.48445728,81.17647059,80.49861956,"['age', 'sex', 'cp', 'chol', 'fbs', 'ca', 'thal']"
4109,Naive Bayes,75.99035966,77.44375645,80.69852941,78.58711882,"['age', 'sex', 'cp', 'chol', 'restecg', 'thalach', 'exang']"
4110,Naive Bayes,77.57100482,76.7929628,85.51470588,80.56559233,"['age', 'sex', 'cp', 'chol', 'restecg', 'thalach', 'oldpeak']"
4111,Naive Bayes,75.53652206,76.88611706,79.30147059,77.85482386,"['age', 'sex', 'cp', 'chol', 'restecg', 'thalach', 'slope']"
4112,Naive Bayes,76.86058584,76.09727644,84.85294118,80.06990395,"['age', 'sex', 'cp', 'chol', 'restecg', 'thalach', 'ca']"
4113,Naive Bayes,78.50500556,80.20992432,81.17647059,80.28865224,"['age', 'sex', 'cp', 'chol', 'restecg', 'thalach', 'thal']"
4114,Naive Bayes,79.28216537,79.74191606,83.19852941,81.29439351,"['age', 'sex', 'cp', 'chol', 'restecg', 'exang', 'oldpeak']"
4115,Naive Bayes,76.30292918,76.69908841,81.83823529,79.06084137,"['age', 'sex', 'cp', 'chol', 'restecg', 'exang', 'slope']"
4116,Naive Bayes,77.61475714,79.08900929,80.73529412,79.75916833,"['age', 'sex', 'cp', 'chol', 'restecg', 'exang', 'ca']"
4117,Naive Bayes,78.54801631,80.32301956,81.25,80.59447415,"['age', 'sex', 'cp', 'chol', 'restecg', 'exang', 'thal']"
4118,Naive Bayes,78.23767149,77.64184023,85.44117647,81.15222241,"['age', 'sex', 'cp', 'chol', 'restecg', 'oldpeak', 'slope']"
4119,Naive Bayes,81.18613274,80.65068201,87.90441176,83.8422087,"['age', 'sex', 'cp', 'chol', 'restecg', 'oldpeak', 'ca']"
4120,Naive Bayes,80.495736,82.8059057,81.875,82.08045897,"['age', 'sex', 'cp', 'chol', 'restecg', 'oldpeak', 'thal']"
4121,Naive Bayes,78.48498331,78.07711681,85.40441176,81.43850669,"['age', 'sex', 'cp', 'chol', 'restecg', 'slope', 'ca']"
4122,Naive Bayes,80.49647757,83.55933575,80.47794118,81.61479627,"['age', 'sex', 'cp', 'chol', 'restecg', 'slope', 'thal']"
4123,Naive Bayes,79.8068224,81.45402722,83.01470588,81.90934814,"['age', 'sex', 'cp', 'chol', 'restecg', 'ca', 'thal']"
4124,Naive Bayes,79.93807935,80.23327313,83.82352941,81.86179017,"['age', 'sex', 'cp', 'chol', 'thalach', 'exang', 'oldpeak']"
4125,Naive Bayes,74.66777901,75.39637083,80.07352941,77.58199575,"['age', 'sex', 'cp', 'chol', 'thalach', 'exang', 'slope']"
4126,Naive Bayes,78.58324064,79.9623753,81.875,80.74318134,"['age', 'sex', 'cp', 'chol', 'thalach', 'exang', 'ca']"
4127,Naive Bayes,78.61475714,80.134235,81.875,80.78444854,"['age', 'sex', 'cp', 'chol', 'thalach', 'exang', 'thal']"
4128,Naive Bayes,76.93733778,76.32610939,84.30147059,79.99914115,"['age', 'sex', 'cp', 'chol', 'thalach', 'oldpeak', 'slope']"
4129,Naive Bayes,79.19614386,78.74055129,86.10294118,82.05288617,"['age', 'sex', 'cp', 'chol', 'thalach', 'oldpeak', 'ca']"
4130,Naive Bayes,81.2183908,83.20941069,83.08823529,82.78914519,"['age', 'sex', 'cp', 'chol', 'thalach', 'oldpeak', 'thal']"
4131,Naive Bayes,79.19614386,79.66744066,84.22794118,81.70452497,"['age', 'sex', 'cp', 'chol', 'thalach', 'slope', 'ca']"
4132,Naive Bayes,80.18539118,83.36610758,79.92647059,81.37014455,"['age', 'sex', 'cp', 'chol', 'thalach', 'slope', 'thal']"
4133,Naive Bayes,80.17315536,80.54973217,84.81617647,82.40331047,"['age', 'sex', 'cp', 'chol', 'thalach', 'ca', 'thal']"
4134,Naive Bayes,78.60474601,79.43256425,81.91176471,80.46220609,"['age', 'sex', 'cp', 'chol', 'exang', 'oldpeak', 'slope']"
4135,Naive Bayes,79.58324064,80.73366013,82.57352941,81.49747475,"['age', 'sex', 'cp', 'chol', 'exang', 'oldpeak', 'ca']"
4136,Naive Bayes,81.51798294,82.88296108,83.63970588,83.03012224,"['age', 'sex', 'cp', 'chol', 'exang', 'oldpeak', 'thal']"
4137,Naive Bayes,77.28216537,79.11807091,80.07352941,79.3523053,"['age', 'sex', 'cp', 'chol', 'exang', 'slope', 'ca']"
4138,Naive Bayes,79.8613274,82.23822424,80.625,81.28733766,"['age', 'sex', 'cp', 'chol', 'exang', 'slope', 'thal']"
4139,Naive Bayes,77.89358547,80.20166461,80,79.79006898,"['age', 'sex', 'cp', 'chol', 'exang', 'ca', 'thal']"
4140,Naive Bayes,78.18390805,77.76552288,84.81617647,81.00703889,"['age', 'sex', 'cp', 'chol', 'oldpeak', 'slope', 'ca']"
4141,Naive Bayes,80.55172414,83.44475867,80.625,81.73862195,"['age', 'sex', 'cp', 'chol', 'oldpeak', 'slope', 'thal']"
4142,Naive Bayes,80.19614386,80.35517716,84.85294118,82.4045084,"['age', 'sex', 'cp', 'chol', 'oldpeak', 'ca', 'thal']"
4143,Naive Bayes,79.81831665,81.25650523,82.35294118,81.57437858,"['age', 'sex', 'cp', 'chol', 'slope', 'ca', 'thal']"
4144,Naive Bayes,75.65702633,76.32364849,81.28676471,78.52155543,"['age', 'sex', 'cp', 'fbs', 'restecg', 'thalach', 'exang']"
4145,Naive Bayes,79.21616611,78.25386436,86.69117647,81.98201175,"['age', 'sex', 'cp', 'fbs', 'restecg', 'thalach', 'oldpeak']"
4146,Naive Bayes,75.53652206,76.06813603,80.51470588,78.0812121,"['age', 'sex', 'cp', 'fbs', 'restecg', 'thalach', 'slope']"
4147,Naive Bayes,77.85057471,77.19494815,84.85294118,80.73155126,"['age', 'sex', 'cp', 'fbs', 'restecg', 'thalach', 'ca']"
4148,Naive Bayes,78.8613274,80.94008305,81.13970588,80.66247176,"['age', 'sex', 'cp', 'fbs', 'restecg', 'thalach', 'thal']"
4149,Naive Bayes,79.58324064,80.000129,83.75,81.60966782,"['age', 'sex', 'cp', 'fbs', 'restecg', 'exang', 'oldpeak']"
4150,Naive Bayes,77.29291806,77.24355005,83.05147059,79.91670757,"['age', 'sex', 'cp', 'fbs', 'restecg', 'exang', 'slope']"
4151,Naive Bayes,78.28216537,79.31940144,81.94852941,80.49640311,"['age', 'sex', 'cp', 'fbs', 'restecg', 'exang', 'ca']"
4152,Naive Bayes,77.21468298,78.67448268,80.58823529,79.39378431,"['age', 'sex', 'cp', 'fbs', 'restecg', 'exang', 'thal']"
4153,Naive Bayes,77.90433815,76.76149264,86.06617647,80.94991524,"['age', 'sex', 'cp', 'fbs', 'restecg', 'oldpeak', 'slope']"
4154,Naive Bayes,81.1868743,80.52521008,88.49264706,84.01411309,"['age', 'sex', 'cp', 'fbs', 'restecg', 'oldpeak', 'ca']"
4155,Naive Bayes,79.82906934,81.51286304,81.80147059,81.4716811,"['age', 'sex', 'cp', 'fbs', 'restecg', 'oldpeak', 'thal']"
4156,Naive Bayes,79.48498331,78.7388508,86.61764706,82.33637046,"['age', 'sex', 'cp', 'fbs', 'restecg', 'slope', 'ca']"
4157,Naive Bayes,79.80756396,82.69316227,80.40441176,80.98444499,"['age', 'sex', 'cp', 'fbs', 'restecg', 'slope', 'thal']"
4158,Naive Bayes,79.47348906,81.45348288,82.38970588,81.48561908,"['age', 'sex', 'cp', 'fbs', 'restecg', 'ca', 'thal']"
4159,Naive Bayes,78.93733778,78.42169763,85,81.44175948,"['age', 'sex', 'cp', 'fbs', 'thalach', 'exang', 'oldpeak']"
4160,Naive Bayes,74.63477938,75.31166151,80.03676471,77.48017973,"['age', 'sex', 'cp', 'fbs', 'thalach', 'exang', 'slope']"
4161,Naive Bayes,78.90582128,80.22626419,82.46323529,81.09750157,"['age', 'sex', 'cp', 'fbs', 'thalach', 'exang', 'ca']"
4162,Naive Bayes,78.92658509,80.2723929,82.42647059,81.06204469,"['age', 'sex', 'cp', 'fbs', 'thalach', 'exang', 'thal']"
4163,Naive Bayes,77.93807935,77.0629085,85.51470588,80.93023755,"['age', 'sex', 'cp', 'fbs', 'thalach', 'oldpeak', 'slope']"
4164,Naive Bayes,80.17463849,79.44066047,86.65441176,82.77166854,"['age', 'sex', 'cp', 'fbs', 'thalach', 'oldpeak', 'ca']"
4165,Naive Bayes,82.51946607,84.37981218,84.22794118,83.9789231,"['age', 'sex', 'cp', 'fbs', 'thalach', 'oldpeak', 'thal']"
4166,Naive Bayes,77.50648869,77.90603347,83.60294118,80.4298048,"['age', 'sex', 'cp', 'fbs', 'thalach', 'slope', 'ca']"
4167,Naive Bayes,79.8298109,82.12759935,81.10294118,81.36832831,"['age', 'sex', 'cp', 'fbs', 'thalach', 'slope', 'thal']"
4168,Naive Bayes,80.47348906,80.88087867,84.77941176,82.57431457,"['age', 'sex', 'cp', 'fbs', 'thalach', 'ca', 'thal']"
4169,Naive Bayes,78.92732666,79.85740086,81.91176471,80.68069349,"['age', 'sex', 'cp', 'fbs', 'exang', 'oldpeak', 'slope']"
4170,Naive Bayes,79.51724138,79.78164775,84.30147059,81.86722265,"['age', 'sex', 'cp', 'fbs', 'exang', 'oldpeak', 'ca']"
4171,Naive Bayes,80.78531702,81.48968623,84.15441176,82.61801842,"['age', 'sex', 'cp', 'fbs', 'exang', 'oldpeak', 'thal']"
4172,Naive Bayes,77.27141268,78.79213352,80.625,79.44288518,"['age', 'sex', 'cp', 'fbs', 'exang', 'slope', 'ca']"
4173,Naive Bayes,79.86206897,82.76595382,79.96323529,81.04333672,"['age', 'sex', 'cp', 'fbs', 'exang', 'slope', 'thal']"
4174,Naive Bayes,78.88283278,81.52184997,80.58823529,80.62578488,"['age', 'sex', 'cp', 'fbs', 'exang', 'ca', 'thal']"
4175,Naive Bayes,78.17315536,77.41830065,85.40441176,81.11376794,"['age', 'sex', 'cp', 'fbs', 'oldpeak', 'slope', 'ca']"
4176,Naive Bayes,80.87430478,83.60815737,81.21323529,82.10836985,"['age', 'sex', 'cp', 'fbs', 'oldpeak', 'slope', 'thal']"
4177,Naive Bayes,80.49721913,81.01800513,84.81617647,82.66692178,"['age', 'sex', 'cp', 'fbs', 'oldpeak', 'ca', 'thal']"
4178,Naive Bayes,79.78531702,82.59307063,80.51470588,81.20293493,"['age', 'sex', 'cp', 'fbs', 'slope', 'ca', 'thal']"
4179,Naive Bayes,80.95031516,80.67767458,85.66176471,82.93846023,"['age', 'sex', 'cp', 'restecg', 'thalach', 'exang', 'oldpeak']"
4180,Naive Bayes,75.98034854,76.4754042,81.28676471,78.71632289,"['age', 'sex', 'cp', 'restecg', 'thalach', 'exang', 'slope']"
4181,Naive Bayes,78.60548758,80.5252838,81.28676471,80.68797319,"['age', 'sex', 'cp', 'restecg', 'thalach', 'exang', 'ca']"
4182,Naive Bayes,79.57100482,80.62621013,83.08823529,81.67354488,"['age', 'sex', 'cp', 'restecg', 'thalach', 'exang', 'thal']"
4183,Naive Bayes,77.62625139,76.76765722,85.55147059,80.71685424,"['age', 'sex', 'cp', 'restecg', 'thalach', 'oldpeak', 'slope']"
4184,Naive Bayes,79.20763812,78.25816993,87.31617647,82.32972698,"['age', 'sex', 'cp', 'restecg', 'thalach', 'oldpeak', 'ca']"
4185,Naive Bayes,81.88505747,83.39530812,84.33823529,83.58341997,"['age', 'sex', 'cp', 'restecg', 'thalach', 'oldpeak', 'thal']"
4186,Naive Bayes,78.18464961,78.14360657,84.81617647,81.1389877,"['age', 'sex', 'cp', 'restecg', 'thalach', 'slope', 'ca']"
4187,Naive Bayes,80.48572488,82.26508296,82.31617647,82.07536694,"['age', 'sex', 'cp', 'restecg', 'thalach', 'slope', 'thal']"
4188,Naive Bayes,81.45198369,81.88942946,85.40441176,83.40810518,"['age', 'sex', 'cp', 'restecg', 'thalach', 'ca', 'thal']"
4189,Naive Bayes,80.23915462,80.01004963,84.92647059,82.15064453,"['age', 'sex', 'cp', 'restecg', 'exang', 'oldpeak', 'slope']"
4190,Naive Bayes,79.21690768,80.16563467,82.53676471,81.20419531,"['age', 'sex', 'cp', 'restecg', 'exang', 'oldpeak', 'ca']"
4191,Naive Bayes,81.20689655,82.1230343,84.30147059,82.91508921,"['age', 'sex', 'cp', 'restecg', 'exang', 'oldpeak', 'thal']"
4192,Naive Bayes,77.6154987,79.42666102,80.66176471,79.77091262,"['age', 'sex', 'cp', 'restecg', 'exang', 'slope', 'ca']"
4193,Naive Bayes,80.16240267,83.12711313,80.58823529,81.61719218,"['age', 'sex', 'cp', 'restecg', 'exang', 'slope', 'thal']"
4194,Naive Bayes,79.51798294,81.38847354,82.42647059,81.52480309,"['age', 'sex', 'cp', 'restecg', 'exang', 'ca', 'thal']"
4195,Naive Bayes,79.18464961,77.95910789,87.24264706,82.18492783,"['age', 'sex', 'cp', 'restecg', 'oldpeak', 'slope', 'ca']"
4196,Naive Bayes,80.87430478,82.80132316,82.46323529,82.44096529,"['age', 'sex', 'cp', 'restecg', 'oldpeak', 'slope', 'thal']"
4197,Naive Bayes,81.50871339,82.3805168,85.47794118,83.6320659,"['age', 'sex', 'cp', 'restecg', 'oldpeak', 'ca', 'thal']"
4198,Naive Bayes,80.45272525,82.46568627,82.31617647,82.13728776,"['age', 'sex', 'cp', 'restecg', 'slope', 'ca', 'thal']"
4199,Naive Bayes,79.30441231,80.49359305,82.02205882,81.08373584,"['age', 'sex', 'cp', 'thalach', 'exang', 'oldpeak', 'slope']"
4200,Naive Bayes,81.21764924,82.0375817,84.33823529,83.09286413,"['age', 'sex', 'cp', 'thalach', 'exang', 'oldpeak', 'ca']"
4201,Naive Bayes,82.51872451,84.3592437,83.67647059,83.95632799,"['age', 'sex', 'cp', 'thalach', 'exang', 'oldpeak', 'thal']"
4202,Naive Bayes,77.63700408,78.89094673,81.36029412,79.86226735,"['age', 'sex', 'cp', 'thalach', 'exang', 'slope', 'ca']"
4203,Naive Bayes,78.94883204,80.75217455,81.28676471,80.83595585,"['age', 'sex', 'cp', 'thalach', 'exang', 'slope', 'thal']"
4204,Naive Bayes,80.55098257,82.42101577,83.05147059,82.46476289,"['age', 'sex', 'cp', 'thalach', 'exang', 'ca', 'thal']"
4205,Naive Bayes,78.88431591,78.56862745,84.88970588,81.4794183,"['age', 'sex', 'cp', 'thalach', 'oldpeak', 'slope', 'ca']"
4206,Naive Bayes,81.8865406,83.69999754,83.67647059,83.45704161,"['age', 'sex', 'cp', 'thalach', 'oldpeak', 'slope', 'thal']"
4207,Naive Bayes,82.4979607,82.00537496,87.27941176,84.46544224,"['age', 'sex', 'cp', 'thalach', 'oldpeak', 'ca', 'thal']"
4208,Naive Bayes,82.13088617,82.6485331,85.44117647,83.80406943,"['age', 'sex', 'cp', 'thalach', 'slope', 'ca', 'thal']"
4209,Naive Bayes,80.57397108,81.64637083,83.08823529,82.27736329,"['age', 'sex', 'cp', 'exang', 'oldpeak', 'slope', 'ca']"
4210,Naive Bayes,81.51798294,83.53711485,82.46323529,82.89069367,"['age', 'sex', 'cp', 'exang', 'oldpeak', 'slope', 'thal']"
4211,Naive Bayes,80.49647757,81.57716595,83.63970588,82.45734657,"['age', 'sex', 'cp', 'exang', 'oldpeak', 'ca', 'thal']"
4212,Naive Bayes,81.20689655,83.03222517,83.71323529,83.04216883,"['age', 'sex', 'cp', 'exang', 'slope', 'ca', 'thal']"
4213,Naive Bayes,82.1638858,82.42892157,86.10294118,84.11200238,"['age', 'sex', 'cp', 'oldpeak', 'slope', 'ca', 'thal']"
4214,Naive Bayes,70.64479051,73.41030645,73.38235294,72.95891433,"['age', 'sex', 'trestbps', 'chol', 'fbs', 'restecg', 'thalach']"
4215,Naive Bayes,70.29847979,71.81328321,75.73529412,73.47778193,"['age', 'sex', 'trestbps', 'chol', 'fbs', 'restecg', 'exang']"
4216,Naive Bayes,70.67779014,70.59730635,80.07352941,74.90581491,"['age', 'sex', 'trestbps', 'chol', 'fbs', 'restecg', 'oldpeak']"
4217,Naive Bayes,70.26622173,71.4605453,76.94852941,73.74699451,"['age', 'sex', 'trestbps', 'chol', 'fbs', 'restecg', 'slope']"
4218,Naive Bayes,72.8361142,74.70109524,78.19852941,75.98763899,"['age', 'sex', 'trestbps', 'chol', 'fbs', 'restecg', 'ca']"
4219,Naive Bayes,71.88839451,76.30083126,72.72058824,73.97604592,"['age', 'sex', 'trestbps', 'chol', 'fbs', 'restecg', 'thal']"
4220,Naive Bayes,73.60029663,74.27184383,79.41176471,76.62728084,"['age', 'sex', 'trestbps', 'chol', 'fbs', 'thalach', 'exang']"
4221,Naive Bayes,74.0126066,74.05674391,80.77205882,77.01439957,"['age', 'sex', 'trestbps', 'chol', 'fbs', 'thalach', 'oldpeak']"
4222,Naive Bayes,72.97886541,74.69657573,76.98529412,75.5549494,"['age', 'sex', 'trestbps', 'chol', 'fbs', 'thalach', 'slope']"
4223,Naive Bayes,73.85761958,75.39154258,78.19852941,76.49200736,"['age', 'sex', 'trestbps', 'chol', 'fbs', 'thalach', 'ca']"
4224,Naive Bayes,75.54727475,79.1206408,75.69852941,76.98182875,"['age', 'sex', 'trestbps', 'chol', 'fbs', 'thalach', 'thal']"
4225,Naive Bayes,74.89136077,76.20918998,79.44852941,77.38618088,"['age', 'sex', 'trestbps', 'chol', 'fbs', 'exang', 'oldpeak']"
4226,Naive Bayes,74.91434928,77.10406531,76.91176471,76.81622952,"['age', 'sex', 'trestbps', 'chol', 'fbs', 'exang', 'slope']"
4227,Naive Bayes,73.89061921,75.91742081,76.94852941,76.20500637,"['age', 'sex', 'trestbps', 'chol', 'fbs', 'exang', 'ca']"
4228,Naive Bayes,73.9558769,77.82401637,73.93382353,75.43402558,"['age', 'sex', 'trestbps', 'chol', 'fbs', 'exang', 'thal']"
4229,Naive Bayes,73.30218762,72.54575163,81.83823529,76.80653228,"['age', 'sex', 'trestbps', 'chol', 'fbs', 'oldpeak', 'slope']"
4230,Naive Bayes,72.97960697,73.30206644,80.18382353,76.14067621,"['age', 'sex', 'trestbps', 'chol', 'fbs', 'oldpeak', 'ca']"
4231,Naive Bayes,74.56952169,76.22573591,77.61029412,76.67252937,"['age', 'sex', 'trestbps', 'chol', 'fbs', 'oldpeak', 'thal']"
4232,Naive Bayes,74.7816092,75.97994987,79.92647059,77.59103756,"['age', 'sex', 'trestbps', 'chol', 'fbs', 'slope', 'ca']"
4233,Naive Bayes,74.5357805,78.01744416,75.11029412,76.17153428,"['age', 'sex', 'trestbps', 'chol', 'fbs', 'slope', 'thal']"
4234,Naive Bayes,73.7793845,76.05272089,77.53676471,76.36102842,"['age', 'sex', 'trestbps', 'chol', 'fbs', 'ca', 'thal']"
4235,Naive Bayes,73.88839451,74.45098039,80.03676471,76.93137188,"['age', 'sex', 'trestbps', 'chol', 'restecg', 'thalach', 'exang']"
4236,Naive Bayes,75.34593993,74.68665816,83.23529412,78.52183936,"['age', 'sex', 'trestbps', 'chol', 'restecg', 'thalach', 'oldpeak']"
4237,Naive Bayes,71.31145717,72.58094966,77.02205882,74.44359562,"['age', 'sex', 'trestbps', 'chol', 'restecg', 'thalach', 'slope']"
4238,Naive Bayes,74.19095291,75.7389798,78.23529412,76.68511491,"['age', 'sex', 'trestbps', 'chol', 'restecg', 'thalach', 'ca']"
4239,Naive Bayes,73.87838339,77.12390877,75.14705882,75.70729019,"['age', 'sex', 'trestbps', 'chol', 'restecg', 'thalach', 'thal']"
4240,Naive Bayes,75.9243604,77.65510869,79.52205882,78.13173682,"['age', 'sex', 'trestbps', 'chol', 'restecg', 'exang', 'oldpeak']"
4241,Naive Bayes,74.25769373,76.05067202,77.5,76.57213849,"['age', 'sex', 'trestbps', 'chol', 'restecg', 'exang', 'slope']"
4242,Naive Bayes,74.54579162,76.49097007,77.61029412,76.90058795,"['age', 'sex', 'trestbps', 'chol', 'restecg', 'exang', 'ca']"
4243,Naive Bayes,73.93362996,77.44218389,73.93382353,75.38789734,"['age', 'sex', 'trestbps', 'chol', 'restecg', 'exang', 'thal']"
4244,Naive Bayes,72.93511309,72.0233181,82.42647059,76.74031504,"['age', 'sex', 'trestbps', 'chol', 'restecg', 'oldpeak', 'slope']"
4245,Naive Bayes,75.2814238,75.65277778,82.02205882,78.27731092,"['age', 'sex', 'trestbps', 'chol', 'restecg', 'oldpeak', 'ca']"
4246,Naive Bayes,75.90359659,77.60396088,78.23529412,77.68938675,"['age', 'sex', 'trestbps', 'chol', 'restecg', 'oldpeak', 'thal']"
4247,Naive Bayes,73.80311457,74.67733058,79.375,76.70880019,"['age', 'sex', 'trestbps', 'chol', 'restecg', 'slope', 'ca']"
4248,Naive Bayes,76.14794216,79.58776844,76.32352941,77.6468894,"['age', 'sex', 'trestbps', 'chol', 'restecg', 'slope', 'thal']"
4249,Naive Bayes,76.11420096,77.62510537,79.33823529,78.18886493,"['age', 'sex', 'trestbps', 'chol', 'restecg', 'ca', 'thal']"
4250,Naive Bayes,78.23692992,78.30581355,83.16176471,80.5785587,"['age', 'sex', 'trestbps', 'chol', 'thalach', 'exang', 'oldpeak']"
4251,Naive Bayes,75.00185391,76.1502838,78.86029412,77.39421401,"['age', 'sex', 'trestbps', 'chol', 'thalach', 'exang', 'slope']"
4252,Naive Bayes,77.54875788,78.23129515,81.83823529,79.90068857,"['age', 'sex', 'trestbps', 'chol', 'thalach', 'exang', 'ca']"
4253,Naive Bayes,77.18094179,79.90214365,78.08823529,78.73189705,"['age', 'sex', 'trestbps', 'chol', 'thalach', 'exang', 'thal']"
4254,Naive Bayes,74.02410085,74.01788786,80.73529412,77.05511078,"['age', 'sex', 'trestbps', 'chol', 'thalach', 'oldpeak', 'slope']"
4255,Naive Bayes,77.62699296,77.61597007,83.16176471,80.10941461,"['age', 'sex', 'trestbps', 'chol', 'thalach', 'oldpeak', 'ca']"
4256,Naive Bayes,76.91509084,78.32773109,79.41176471,78.65874726,"['age', 'sex', 'trestbps', 'chol', 'thalach', 'oldpeak', 'thal']"
4257,Naive Bayes,76.51575825,76.85616615,81.83823529,79.13730795,"['age', 'sex', 'trestbps', 'chol', 'thalach', 'slope', 'ca']"
4258,Naive Bayes,76.18242492,80.52200521,75.07352941,77.20532867,"['age', 'sex', 'trestbps', 'chol', 'thalach', 'slope', 'thal']"
4259,Naive Bayes,77.4727475,79.3539486,79.33823529,79.12747973,"['age', 'sex', 'trestbps', 'chol', 'thalach', 'ca', 'thal']"
4260,Naive Bayes,77.24916574,79.49923687,79.41176471,79.05967385,"['age', 'sex', 'trestbps', 'chol', 'exang', 'oldpeak', 'slope']"
4261,Naive Bayes,77.18168335,78.38398693,80.66176471,79.36864443,"['age', 'sex', 'trestbps', 'chol', 'exang', 'oldpeak', 'ca']"
4262,Naive Bayes,78.5272525,80.49020222,80,79.99694286,"['age', 'sex', 'trestbps', 'chol', 'exang', 'oldpeak', 'thal']"
4263,Naive Bayes,76.90507972,78.8198116,79.375,78.92059168,"['age', 'sex', 'trestbps', 'chol', 'exang', 'slope', 'ca']"
4264,Naive Bayes,75.26918799,79.42186516,74.48529412,76.38904933,"['age', 'sex', 'trestbps', 'chol', 'exang', 'slope', 'thal']"
4265,Naive Bayes,77.14942529,80.8061179,76.28676471,78.14849635,"['age', 'sex', 'trestbps', 'chol', 'exang', 'ca', 'thal']"
4266,Naive Bayes,75.91657397,75.96687798,82.42647059,78.89471624,"['age', 'sex', 'trestbps', 'chol', 'oldpeak', 'slope', 'ca']"
4267,Naive Bayes,76.23692992,77.95075925,78.78676471,78.10167033,"['age', 'sex', 'trestbps', 'chol', 'oldpeak', 'slope', 'thal']"
4268,Naive Bayes,76.90507972,78.50632095,79.41176471,78.86782675,"['age', 'sex', 'trestbps', 'chol', 'oldpeak', 'ca', 'thal']"
4269,Naive Bayes,74.46978124,77.08784215,76.91176471,76.49552154,"['age', 'sex', 'trestbps', 'chol', 'slope', 'ca', 'thal']"
4270,Naive Bayes,72.88913608,74.14839181,77.53676471,75.63216846,"['age', 'sex', 'trestbps', 'fbs', 'restecg', 'thalach', 'exang']"
4271,Naive Bayes,74.65702633,74.39902117,81.98529412,77.82810413,"['age', 'sex', 'trestbps', 'fbs', 'restecg', 'thalach', 'oldpeak']"
4272,Naive Bayes,71.62328513,73.24902329,75.77205882,74.25922135,"['age', 'sex', 'trestbps', 'fbs', 'restecg', 'thalach', 'slope']"
4273,Naive Bayes,74.53652206,76.35008335,78.19852941,76.93033205,"['age', 'sex', 'trestbps', 'fbs', 'restecg', 'thalach', 'ca']"
4274,Naive Bayes,73.20096403,76.83817245,73.89705882,74.9599632,"['age', 'sex', 'trestbps', 'fbs', 'restecg', 'thalach', 'thal']"
4275,Naive Bayes,74.88060808,76.52956813,78.82352941,77.18702615,"['age', 'sex', 'trestbps', 'fbs', 'restecg', 'exang', 'oldpeak']"
4276,Naive Bayes,73.93585465,76.3432724,76.28676471,76.09236385,"['age', 'sex', 'trestbps', 'fbs', 'restecg', 'exang', 'slope']"
4277,Naive Bayes,72.88987764,74.79582535,76.98529412,75.67161297,"['age', 'sex', 'trestbps', 'fbs', 'restecg', 'exang', 'ca']"
4278,Naive Bayes,73.58954394,78.11554648,72.64705882,74.87836038,"['age', 'sex', 'trestbps', 'fbs', 'restecg', 'exang', 'thal']"
4279,Naive Bayes,72.94586578,72.5733697,81.21323529,76.407023,"['age', 'sex', 'trestbps', 'fbs', 'restecg', 'oldpeak', 'slope']"
4280,Naive Bayes,73.94809047,74.44687208,80.73529412,77.08491777,"['age', 'sex', 'trestbps', 'fbs', 'restecg', 'oldpeak', 'ca']"
4281,Naive Bayes,74.56952169,77.25586638,75.73529412,76.26601608,"['age', 'sex', 'trestbps', 'fbs', 'restecg', 'oldpeak', 'thal']"
4282,Naive Bayes,74.14794216,75.71921225,78.78676471,76.92361402,"['age', 'sex', 'trestbps', 'fbs', 'restecg', 'slope', 'ca']"
4283,Naive Bayes,74.81386726,78.6273182,75.07352941,76.42325974,"['age', 'sex', 'trestbps', 'fbs', 'restecg', 'slope', 'thal']"
4284,Naive Bayes,75.77011494,77.90159316,78.08823529,77.76485594,"['age', 'sex', 'trestbps', 'fbs', 'restecg', 'ca', 'thal']"
4285,Naive Bayes,77.90359659,78.27872377,82.5,80.2855233,"['age', 'sex', 'trestbps', 'fbs', 'thalach', 'exang', 'oldpeak']"
4286,Naive Bayes,75.64775677,77.11531279,78.78676471,77.78838786,"['age', 'sex', 'trestbps', 'fbs', 'thalach', 'exang', 'slope']"
4287,Naive Bayes,76.90433815,77.39581798,81.80147059,79.40688397,"['age', 'sex', 'trestbps', 'fbs', 'thalach', 'exang', 'ca']"
4288,Naive Bayes,76.19243604,78.80200359,77.46323529,77.85816926,"['age', 'sex', 'trestbps', 'fbs', 'thalach', 'exang', 'thal']"
4289,Naive Bayes,74.35817575,73.75469925,81.91176471,77.44749128,"['age', 'sex', 'trestbps', 'fbs', 'thalach', 'oldpeak', 'slope']"
4290,Naive Bayes,77.90507972,77.96882525,83.125,80.31152916,"['age', 'sex', 'trestbps', 'fbs', 'thalach', 'oldpeak', 'ca']"
4291,Naive Bayes,75.558769,77.20188338,78.19852941,77.55077852,"['age', 'sex', 'trestbps', 'fbs', 'thalach', 'oldpeak', 'thal']"
4292,Naive Bayes,76.18242492,76.99680574,80.55147059,78.56489262,"['age', 'sex', 'trestbps', 'fbs', 'thalach', 'slope', 'ca']"
4293,Naive Bayes,75.54801631,79.79589554,74.44852941,76.52716502,"['age', 'sex', 'trestbps', 'fbs', 'thalach', 'slope', 'thal']"
4294,Naive Bayes,77.42825362,79.43130592,79.26470588,79.10796136,"['age', 'sex', 'trestbps', 'fbs', 'thalach', 'ca', 'thal']"
4295,Naive Bayes,76.92658509,78.69266161,80.03676471,79.01788863,"['age', 'sex', 'trestbps', 'fbs', 'exang', 'oldpeak', 'slope']"
4296,Naive Bayes,76.51501669,78.46988796,79.44852941,78.7861625,"['age', 'sex', 'trestbps', 'fbs', 'exang', 'oldpeak', 'ca']"
4297,Naive Bayes,77.86058584,80.394201,78.78676471,79.23121388,"['age', 'sex', 'trestbps', 'fbs', 'exang', 'oldpeak', 'thal']"
4298,Naive Bayes,77.1954023,79.4896248,78.67647059,78.81410746,"['age', 'sex', 'trestbps', 'fbs', 'exang', 'slope', 'ca']"
4299,Naive Bayes,75.24694105,79.78816552,73.86029412,76.24433352,"['age', 'sex', 'trestbps', 'fbs', 'exang', 'slope', 'thal']"
4300,Naive Bayes,76.81683352,80.94842219,75.625,77.84303868,"['age', 'sex', 'trestbps', 'fbs', 'exang', 'ca', 'thal']"
4301,Naive Bayes,75.91657397,76.16343387,82.42647059,78.9560066,"['age', 'sex', 'trestbps', 'fbs', 'oldpeak', 'slope', 'ca']"
4302,Naive Bayes,75.91509084,77.87978005,78.16176471,77.67958243,"['age', 'sex', 'trestbps', 'fbs', 'oldpeak', 'slope', 'thal']"
4303,Naive Bayes,76.5609937,78.32377512,79.41176471,78.58170563,"['age', 'sex', 'trestbps', 'fbs', 'oldpeak', 'ca', 'thal']"
4304,Naive Bayes,74.13718947,77.05388471,76.28676471,76.18399164,"['age', 'sex', 'trestbps', 'fbs', 'slope', 'ca', 'thal']"
4305,Naive Bayes,78.57100482,79.65617475,81.91176471,80.62906306,"['age', 'sex', 'trestbps', 'restecg', 'thalach', 'exang', 'oldpeak']"
4306,Naive Bayes,76.29143493,76.91172171,80.69852941,78.63328397,"['age', 'sex', 'trestbps', 'restecg', 'thalach', 'exang', 'slope']"
4307,Naive Bayes,78.5272525,79.2753268,82.42647059,80.76165114,"['age', 'sex', 'trestbps', 'restecg', 'thalach', 'exang', 'ca']"
4308,Naive Bayes,76.24694105,79.00764024,77.53676471,77.96682005,"['age', 'sex', 'trestbps', 'restecg', 'thalach', 'exang', 'thal']"
4309,Naive Bayes,74.66852058,74.72250758,81.36029412,77.64894816,"['age', 'sex', 'trestbps', 'restecg', 'thalach', 'oldpeak', 'slope']"
4310,Naive Bayes,78.27215425,78.87021475,82.57352941,80.45502167,"['age', 'sex', 'trestbps', 'restecg', 'thalach', 'oldpeak', 'ca']"
4311,Naive Bayes,76.25917686,78.43144626,77.64705882,77.85425446,"['age', 'sex', 'trestbps', 'restecg', 'thalach', 'oldpeak', 'thal']"
4312,Naive Bayes,75.85984427,76.09666323,81.83823529,78.66469247,"['age', 'sex', 'trestbps', 'restecg', 'thalach', 'slope', 'ca']"
4313,Naive Bayes,76.87133852,80.21825397,76.28676471,77.84529593,"['age', 'sex', 'trestbps', 'restecg', 'thalach', 'slope', 'thal']"
4314,Naive Bayes,77.42751205,79.20942156,79.92647059,79.3459724,"['age', 'sex', 'trestbps', 'restecg', 'thalach', 'ca', 'thal']"
4315,Naive Bayes,77.54875788,79.04781085,81.25,79.63388182,"['age', 'sex', 'trestbps', 'restecg', 'exang', 'oldpeak', 'slope']"
4316,Naive Bayes,76.53726363,78.76108777,79.44852941,78.87048259,"['age', 'sex', 'trestbps', 'restecg', 'exang', 'oldpeak', 'ca']"
4317,Naive Bayes,77.89432703,79.89871403,80.03676471,79.63432505,"['age', 'sex', 'trestbps', 'restecg', 'exang', 'oldpeak', 'thal']"
4318,Naive Bayes,77.22766036,78.80515486,80.58823529,79.39131682,"['age', 'sex', 'trestbps', 'restecg', 'exang', 'slope', 'ca']"
4319,Naive Bayes,74.61327401,78.72262791,73.93382353,75.81844822,"['age', 'sex', 'trestbps', 'restecg', 'exang', 'slope', 'thal']"
4320,Naive Bayes,76.50500556,80.62964731,75.73529412,77.69919307,"['age', 'sex', 'trestbps', 'restecg', 'exang', 'ca', 'thal']"
4321,Naive Bayes,77.52873563,77.4366543,84.22794118,80.39411633,"['age', 'sex', 'trestbps', 'restecg', 'oldpeak', 'slope', 'ca']"
4322,Naive Bayes,76.62625139,78.36100668,79.48529412,78.55976489,"['age', 'sex', 'trestbps', 'restecg', 'oldpeak', 'slope', 'thal']"
4323,Naive Bayes,76.91657397,78.96078431,78.86029412,78.74625046,"['age', 'sex', 'trestbps', 'restecg', 'oldpeak', 'ca', 'thal']"
4324,Naive Bayes,75.14868372,78.17907943,76.94852941,76.95622188,"['age', 'sex', 'trestbps', 'restecg', 'slope', 'ca', 'thal']"
4325,Naive Bayes,79.60548758,80.97165094,81.94852941,81.27785205,"['age', 'sex', 'trestbps', 'thalach', 'exang', 'oldpeak', 'slope']"
4326,Naive Bayes,77.54875788,77.97772618,82.5,80.09320092,"['age', 'sex', 'trestbps', 'thalach', 'exang', 'oldpeak', 'ca']"
4327,Naive Bayes,79.51798294,81.12029933,81.80147059,81.18470167,"['age', 'sex', 'trestbps', 'thalach', 'exang', 'oldpeak', 'thal']"
4328,Naive Bayes,77.23767149,78.35616615,80.625,79.37357685,"['age', 'sex', 'trestbps', 'thalach', 'exang', 'slope', 'ca']"
4329,Naive Bayes,78.21616611,81.5647653,78.125,79.51183437,"['age', 'sex', 'trestbps', 'thalach', 'exang', 'slope', 'thal']"
4330,Naive Bayes,80.85205784,83.91333585,80.58823529,82.09506924,"['age', 'sex', 'trestbps', 'thalach', 'exang', 'ca', 'thal']"
4331,Naive Bayes,75.98183166,76.39697282,81.32352941,78.58367333,"['age', 'sex', 'trestbps', 'thalach', 'oldpeak', 'slope', 'ca']"
4332,Naive Bayes,77.6492399,79.28990463,79.48529412,79.12161463,"['age', 'sex', 'trestbps', 'thalach', 'oldpeak', 'slope', 'thal']"
4333,Naive Bayes,78.87356322,80.63757433,80.66176471,80.35869128,"['age', 'sex', 'trestbps', 'thalach', 'oldpeak', 'ca', 'thal']"
4334,Naive Bayes,78.47348906,81.17278825,79.30147059,79.79589921,"['age', 'sex', 'trestbps', 'thalach', 'slope', 'ca', 'thal']"
4335,Naive Bayes,76.89358547,79.10778029,79.375,79.00316038,"['age', 'sex', 'trestbps', 'exang', 'oldpeak', 'slope', 'ca']"
4336,Naive Bayes,78.87282165,81.61455959,79.375,80.13982427,"['age', 'sex', 'trestbps', 'exang', 'oldpeak', 'slope', 'thal']"
4337,Naive Bayes,78.50723026,81.05987395,79.375,79.99791798,"['age', 'sex', 'trestbps', 'exang', 'oldpeak', 'ca', 'thal']"
4338,Naive Bayes,78.21764924,82.27768117,77.53676471,79.29086533,"['age', 'sex', 'trestbps', 'exang', 'slope', 'ca', 'thal']"
4339,Naive Bayes,77.22840193,79.76308418,78.19852941,78.61322981,"['age', 'sex', 'trestbps', 'oldpeak', 'slope', 'ca', 'thal']"
4340,Naive Bayes,74.27771598,74.46405229,80.66176471,77.33282748,"['age', 'sex', 'chol', 'fbs', 'restecg', 'thalach', 'exang']"
4341,Naive Bayes,75.00111235,74.62347938,82.05882353,77.92962352,"['age', 'sex', 'chol', 'fbs', 'restecg', 'thalach', 'oldpeak']"
4342,Naive Bayes,70.64404894,72.14456484,76.39705882,73.83408149,"['age', 'sex', 'chol', 'fbs', 'restecg', 'thalach', 'slope']"
4343,Naive Bayes,74.5357805,75.1137648,80.69852941,77.53135603,"['age', 'sex', 'chol', 'fbs', 'restecg', 'thalach', 'ca']"
4344,Naive Bayes,73.57879125,77.30644845,73.89705882,75.18556919,"['age', 'sex', 'chol', 'fbs', 'restecg', 'thalach', 'thal']"
4345,Naive Bayes,75.24694105,75.81821253,80.69852941,77.80502432,"['age', 'sex', 'chol', 'fbs', 'restecg', 'exang', 'oldpeak']"
4346,Naive Bayes,74.6470152,76.71661998,76.98529412,76.74284729,"['age', 'sex', 'chol', 'fbs', 'restecg', 'exang', 'slope']"
4347,Naive Bayes,74.25769373,75.38324365,79.48529412,77.18850628,"['age', 'sex', 'chol', 'fbs', 'restecg', 'exang', 'ca']"
4348,Naive Bayes,73.27845755,76.97673104,73.30882353,74.81489262,"['age', 'sex', 'chol', 'fbs', 'restecg', 'exang', 'thal']"
4349,Naive Bayes,73.27919911,72.83252863,81.875,76.83389569,"['age', 'sex', 'chol', 'fbs', 'restecg', 'oldpeak', 'slope']"
4350,Naive Bayes,73.94734891,73.87583665,81.98529412,77.32106071,"['age', 'sex', 'chol', 'fbs', 'restecg', 'oldpeak', 'ca']"
4351,Naive Bayes,75.88283278,78.01262205,78.16176471,77.71728821,"['age', 'sex', 'chol', 'fbs', 'restecg', 'oldpeak', 'thal']"
4352,Naive Bayes,74.19243604,74.9318394,80.625,77.26513438,"['age', 'sex', 'chol', 'fbs', 'restecg', 'slope', 'ca']"
4353,Naive Bayes,75.504264,79.3876849,75.07352941,76.83399459,"['age', 'sex', 'chol', 'fbs', 'restecg', 'slope', 'thal']"
4354,Naive Bayes,76.46051168,78.64296393,78.71323529,78.24868432,"['age', 'sex', 'chol', 'fbs', 'restecg', 'ca', 'thal']"
4355,Naive Bayes,78.60400445,78.66615067,83.16176471,80.78800611,"['age', 'sex', 'chol', 'fbs', 'thalach', 'exang', 'oldpeak']"
4356,Naive Bayes,75.6470152,77.31625018,78.27205882,77.62220881,"['age', 'sex', 'chol', 'fbs', 'thalach', 'exang', 'slope']"
4357,Naive Bayes,76.28068224,76.2743808,82.5,79.11390133,"['age', 'sex', 'chol', 'fbs', 'thalach', 'exang', 'ca']"
4358,Naive Bayes,76.52651094,79.3891346,76.83823529,77.88514277,"['age', 'sex', 'chol', 'fbs', 'thalach', 'exang', 'thal']"
4359,Naive Bayes,74.00185391,73.8369883,80.73529412,76.96953753,"['age', 'sex', 'chol', 'fbs', 'thalach', 'oldpeak', 'slope']"
4360,Naive Bayes,77.9495736,77.63230994,83.78676471,80.42717087,"['age', 'sex', 'chol', 'fbs', 'thalach', 'oldpeak', 'ca']"
4361,Naive Bayes,76.91583241,79.51248833,77.61029412,78.38273183,"['age', 'sex', 'chol', 'fbs', 'thalach', 'oldpeak', 'thal']"
4362,Naive Bayes,75.57026326,76.06320949,80.66176471,78.08008658,"['age', 'sex', 'chol', 'fbs', 'thalach', 'slope', 'ca']"
4363,Naive Bayes,75.59325176,78.94397759,75.07352941,76.62149703,"['age', 'sex', 'chol', 'fbs', 'thalach', 'slope', 'thal']"
4364,Naive Bayes,76.49425287,79.17876894,77.53676471,78.1030594,"['age', 'sex', 'chol', 'fbs', 'thalach', 'ca', 'thal']"
4365,Naive Bayes,76.8928439,78.40582319,80,78.88145038,"['age', 'sex', 'chol', 'fbs', 'exang', 'oldpeak', 'slope']"
4366,Naive Bayes,76.88209121,78.88165266,79.44852941,78.98148623,"['age', 'sex', 'chol', 'fbs', 'exang', 'oldpeak', 'ca']"
4367,Naive Bayes,77.5272525,80.23728439,78.125,78.86397452,"['age', 'sex', 'chol', 'fbs', 'exang', 'oldpeak', 'thal']"
4368,Naive Bayes,75.26992955,77.53950298,77.57352941,77.36058938,"['age', 'sex', 'chol', 'fbs', 'exang', 'slope', 'ca']"
4369,Naive Bayes,75.60252132,79.78062216,75.07352941,76.84001485,"['age', 'sex', 'chol', 'fbs', 'exang', 'slope', 'thal']"
4370,Naive Bayes,76.84983315,81.13888889,75.07352941,77.75140877,"['age', 'sex', 'chol', 'fbs', 'exang', 'ca', 'thal']"
4371,Naive Bayes,74.92658509,75.10776161,81.875,78.07654162,"['age', 'sex', 'chol', 'fbs', 'oldpeak', 'slope', 'ca']"
4372,Naive Bayes,76.5925102,78.61871165,78.75,78.29168338,"['age', 'sex', 'chol', 'fbs', 'oldpeak', 'slope', 'thal']"
4373,Naive Bayes,77.21690768,79.81904989,78.16176471,78.66168906,"['age', 'sex', 'chol', 'fbs', 'oldpeak', 'ca', 'thal']"
4374,Naive Bayes,74.20318873,78.1242785,74.55882353,75.75565153,"['age', 'sex', 'chol', 'fbs', 'slope', 'ca', 'thal']"
4375,Naive Bayes,77.93659622,77.89667183,83.19852941,80.29192131,"['age', 'sex', 'chol', 'restecg', 'thalach', 'exang', 'oldpeak']"
4376,Naive Bayes,76.7037449,77.75245098,80.11029412,78.77623775,"['age', 'sex', 'chol', 'restecg', 'thalach', 'exang', 'slope']"
4377,Naive Bayes,77.61475714,77.37978525,83.75,80.30566109,"['age', 'sex', 'chol', 'restecg', 'thalach', 'exang', 'ca']"
4378,Naive Bayes,77.24694105,79.89122316,78.19852941,78.86185286,"['age', 'sex', 'chol', 'restecg', 'thalach', 'exang', 'thal']"
4379,Naive Bayes,74.3466815,74.15583075,81.36029412,77.37489476,"['age', 'sex', 'chol', 'restecg', 'thalach', 'oldpeak', 'slope']"
4380,Naive Bayes,78.60548758,78.6494668,83.82352941,80.89681593,"['age', 'sex', 'chol', 'restecg', 'thalach', 'oldpeak', 'ca']"
4381,Naive Bayes,77.93807935,79.5497936,80.07352941,79.69455979,"['age', 'sex', 'chol', 'restecg', 'thalach', 'oldpeak', 'thal']"
4382,Naive Bayes,76.20541342,76.0860976,82.46323529,78.91371672,"['age', 'sex', 'chol', 'restecg', 'thalach', 'slope', 'ca']"
4383,Naive Bayes,74.92510197,77.84488796,75.14705882,76.25318548,"['age', 'sex', 'chol', 'restecg', 'thalach', 'slope', 'thal']"
4384,Naive Bayes,78.77233964,80.33613445,81.17647059,80.61981156,"['age', 'sex', 'chol', 'restecg', 'thalach', 'ca', 'thal']"
4385,Naive Bayes,76.57026326,77.63423264,80.66176471,78.8318584,"['age', 'sex', 'chol', 'restecg', 'exang', 'oldpeak', 'slope']"
4386,Naive Bayes,77.20467186,78.95518207,80.03676471,79.32016716,"['age', 'sex', 'chol', 'restecg', 'exang', 'oldpeak', 'ca']"
4387,Naive Bayes,78.55024101,80.15322285,81.25,80.36311916,"['age', 'sex', 'chol', 'restecg', 'exang', 'oldpeak', 'thal']"
4388,Naive Bayes,75.8928439,77.58378648,79.375,78.23227999,"['age', 'sex', 'chol', 'restecg', 'exang', 'slope', 'ca']"
4389,Naive Bayes,75.63552095,79.47219009,75.73529412,77.07912602,"['age', 'sex', 'chol', 'restecg', 'exang', 'slope', 'thal']"
4390,Naive Bayes,77.17167223,81.13081818,76.36029412,78.32472769,"['age', 'sex', 'chol', 'restecg', 'exang', 'ca', 'thal']"
4391,Naive Bayes,75.24916574,75.50594437,82.46323529,78.56140351,"['age', 'sex', 'chol', 'restecg', 'oldpeak', 'slope', 'ca']"
4392,Naive Bayes,76.60400445,78.39997666,79.44852941,78.67802551,"['age', 'sex', 'chol', 'restecg', 'oldpeak', 'slope', 'thal']"
4393,Naive Bayes,77.55024101,79.54411765,79.41176471,79.30103249,"['age', 'sex', 'chol', 'restecg', 'oldpeak', 'ca', 'thal']"
4394,Naive Bayes,75.51501669,79.08251634,76.39705882,77.15425481,"['age', 'sex', 'chol', 'restecg', 'slope', 'ca', 'thal']"
4395,Naive Bayes,78.28216537,79.02544351,81.94852941,80.27629234,"['age', 'sex', 'chol', 'thalach', 'exang', 'oldpeak', 'slope']"
4396,Naive Bayes,77.89358547,78.68442552,81.91176471,80.17032722,"['age', 'sex', 'chol', 'thalach', 'exang', 'oldpeak', 'ca']"
4397,Naive Bayes,78.8613274,80.31940144,81.25,80.67570665,"['age', 'sex', 'chol', 'thalach', 'exang', 'oldpeak', 'thal']"
4398,Naive Bayes,77.23767149,78.01797386,81.25,79.50079338,"['age', 'sex', 'chol', 'thalach', 'exang', 'slope', 'ca']"
4399,Naive Bayes,76.90359659,80.19475867,76.91176471,78.20480133,"['age', 'sex', 'chol', 'thalach', 'exang', 'slope', 'thal']"
4400,Naive Bayes,80.47423063,83.05103067,81.17647059,81.93357295,"['age', 'sex', 'chol', 'thalach', 'exang', 'ca', 'thal']"
4401,Naive Bayes,76.6154987,77.57454968,81.36029412,79.12729058,"['age', 'sex', 'chol', 'thalach', 'oldpeak', 'slope', 'ca']"
4402,Naive Bayes,76.65925102,78.91258123,78.27205882,78.220788,"['age', 'sex', 'chol', 'thalach', 'oldpeak', 'slope', 'thal']"
4403,Naive Bayes,79.18390805,80.89258072,81.28676471,80.84771783,"['age', 'sex', 'chol', 'thalach', 'oldpeak', 'ca', 'thal']"
4404,Naive Bayes,78.78457545,81.3072557,79.92647059,80.14450106,"['age', 'sex', 'chol', 'thalach', 'slope', 'ca', 'thal']"
4405,Naive Bayes,77.21616611,78.29487179,81.21323529,79.52500666,"['age', 'sex', 'chol', 'exang', 'oldpeak', 'slope', 'ca']"
4406,Naive Bayes,78.21690768,80.24303406,79.41176471,79.46330312,"['age', 'sex', 'chol', 'exang', 'oldpeak', 'slope', 'thal']"
4407,Naive Bayes,78.20615499,80.33578431,80.03676471,80.03901683,"['age', 'sex', 'chol', 'exang', 'oldpeak', 'ca', 'thal']"
4408,Naive Bayes,78.8298109,82.38672241,78.125,79.74590362,"['age', 'sex', 'chol', 'exang', 'slope', 'ca', 'thal']"
4409,Naive Bayes,78.86281053,80.70423939,80.58823529,80.33305677,"['age', 'sex', 'chol', 'oldpeak', 'slope', 'ca', 'thal']"
4410,Naive Bayes,76.92584353,77.24577375,81.91176471,79.27803243,"['age', 'sex', 'fbs', 'restecg', 'thalach', 'exang', 'oldpeak']"
4411,Naive Bayes,77.30441231,78.29681434,80.66176471,79.29393699,"['age', 'sex', 'fbs', 'restecg', 'thalach', 'exang', 'slope']"
4412,Naive Bayes,77.58249907,77.29572092,83.67647059,80.25050901,"['age', 'sex', 'fbs', 'restecg', 'thalach', 'exang', 'ca']"
4413,Naive Bayes,76.21468298,79.46988796,76.25,77.6013692,"['age', 'sex', 'fbs', 'restecg', 'thalach', 'exang', 'thal']"
4414,Naive Bayes,74.99110122,74.97948916,81.36029412,77.84294558,"['age', 'sex', 'fbs', 'restecg', 'thalach', 'oldpeak', 'slope']"
4415,Naive Bayes,77.9495736,78.36363581,82.57352941,80.1835771,"['age', 'sex', 'fbs', 'restecg', 'thalach', 'oldpeak', 'ca']"
4416,Naive Bayes,76.94883204,80.43411082,76.39705882,78.22230459,"['age', 'sex', 'fbs', 'restecg', 'thalach', 'oldpeak', 'thal']"
4417,Naive Bayes,75.54875788,75.96759054,81.25,78.31248311,"['age', 'sex', 'fbs', 'restecg', 'thalach', 'slope', 'ca']"
4418,Naive Bayes,75.25917686,79.68955477,73.27205882,76.051678,"['age', 'sex', 'fbs', 'restecg', 'thalach', 'slope', 'thal']"
4419,Naive Bayes,77.44975899,80.37943511,78.08823529,78.93374857,"['age', 'sex', 'fbs', 'restecg', 'thalach', 'ca', 'thal']"
4420,Naive Bayes,77.54875788,78.52903229,81.83823529,79.76465143,"['age', 'sex', 'fbs', 'restecg', 'exang', 'oldpeak', 'slope']"
4421,Naive Bayes,77.5272525,79.1022409,80.625,79.69449871,"['age', 'sex', 'fbs', 'restecg', 'exang', 'oldpeak', 'ca']"
4422,Naive Bayes,78.21690768,80.27266361,80,79.81261411,"['age', 'sex', 'fbs', 'restecg', 'exang', 'oldpeak', 'thal']"
4423,Naive Bayes,76.50500556,78.019631,80.55147059,78.98654533,"['age', 'sex', 'fbs', 'restecg', 'exang', 'slope', 'ca']"
4424,Naive Bayes,74.27919911,78.46558069,73.93382353,75.59169185,"['age', 'sex', 'fbs', 'restecg', 'exang', 'slope', 'thal']"
4425,Naive Bayes,76.5272525,80.5561179,75.73529412,77.68158339,"['age', 'sex', 'fbs', 'restecg', 'exang', 'ca', 'thal']"
4426,Naive Bayes,76.89432703,76.99056358,83.67647059,79.91325509,"['age', 'sex', 'fbs', 'restecg', 'oldpeak', 'slope', 'ca']"
4427,Naive Bayes,75.95958472,77.45932941,79.41176471,78.0445932,"['age', 'sex', 'fbs', 'restecg', 'oldpeak', 'slope', 'thal']"
4428,Naive Bayes,76.92732666,79.68262048,77.64705882,78.36216133,"['age', 'sex', 'fbs', 'restecg', 'oldpeak', 'ca', 'thal']"
4429,Naive Bayes,75.17093066,79.42442838,75.18382353,76.5613609,"['age', 'sex', 'fbs', 'restecg', 'slope', 'ca', 'thal']"
4430,Naive Bayes,79.27141268,80.18797465,82.53676471,81.13700904,"['age', 'sex', 'fbs', 'thalach', 'exang', 'oldpeak', 'slope']"
4431,Naive Bayes,77.86058584,78.3372033,82.5,80.26279603,"['age', 'sex', 'fbs', 'thalach', 'exang', 'oldpeak', 'ca']"
4432,Naive Bayes,78.51724138,80.19860313,80.58823529,80.25837153,"['age', 'sex', 'fbs', 'thalach', 'exang', 'oldpeak', 'thal']"
4433,Naive Bayes,76.88209121,77.69211018,81.21323529,79.26829217,"['age', 'sex', 'fbs', 'thalach', 'exang', 'slope', 'ca']"
4434,Naive Bayes,76.91509084,80.32550293,76.91176471,78.21200878,"['age', 'sex', 'fbs', 'thalach', 'exang', 'slope', 'thal']"
4435,Naive Bayes,79.49721913,82.18413776,79.92647059,80.89650141,"['age', 'sex', 'fbs', 'thalach', 'exang', 'ca', 'thal']"
4436,Naive Bayes,76.92732666,77.70526863,81.94852941,79.46597151,"['age', 'sex', 'fbs', 'thalach', 'oldpeak', 'slope', 'ca']"
4437,Naive Bayes,75.99258435,78.5929284,77.02205882,77.33905851,"['age', 'sex', 'fbs', 'thalach', 'oldpeak', 'slope', 'thal']"
4438,Naive Bayes,78.84056359,80.96175582,80.66176471,80.36153635,"['age', 'sex', 'fbs', 'thalach', 'oldpeak', 'ca', 'thal']"
4439,Naive Bayes,78.14015573,81.80670314,78.125,79.17137764,"['age', 'sex', 'fbs', 'thalach', 'slope', 'ca', 'thal']"
4440,Naive Bayes,77.54949944,78.70233654,81.21323529,79.76496931,"['age', 'sex', 'fbs', 'exang', 'oldpeak', 'slope', 'ca']"
4441,Naive Bayes,79.20615499,81.56354688,80,80.41250594,"['age', 'sex', 'fbs', 'exang', 'oldpeak', 'slope', 'thal']"
4442,Naive Bayes,78.18390805,79.8995098,80.625,80.13109031,"['age', 'sex', 'fbs', 'exang', 'oldpeak', 'ca', 'thal']"
4443,Naive Bayes,78.84056359,82.55439787,78.125,79.87852218,"['age', 'sex', 'fbs', 'exang', 'slope', 'ca', 'thal']"
4444,Naive Bayes,78.86281053,81.30661826,80.03676471,80.26363088,"['age', 'sex', 'fbs', 'oldpeak', 'slope', 'ca', 'thal']"
4445,Naive Bayes,78.28216537,79.34897292,81.36029412,80.1306659,"['age', 'sex', 'restecg', 'thalach', 'exang', 'oldpeak', 'slope']"
4446,Naive Bayes,78.19391917,78.52102683,83.08823529,80.64346193,"['age', 'sex', 'restecg', 'thalach', 'exang', 'oldpeak', 'ca']"
4447,Naive Bayes,79.51724138,80.16503268,83.08823529,81.43551057,"['age', 'sex', 'restecg', 'thalach', 'exang', 'oldpeak', 'thal']"
4448,Naive Bayes,76.87133852,77.33088235,81.83823529,79.4195845,"['age', 'sex', 'restecg', 'thalach', 'exang', 'slope', 'ca']"
4449,Naive Bayes,78.23841305,80.59653423,79.375,79.7261032,"['age', 'sex', 'restecg', 'thalach', 'exang', 'slope', 'thal']"
4450,Naive Bayes,79.495736,81.35784314,81.21323529,81.16862889,"['age', 'sex', 'restecg', 'thalach', 'exang', 'ca', 'thal']"
4451,Naive Bayes,76.6154987,76.89868108,82.57352941,79.37530714,"['age', 'sex', 'restecg', 'thalach', 'oldpeak', 'slope', 'ca']"
4452,Naive Bayes,77.32665925,78.71125069,80.11029412,79.05880048,"['age', 'sex', 'restecg', 'thalach', 'oldpeak', 'slope', 'thal']"
4453,Naive Bayes,78.1954023,79.70222124,81.28676471,80.15326209,"['age', 'sex', 'restecg', 'thalach', 'oldpeak', 'ca', 'thal']"
4454,Naive Bayes,77.49425287,80.11032483,78.75,79.05725012,"['age', 'sex', 'restecg', 'thalach', 'slope', 'ca', 'thal']"
4455,Naive Bayes,77.52799407,78.90038067,81.21323529,79.8003997,"['age', 'sex', 'restecg', 'exang', 'oldpeak', 'slope', 'ca']"
4456,Naive Bayes,79.1954023,81.60448255,80,80.41250594,"['age', 'sex', 'restecg', 'exang', 'oldpeak', 'slope', 'thal']"
4457,Naive Bayes,79.47423063,81.58088235,81.21323529,81.23291741,"['age', 'sex', 'restecg', 'exang', 'oldpeak', 'ca', 'thal']"
4458,Naive Bayes,78.51798294,82.55697785,77.53676471,79.55130039,"['age', 'sex', 'restecg', 'exang', 'slope', 'ca', 'thal']"
4459,Naive Bayes,78.56247683,80.19456447,80.625,80.12803557,"['age', 'sex', 'restecg', 'oldpeak', 'slope', 'ca', 'thal']"
4460,Naive Bayes,78.20615499,78.8895646,82.42647059,80.46855106,"['age', 'sex', 'thalach', 'exang', 'oldpeak', 'slope', 'ca']"
4461,Naive Bayes,79.51798294,80.94946312,81.80147059,81.26002674,"['age', 'sex', 'thalach', 'exang', 'oldpeak', 'slope', 'thal']"
4462,Naive Bayes,79.18464961,81.02020984,81.21323529,81.01589697,"['age', 'sex', 'thalach', 'exang', 'oldpeak', 'ca', 'thal']"
4463,Naive Bayes,79.54097145,82.01960784,79.96323529,80.80153117,"['age', 'sex', 'thalach', 'exang', 'slope', 'ca', 'thal']"
4464,Naive Bayes,78.23989618,80.10250456,80,79.75519063,"['age', 'sex', 'thalach', 'oldpeak', 'slope', 'ca', 'thal']"
4465,Naive Bayes,78.85131628,81.15104551,80.58823529,80.66209226,"['age', 'sex', 'exang', 'oldpeak', 'slope', 'ca', 'thal']"
4466,Naive Bayes,72.94438265,75.56378859,75.77205882,75.14869749,"['age', 'cp', 'trestbps', 'chol', 'fbs', 'restecg', 'thalach']"
4467,Naive Bayes,75.90211346,76.50464396,81.32352941,78.51266676,"['age', 'cp', 'trestbps', 'chol', 'fbs', 'restecg', 'exang']"
4468,Naive Bayes,75.59102707,76.15166646,82.53676471,78.68173695,"['age', 'cp', 'trestbps', 'chol', 'fbs', 'restecg', 'oldpeak']"
4469,Naive Bayes,72.9558769,75.3624871,75.73529412,75.3237204,"['age', 'cp', 'trestbps', 'chol', 'fbs', 'restecg', 'slope']"
4470,Naive Bayes,75.23618836,75.74198419,81.875,78.29755879,"['age', 'cp', 'trestbps', 'chol', 'fbs', 'restecg', 'ca']"
4471,Naive Bayes,75.82610308,79.66341192,75.58823529,77.16326056,"['age', 'cp', 'trestbps', 'chol', 'fbs', 'restecg', 'thal']"
4472,Naive Bayes,75.24545792,75.45579635,81.25,78.15561119,"['age', 'cp', 'trestbps', 'chol', 'fbs', 'thalach', 'exang']"
4473,Naive Bayes,76.93511309,76.83476319,83.67647059,79.80245359,"['age', 'cp', 'trestbps', 'chol', 'fbs', 'thalach', 'oldpeak']"
4474,Naive Bayes,72.32072673,73.35163134,78.19852941,75.48575083,"['age', 'cp', 'trestbps', 'chol', 'fbs', 'thalach', 'slope']"
4475,Naive Bayes,75.56952169,76.47196422,80.03676471,78.09854954,"['age', 'cp', 'trestbps', 'chol', 'fbs', 'thalach', 'ca']"
4476,Naive Bayes,76.19169448,78.71924154,77.46323529,77.90116078,"['age', 'cp', 'trestbps', 'chol', 'fbs', 'thalach', 'thal']"
4477,Naive Bayes,78.27067112,77.68670927,85.58823529,81.08531076,"['age', 'cp', 'trestbps', 'chol', 'fbs', 'exang', 'oldpeak']"
4478,Naive Bayes,74.90137189,75.82017544,80.03676471,77.71270695,"['age', 'cp', 'trestbps', 'chol', 'fbs', 'exang', 'slope']"
4479,Naive Bayes,77.59325176,78.66314069,81.91176471,80.0429002,"['age', 'cp', 'trestbps', 'chol', 'fbs', 'exang', 'ca']"
4480,Naive Bayes,79.19466073,79.78310359,83.56617647,81.29567926,"['age', 'cp', 'trestbps', 'chol', 'fbs', 'exang', 'thal']"
4481,Naive Bayes,76.93585465,76.62932733,83.67647059,79.77287208,"['age', 'cp', 'trestbps', 'chol', 'fbs', 'oldpeak', 'slope']"
4482,Naive Bayes,78.5839822,77.94965862,86.13970588,81.63870375,"['age', 'cp', 'trestbps', 'chol', 'fbs', 'oldpeak', 'ca']"
4483,Naive Bayes,80.88505747,82.10181941,83.60294118,82.53164571,"['age', 'cp', 'trestbps', 'chol', 'fbs', 'oldpeak', 'thal']"
4484,Naive Bayes,74.55728587,75.5871603,79.375,77.37487268,"['age', 'cp', 'trestbps', 'chol', 'fbs', 'slope', 'ca']"
4485,Naive Bayes,78.54949944,82.52921614,77.5,79.7302794,"['age', 'cp', 'trestbps', 'chol', 'fbs', 'slope', 'thal']"
4486,Naive Bayes,75.57026326,77.21656998,79.92647059,78.09663627,"['age', 'cp', 'trestbps', 'chol', 'fbs', 'ca', 'thal']"
4487,Naive Bayes,73.94438265,74.59150327,79.48529412,76.84971679,"['age', 'cp', 'trestbps', 'chol', 'restecg', 'thalach', 'exang']"
4488,Naive Bayes,77.26918799,77.10560716,83.75,80.07889122,"['age', 'cp', 'trestbps', 'chol', 'restecg', 'thalach', 'oldpeak']"
4489,Naive Bayes,72.98887653,74.23211829,77.61029412,75.78281767,"['age', 'cp', 'trestbps', 'chol', 'restecg', 'thalach', 'slope']"
4490,Naive Bayes,75.86985539,76.48128286,81.25,78.62483213,"['age', 'cp', 'trestbps', 'chol', 'restecg', 'thalach', 'ca']"
4491,Naive Bayes,77.52576937,80.44155354,78.08823529,78.95564135,"['age', 'cp', 'trestbps', 'chol', 'restecg', 'thalach', 'thal']"
4492,Naive Bayes,78.92732666,78.70123504,84.96323529,81.43712958,"['age', 'cp', 'trestbps', 'chol', 'restecg', 'exang', 'oldpeak']"
4493,Naive Bayes,75.25695217,76.26870485,80.07352941,77.96420198,"['age', 'cp', 'trestbps', 'chol', 'restecg', 'exang', 'slope']"
4494,Naive Bayes,76.2814238,77.49647403,80.69852941,78.86234464,"['age', 'cp', 'trestbps', 'chol', 'restecg', 'exang', 'ca']"
4495,Naive Bayes,78.1931776,79.4943472,81.21323529,80.05891479,"['age', 'cp', 'trestbps', 'chol', 'restecg', 'exang', 'thal']"
4496,Naive Bayes,75.93585465,75.54670991,83.05147059,78.9204764,"['age', 'cp', 'trestbps', 'chol', 'restecg', 'oldpeak', 'slope']"
4497,Naive Bayes,78.2499073,77.34921142,86.13970588,81.32434967,"['age', 'cp', 'trestbps', 'chol', 'restecg', 'oldpeak', 'ca']"
4498,Naive Bayes,79.60622914,80.50574406,83.71323529,81.67554668,"['age', 'cp', 'trestbps', 'chol', 'restecg', 'oldpeak', 'thal']"
4499,Naive Bayes,72.91138302,73.98254214,78.16176471,75.93646481,"['age', 'cp', 'trestbps', 'chol', 'restecg', 'slope', 'ca']"
4500,Naive Bayes,78.87208009,82.93697479,77.5,79.95326092,"['age', 'cp', 'trestbps', 'chol', 'restecg', 'slope', 'thal']"
4501,Naive Bayes,78.85057471,80.92817885,81.80147059,80.87749217,"['age', 'cp', 'trestbps', 'chol', 'restecg', 'ca', 'thal']"
4502,Naive Bayes,78.32517612,77.79768662,84.48529412,80.8012366,"['age', 'cp', 'trestbps', 'chol', 'thalach', 'exang', 'oldpeak']"
4503,Naive Bayes,74.62254357,75.80147059,78.89705882,77.19785253,"['age', 'cp', 'trestbps', 'chol', 'thalach', 'exang', 'slope']"
4504,Naive Bayes,78.27141268,79.95338837,80.69852941,80.23026757,"['age', 'cp', 'trestbps', 'chol', 'thalach', 'exang', 'ca']"
4505,Naive Bayes,77.57100482,79.76318861,79.96323529,79.5960871,"['age', 'cp', 'trestbps', 'chol', 'thalach', 'exang', 'thal']"
4506,Naive Bayes,75.97886541,76.35834685,81.94852941,78.85492354,"['age', 'cp', 'trestbps', 'chol', 'thalach', 'oldpeak', 'slope']"
4507,Naive Bayes,78.58324064,78.5964795,84.33823529,81.16886359,"['age', 'cp', 'trestbps', 'chol', 'thalach', 'oldpeak', 'ca']"
4508,Naive Bayes,82.19688543,83.50928793,84.26470588,83.79426893,"['age', 'cp', 'trestbps', 'chol', 'thalach', 'oldpeak', 'thal']"
4509,Naive Bayes,75.56952169,76.5724875,80.58823529,78.27714592,"['age', 'cp', 'trestbps', 'chol', 'thalach', 'slope', 'ca']"
4510,Naive Bayes,78.20467186,81.67534267,78.08823529,79.55176114,"['age', 'cp', 'trestbps', 'chol', 'thalach', 'slope', 'thal']"
4511,Naive Bayes,78.8613274,80.76422296,81.13970588,80.79157696,"['age', 'cp', 'trestbps', 'chol', 'thalach', 'ca', 'thal']"
4512,Naive Bayes,78.29291806,78.79903189,82.57352941,80.42467844,"['age', 'cp', 'trestbps', 'chol', 'exang', 'oldpeak', 'slope']"
4513,Naive Bayes,78.54949944,79.875129,81.875,80.67446798,"['age', 'cp', 'trestbps', 'chol', 'exang', 'oldpeak', 'ca']"
4514,Naive Bayes,80.51798294,81.5963008,83.67647059,82.35809778,"['age', 'cp', 'trestbps', 'chol', 'exang', 'oldpeak', 'thal']"
4515,Naive Bayes,76.5925102,77.71214187,81.25,79.19008447,"['age', 'cp', 'trestbps', 'chol', 'exang', 'slope', 'ca']"
4516,Naive Bayes,78.21616611,79.64442356,81.80147059,80.43512831,"['age', 'cp', 'trestbps', 'chol', 'exang', 'slope', 'thal']"
4517,Naive Bayes,78.54949944,80.956585,80.625,80.50306052,"['age', 'cp', 'trestbps', 'chol', 'exang', 'ca', 'thal']"
4518,Naive Bayes,76.93733778,76.74089636,83.67647059,79.86634555,"['age', 'cp', 'trestbps', 'chol', 'oldpeak', 'slope', 'ca']"
4519,Naive Bayes,80.89581016,82.53816527,83.08823529,82.61096462,"['age', 'cp', 'trestbps', 'chol', 'oldpeak', 'slope', 'thal']"
4520,Naive Bayes,79.19614386,79.54855783,84.85294118,81.84676252,"['age', 'cp', 'trestbps', 'chol', 'oldpeak', 'ca', 'thal']"
4521,Naive Bayes,80.16240267,81.22431928,84.19117647,82.38575517,"['age', 'cp', 'trestbps', 'chol', 'slope', 'ca', 'thal']"
4522,Naive Bayes,74.90063033,75.64047988,80.07352941,77.64913959,"['age', 'cp', 'trestbps', 'fbs', 'restecg', 'thalach', 'exang']"
4523,Naive Bayes,77.2584353,76.46191459,85.51470588,80.44936696,"['age', 'cp', 'trestbps', 'fbs', 'restecg', 'thalach', 'oldpeak']"
4524,Naive Bayes,72.64404894,73.08346848,79.41176471,75.98575122,"['age', 'cp', 'trestbps', 'fbs', 'restecg', 'thalach', 'slope']"
4525,Naive Bayes,75.18094179,76.33173006,79.96323529,77.9096774,"['age', 'cp', 'trestbps', 'fbs', 'restecg', 'thalach', 'ca']"
4526,Naive Bayes,77.4705228,79.67142971,79.22794118,79.11235555,"['age', 'cp', 'trestbps', 'fbs', 'restecg', 'thalach', 'thal']"
4527,Naive Bayes,78.58249907,78.17087422,85.55147059,81.37554084,"['age', 'cp', 'trestbps', 'fbs', 'restecg', 'exang', 'oldpeak']"
4528,Naive Bayes,75.56878013,76.37323701,80.625,78.2889704,"['age', 'cp', 'trestbps', 'fbs', 'restecg', 'exang', 'slope']"
4529,Naive Bayes,76.92658509,77.76767286,81.875,79.59033887,"['age', 'cp', 'trestbps', 'fbs', 'restecg', 'exang', 'ca']"
4530,Naive Bayes,79.17241379,79.54166667,84.19117647,81.36081029,"['age', 'cp', 'trestbps', 'fbs', 'restecg', 'exang', 'thal']"
4531,Naive Bayes,76.93659622,76.11001769,84.30147059,79.78843931,"['age', 'cp', 'trestbps', 'fbs', 'restecg', 'oldpeak', 'slope']"
4532,Naive Bayes,79.54022989,78.72434042,87.27941176,82.55463488,"['age', 'cp', 'trestbps', 'fbs', 'restecg', 'oldpeak', 'ca']"
4533,Naive Bayes,79.9180571,80.25656105,84.88970588,82.118633,"['age', 'cp', 'trestbps', 'fbs', 'restecg', 'oldpeak', 'thal']"
4534,Naive Bayes,74.90211346,75.93292054,79.96323529,77.7909806,"['age', 'cp', 'trestbps', 'fbs', 'restecg', 'slope', 'ca']"
4535,Naive Bayes,78.22766036,81.69825299,78.125,79.62564654,"['age', 'cp', 'trestbps', 'fbs', 'restecg', 'slope', 'thal']"
4536,Naive Bayes,78.86206897,81.43576973,82.35294118,81.17158045,"['age', 'cp', 'trestbps', 'fbs', 'restecg', 'ca', 'thal']"
4537,Naive Bayes,77.97033741,77.78229274,83.82352941,80.49701795,"['age', 'cp', 'trestbps', 'fbs', 'thalach', 'exang', 'oldpeak']"
4538,Naive Bayes,74.26696329,75.27614379,78.86029412,76.92671577,"['age', 'cp', 'trestbps', 'fbs', 'thalach', 'exang', 'slope']"
4539,Naive Bayes,78.24916574,80.00077399,80.66176471,80.24475064,"['age', 'cp', 'trestbps', 'fbs', 'thalach', 'exang', 'ca']"
4540,Naive Bayes,77.56025213,78.87896825,81.17647059,79.75995351,"['age', 'cp', 'trestbps', 'fbs', 'thalach', 'exang', 'thal']"
4541,Naive Bayes,76.94660734,76.99723574,83.125,79.78620059,"['age', 'cp', 'trestbps', 'fbs', 'thalach', 'oldpeak', 'slope']"
4542,Naive Bayes,79.22840193,78.99428105,84.88970588,81.72854711,"['age', 'cp', 'trestbps', 'fbs', 'thalach', 'oldpeak', 'ca']"
4543,Naive Bayes,81.87430478,83.13183695,84.26470588,83.56938455,"['age', 'cp', 'trestbps', 'fbs', 'thalach', 'oldpeak', 'thal']"
4544,Naive Bayes,76.23618836,77.62782805,80,78.59365245,"['age', 'cp', 'trestbps', 'fbs', 'thalach', 'slope', 'ca']"
4545,Naive Bayes,77.57100482,80.68388968,78.125,79.15711629,"['age', 'cp', 'trestbps', 'fbs', 'thalach', 'slope', 'thal']"
4546,Naive Bayes,78.51798294,79.52193597,82.31617647,80.77089169,"['age', 'cp', 'trestbps', 'fbs', 'thalach', 'ca', 'thal']"
4547,Naive Bayes,78.59399333,79.0130719,83.125,80.73596424,"['age', 'cp', 'trestbps', 'fbs', 'exang', 'oldpeak', 'slope']"
4548,Naive Bayes,79.20541342,80.11614207,83.08823529,81.38725764,"['age', 'cp', 'trestbps', 'fbs', 'exang', 'oldpeak', 'ca']"
4549,Naive Bayes,80.51798294,81.14463241,84.26470588,82.40083541,"['age', 'cp', 'trestbps', 'fbs', 'exang', 'oldpeak', 'thal']"
4550,Naive Bayes,76.91509084,77.84286083,81.83823529,79.54302565,"['age', 'cp', 'trestbps', 'fbs', 'exang', 'slope', 'ca']"
4551,Naive Bayes,77.51649981,79.10521496,81.10294118,79.64880546,"['age', 'cp', 'trestbps', 'fbs', 'exang', 'slope', 'thal']"
4552,Naive Bayes,78.20541342,80.31807318,80.58823529,80.16634653,"['age', 'cp', 'trestbps', 'fbs', 'exang', 'ca', 'thal']"
4553,Naive Bayes,77.5609937,76.62568855,85.44117647,80.64873637,"['age', 'cp', 'trestbps', 'fbs', 'oldpeak', 'slope', 'ca']"
4554,Naive Bayes,80.22914349,81.9408802,82.42647059,81.89410836,"['age', 'cp', 'trestbps', 'fbs', 'oldpeak', 'slope', 'thal']"
4555,Naive Bayes,78.85205784,79.45612085,84.19117647,81.43101879,"['age', 'cp', 'trestbps', 'fbs', 'oldpeak', 'ca', 'thal']"
4556,Naive Bayes,78.82832777,80.45596835,82.31617647,80.99450706,"['age', 'cp', 'trestbps', 'fbs', 'slope', 'ca', 'thal']"
4557,Naive Bayes,77.63626251,77.65780874,83.19852941,80.17434797,"['age', 'cp', 'trestbps', 'restecg', 'thalach', 'exang', 'oldpeak']"
4558,Naive Bayes,74.96737115,75.71486928,80.11029412,77.73135714,"['age', 'cp', 'trestbps', 'restecg', 'thalach', 'exang', 'slope']"
4559,Naive Bayes,78.59399333,80.18459752,81.28676471,80.61551713,"['age', 'cp', 'trestbps', 'restecg', 'thalach', 'exang', 'ca']"
4560,Naive Bayes,78.88283278,80.02777778,82.42647059,81.00155058,"['age', 'cp', 'trestbps', 'restecg', 'thalach', 'exang', 'thal']"
4561,Naive Bayes,76.29143493,76.08075335,83.125,79.23030986,"['age', 'cp', 'trestbps', 'restecg', 'thalach', 'oldpeak', 'slope']"
4562,Naive Bayes,79.21764924,79.41865587,84.92647059,81.83090684,"['age', 'cp', 'trestbps', 'restecg', 'thalach', 'oldpeak', 'ca']"
4563,Naive Bayes,81.22840193,82.8969544,83.08823529,82.78362507,"['age', 'cp', 'trestbps', 'restecg', 'thalach', 'oldpeak', 'thal']"
4564,Naive Bayes,74.94660734,76.12287459,79.44852941,77.60634708,"['age', 'cp', 'trestbps', 'restecg', 'thalach', 'slope', 'ca']"
4565,Naive Bayes,77.91509084,80.73883474,78.78676471,79.55237722,"['age', 'cp', 'trestbps', 'restecg', 'thalach', 'slope', 'thal']"
4566,Naive Bayes,79.50723026,80.42762166,83.56617647,81.74434946,"['age', 'cp', 'trestbps', 'restecg', 'thalach', 'ca', 'thal']"
4567,Naive Bayes,77.30367075,77.81234615,82.57352941,79.7899958,"['age', 'cp', 'trestbps', 'restecg', 'exang', 'oldpeak', 'slope']"
4568,Naive Bayes,79.21690768,80.40699174,82.5,81.26931075,"['age', 'cp', 'trestbps', 'restecg', 'exang', 'oldpeak', 'ca']"
4569,Naive Bayes,80.22840193,81.10632586,83.71323529,82.1111228,"['age', 'cp', 'trestbps', 'restecg', 'exang', 'oldpeak', 'thal']"
4570,Naive Bayes,77.23767149,78.20175439,81.83823529,79.79500075,"['age', 'cp', 'trestbps', 'restecg', 'exang', 'slope', 'ca']"
4571,Naive Bayes,77.21542455,78.65107008,80.58823529,79.39809863,"['age', 'cp', 'trestbps', 'restecg', 'exang', 'slope', 'thal']"
4572,Naive Bayes,79.53948832,81.59899986,81.80147059,81.40481943,"['age', 'cp', 'trestbps', 'restecg', 'exang', 'ca', 'thal']"
4573,Naive Bayes,76.56025213,76.0755309,84.26470588,79.74432843,"['age', 'cp', 'trestbps', 'restecg', 'oldpeak', 'slope', 'ca']"
4574,Naive Bayes,79.93956248,81.4484127,82.53676471,81.75158544,"['age', 'cp', 'trestbps', 'restecg', 'oldpeak', 'slope', 'thal']"
4575,Naive Bayes,79.19614386,79.14608105,85.44117647,81.912122,"['age', 'cp', 'trestbps', 'restecg', 'oldpeak', 'ca', 'thal']"
4576,Naive Bayes,79.82906934,81.27978884,82.97794118,81.86243372,"['age', 'cp', 'trestbps', 'restecg', 'slope', 'ca', 'thal']"
4577,Naive Bayes,78.23692992,78.68666151,82.53676471,80.33831921,"['age', 'cp', 'trestbps', 'thalach', 'exang', 'oldpeak', 'slope']"
4578,Naive Bayes,79.59399333,80.36450808,83.16176471,81.62032086,"['age', 'cp', 'trestbps', 'thalach', 'exang', 'oldpeak', 'ca']"
4579,Naive Bayes,80.20541342,80.95940832,83.71323529,82.18344259,"['age', 'cp', 'trestbps', 'thalach', 'exang', 'oldpeak', 'thal']"
4580,Naive Bayes,76.59176863,77.53848469,80.66176471,78.98989899,"['age', 'cp', 'trestbps', 'thalach', 'exang', 'slope', 'ca']"
4581,Naive Bayes,77.84835002,79.57061158,80.58823529,79.9071924,"['age', 'cp', 'trestbps', 'thalach', 'exang', 'slope', 'thal']"
4582,Naive Bayes,79.51724138,81.6352462,81.83823529,81.43301817,"['age', 'cp', 'trestbps', 'thalach', 'exang', 'ca', 'thal']"
4583,Naive Bayes,78.56025213,78.73332842,84.30147059,81.20049564,"['age', 'cp', 'trestbps', 'thalach', 'oldpeak', 'slope', 'ca']"
4584,Naive Bayes,80.19391917,81.25983464,83.63970588,82.1915355,"['age', 'cp', 'trestbps', 'thalach', 'oldpeak', 'slope', 'thal']"
4585,Naive Bayes,82.14238042,83.05217087,85.47794118,84.02962642,"['age', 'cp', 'trestbps', 'thalach', 'oldpeak', 'ca', 'thal']"
4586,Naive Bayes,81.12940304,83.00186363,83.60294118,82.979251,"['age', 'cp', 'trestbps', 'thalach', 'slope', 'ca', 'thal']"
4587,Naive Bayes,77.93733778,78.73916409,81.94852941,80.09456867,"['age', 'cp', 'trestbps', 'exang', 'oldpeak', 'slope', 'ca']"
4588,Naive Bayes,79.89432703,80.75292398,83.125,81.65366807,"['age', 'cp', 'trestbps', 'exang', 'oldpeak', 'slope', 'thal']"
4589,Naive Bayes,81.51872451,83.01547988,83.71323529,83.1620019,"['age', 'cp', 'trestbps', 'exang', 'oldpeak', 'ca', 'thal']"
4590,Naive Bayes,78.8613274,81.04506978,81.21323529,80.87023569,"['age', 'cp', 'trestbps', 'exang', 'slope', 'ca', 'thal']"
4591,Naive Bayes,82.47571376,82.45365531,87.27941176,84.5115563,"['age', 'cp', 'trestbps', 'oldpeak', 'slope', 'ca', 'thal']"
4592,Naive Bayes,74.27771598,74.54248366,80.11029412,77.20091673,"['age', 'cp', 'chol', 'fbs', 'restecg', 'thalach', 'exang']"
4593,Naive Bayes,77.26992955,76.60249889,84.92647059,80.32507687,"['age', 'cp', 'chol', 'fbs', 'restecg', 'thalach', 'oldpeak']"
4594,Naive Bayes,73.63329626,75.19597259,77.57352941,76.18671706,"['age', 'cp', 'chol', 'fbs', 'restecg', 'thalach', 'slope']"
4595,Naive Bayes,74.91434928,76.97444214,78.75,77.50423845,"['age', 'cp', 'chol', 'fbs', 'restecg', 'thalach', 'ca']"
4596,Naive Bayes,76.52502781,79.56566047,76.91176471,78.02429965,"['age', 'cp', 'chol', 'fbs', 'restecg', 'thalach', 'thal']"
4597,Naive Bayes,77.63700408,77.86801842,83.19852941,80.10851543,"['age', 'cp', 'chol', 'fbs', 'restecg', 'exang', 'oldpeak']"
4598,Naive Bayes,75.32443456,76.40187479,79.48529412,77.67238437,"['age', 'cp', 'chol', 'fbs', 'restecg', 'exang', 'slope']"
4599,Naive Bayes,75.65850945,76.45579635,80.73529412,78.35154335,"['age', 'cp', 'chol', 'fbs', 'restecg', 'exang', 'ca']"
4600,Naive Bayes,78.88209121,79.32007101,83.67647059,81.12864725,"['age', 'cp', 'chol', 'fbs', 'restecg', 'exang', 'thal']"
4601,Naive Bayes,75.59102707,75.45188953,82.42647059,78.53157331,"['age', 'cp', 'chol', 'fbs', 'restecg', 'oldpeak', 'slope']"
4602,Naive Bayes,76.58324064,76.41351049,84.88970588,80.07546005,"['age', 'cp', 'chol', 'fbs', 'restecg', 'oldpeak', 'ca']"
4603,Naive Bayes,80.90656285,81.28987421,85.51470588,82.96397722,"['age', 'cp', 'chol', 'fbs', 'restecg', 'oldpeak', 'thal']"
4604,Naive Bayes,74.25769373,75.91566539,78.71323529,77.07764879,"['age', 'cp', 'chol', 'fbs', 'restecg', 'slope', 'ca']"
4605,Naive Bayes,78.18316648,83.21778711,75.66176471,78.99922476,"['age', 'cp', 'chol', 'fbs', 'restecg', 'slope', 'thal']"
4606,Naive Bayes,77.88357434,79.28793476,81.80147059,80.07550233,"['age', 'cp', 'chol', 'fbs', 'restecg', 'ca', 'thal']"
4607,Naive Bayes,78.31442343,78.20712934,83.86029412,80.73333065,"['age', 'cp', 'chol', 'fbs', 'thalach', 'exang', 'oldpeak']"
4608,Naive Bayes,74.65628476,75.54798762,79.52205882,77.34924035,"['age', 'cp', 'chol', 'fbs', 'thalach', 'exang', 'slope']"
4609,Naive Bayes,77.60400445,79.39619883,80.07352941,79.63512497,"['age', 'cp', 'chol', 'fbs', 'thalach', 'exang', 'ca']"
4610,Naive Bayes,78.2269188,79.97431928,81.17647059,80.27852531,"['age', 'cp', 'chol', 'fbs', 'thalach', 'exang', 'thal']"
4611,Naive Bayes,77.27994067,78.14403656,81.91176471,79.7806295,"['age', 'cp', 'chol', 'fbs', 'thalach', 'oldpeak', 'slope']"
4612,Naive Bayes,78.9180571,78.50678613,85.51470588,81.67576866,"['age', 'cp', 'chol', 'fbs', 'thalach', 'oldpeak', 'ca']"
4613,Naive Bayes,82.17463849,83.60597572,84.22794118,83.76259128,"['age', 'cp', 'chol', 'fbs', 'thalach', 'oldpeak', 'thal']"
4614,Naive Bayes,76.23692992,77.06367257,81.17647059,78.837212,"['age', 'cp', 'chol', 'fbs', 'thalach', 'slope', 'ca']"
4615,Naive Bayes,79.16091954,82.2802349,79.30147059,80.47943791,"['age', 'cp', 'chol', 'fbs', 'thalach', 'slope', 'thal']"
4616,Naive Bayes,78.55024101,79.52158583,82.38970588,80.8240832,"['age', 'cp', 'chol', 'fbs', 'thalach', 'ca', 'thal']"
4617,Naive Bayes,77.95958472,79.51728586,80.73529412,79.83336684,"['age', 'cp', 'chol', 'fbs', 'exang', 'oldpeak', 'slope']"
4618,Naive Bayes,79.23915462,80.08243034,83.125,81.41178593,"['age', 'cp', 'chol', 'fbs', 'exang', 'oldpeak', 'ca']"
4619,Naive Bayes,80.20615499,81.50724851,83.08823529,82.03998066,"['age', 'cp', 'chol', 'fbs', 'exang', 'oldpeak', 'thal']"
4620,Naive Bayes,76.95958472,77.76349575,81.875,79.51213762,"['age', 'cp', 'chol', 'fbs', 'exang', 'slope', 'ca']"
4621,Naive Bayes,78.26065999,80.02815863,81.25,80.34550341,"['age', 'cp', 'chol', 'fbs', 'exang', 'slope', 'thal']"
4622,Naive Bayes,79.56173526,81.61447973,81.83823529,81.40481943,"['age', 'cp', 'chol', 'fbs', 'exang', 'ca', 'thal']"
4623,Naive Bayes,77.59399333,77.21733255,84.26470588,80.40542359,"['age', 'cp', 'chol', 'fbs', 'oldpeak', 'slope', 'ca']"
4624,Naive Bayes,79.89581016,81.41106443,82.46323529,81.69518717,"['age', 'cp', 'chol', 'fbs', 'oldpeak', 'slope', 'thal']"
4625,Naive Bayes,80.18613274,80.56754073,84.81617647,82.44449968,"['age', 'cp', 'chol', 'fbs', 'oldpeak', 'ca', 'thal']"
4626,Naive Bayes,80.17315536,81.30545113,83.60294118,82.22067517,"['age', 'cp', 'chol', 'fbs', 'slope', 'ca', 'thal']"
4627,Naive Bayes,77.31368187,77.49441004,82.61029412,79.80460007,"['age', 'cp', 'chol', 'restecg', 'thalach', 'exang', 'oldpeak']"
4628,Naive Bayes,74.96737115,76.21977124,78.93382353,77.45101325,"['age', 'cp', 'chol', 'restecg', 'thalach', 'exang', 'slope']"
4629,Naive Bayes,77.94883204,79.96863482,80.11029412,79.85776887,"['age', 'cp', 'chol', 'restecg', 'thalach', 'exang', 'ca']"
4630,Naive Bayes,77.8928439,79.41211485,81.21323529,80.07747833,"['age', 'cp', 'chol', 'restecg', 'thalach', 'exang', 'thal']"
4631,Naive Bayes,76.61327401,76.52290039,83.125,79.41781418,"['age', 'cp', 'chol', 'restecg', 'thalach', 'oldpeak', 'slope']"
4632,Naive Bayes,79.57397108,79.1895537,86.13970588,82.24042331,"['age', 'cp', 'chol', 'restecg', 'thalach', 'oldpeak', 'ca']"
4633,Naive Bayes,82.19688543,83.31508305,84.85294118,83.87791468,"['age', 'cp', 'chol', 'restecg', 'thalach', 'oldpeak', 'thal']"
4634,Naive Bayes,75.29143493,76.57399248,80.07352941,78.02679578,"['age', 'cp', 'chol', 'restecg', 'thalach', 'slope', 'ca']"
4635,Naive Bayes,77.57026326,80.6098542,78.19852941,79.24778926,"['age', 'cp', 'chol', 'restecg', 'thalach', 'slope', 'thal']"
4636,Naive Bayes,79.18390805,80.43249054,82.38970588,81.26975844,"['age', 'cp', 'chol', 'restecg', 'thalach', 'ca', 'thal']"
4637,Naive Bayes,76.99258435,78.1127451,80.77205882,79.04257815,"['age', 'cp', 'chol', 'restecg', 'exang', 'oldpeak', 'slope']"
4638,Naive Bayes,79.2499073,80.04566563,83.16176471,81.39730286,"['age', 'cp', 'chol', 'restecg', 'exang', 'oldpeak', 'ca']"
4639,Naive Bayes,81.20689655,82.16084328,84.30147059,82.96333181,"['age', 'cp', 'chol', 'restecg', 'exang', 'oldpeak', 'thal']"
4640,Naive Bayes,76.32591769,77.66008772,80.07352941,78.68317978,"['age', 'cp', 'chol', 'restecg', 'exang', 'slope', 'ca']"
4641,Naive Bayes,77.88209121,79.92818065,80.625,80.00166099,"['age', 'cp', 'chol', 'restecg', 'exang', 'slope', 'thal']"
4642,Naive Bayes,79.90656285,82.02383646,81.83823529,81.64011354,"['age', 'cp', 'chol', 'restecg', 'exang', 'ca', 'thal']"
4643,Naive Bayes,75.91583241,75.72386849,83.63970588,79.24042057,"['age', 'cp', 'chol', 'restecg', 'oldpeak', 'slope', 'ca']"
4644,Naive Bayes,81.19688543,83.42619416,82.46323529,82.73968781,"['age', 'cp', 'chol', 'restecg', 'oldpeak', 'slope', 'thal']"
4645,Naive Bayes,81.54319614,81.34723344,87.24264706,83.94495028,"['age', 'cp', 'chol', 'restecg', 'oldpeak', 'ca', 'thal']"
4646,Naive Bayes,79.8298109,80.74229692,83.60294118,81.94888213,"['age', 'cp', 'chol', 'restecg', 'slope', 'ca', 'thal']"
4647,Naive Bayes,78.60400445,79.12869797,82.57352941,80.59517346,"['age', 'cp', 'chol', 'thalach', 'exang', 'oldpeak', 'slope']"
4648,Naive Bayes,78.94883204,79.93313553,81.98529412,80.84749809,"['age', 'cp', 'chol', 'thalach', 'exang', 'oldpeak', 'ca']"
4649,Naive Bayes,78.26992955,79.46087031,81.36029412,80.25992166,"['age', 'cp', 'chol', 'thalach', 'exang', 'oldpeak', 'thal']"
4650,Naive Bayes,76.95884316,78.18029756,80.69852941,79.30857162,"['age', 'cp', 'chol', 'thalach', 'exang', 'slope', 'ca']"
4651,Naive Bayes,76.59102707,78.9341576,78.82352941,78.71088559,"['age', 'cp', 'chol', 'thalach', 'exang', 'slope', 'thal']"
4652,Naive Bayes,78.57174638,80.49190378,81.28676471,80.59677659,"['age', 'cp', 'chol', 'thalach', 'exang', 'ca', 'thal']"
4653,Naive Bayes,77.94883204,78.54850361,83.125,80.44230277,"['age', 'cp', 'chol', 'thalach', 'oldpeak', 'slope', 'ca']"
4654,Naive Bayes,79.89358547,80.6994754,83.63970588,81.9018415,"['age', 'cp', 'chol', 'thalach', 'oldpeak', 'slope', 'thal']"
4655,Naive Bayes,81.86429366,82.61027848,85.51470588,83.70804066,"['age', 'cp', 'chol', 'thalach', 'oldpeak', 'ca', 'thal']"
4656,Naive Bayes,79.82832777,80.40228635,84.22794118,82.04906279,"['age', 'cp', 'chol', 'thalach', 'slope', 'ca', 'thal']"
4657,Naive Bayes,79.31664813,80.4127107,81.98529412,80.99394083,"['age', 'cp', 'chol', 'exang', 'oldpeak', 'slope', 'ca']"
4658,Naive Bayes,80.27215425,81.77404295,82.53676471,81.89685968,"['age', 'cp', 'chol', 'exang', 'oldpeak', 'slope', 'thal']"
4659,Naive Bayes,79.87282165,81.70074697,81.875,81.61115458,"['age', 'cp', 'chol', 'exang', 'oldpeak', 'ca', 'thal']"
4660,Naive Bayes,79.55098257,81.34582166,82.46323529,81.54977237,"['age', 'cp', 'chol', 'exang', 'slope', 'ca', 'thal']"
4661,Naive Bayes,82.50945495,82.36437908,87.27941176,84.56004731,"['age', 'cp', 'chol', 'oldpeak', 'slope', 'ca', 'thal']"
4662,Naive Bayes,77.62550983,78.05555556,82.57352941,80.08776788,"['age', 'cp', 'fbs', 'restecg', 'thalach', 'exang', 'oldpeak']"
4663,Naive Bayes,74.97886541,75.93932749,79.52205882,77.59852729,"['age', 'cp', 'fbs', 'restecg', 'thalach', 'exang', 'slope']"
4664,Naive Bayes,78.26065999,80.01711386,80.66176471,80.24029431,"['age', 'cp', 'fbs', 'restecg', 'thalach', 'exang', 'ca']"
4665,Naive Bayes,78.56025213,79.65021008,82.42647059,80.79174438,"['age', 'cp', 'fbs', 'restecg', 'thalach', 'exang', 'thal']"
4666,Naive Bayes,77.28068224,77.48579783,83.08823529,79.95437364,"['age', 'cp', 'fbs', 'restecg', 'thalach', 'oldpeak', 'slope']"
4667,Naive Bayes,78.87356322,78.58685149,85.47794118,81.66672868,"['age', 'cp', 'fbs', 'restecg', 'thalach', 'oldpeak', 'ca']"
4668,Naive Bayes,81.87430478,82.73174972,84.85294118,83.61276316,"['age', 'cp', 'fbs', 'restecg', 'thalach', 'oldpeak', 'thal']"
4669,Naive Bayes,75.92584353,77.09514832,80.625,78.60102547,"['age', 'cp', 'fbs', 'restecg', 'thalach', 'slope', 'ca']"
4670,Naive Bayes,77.90359659,80.85198526,78.78676471,79.61850064,"['age', 'cp', 'fbs', 'restecg', 'thalach', 'slope', 'thal']"
4671,Naive Bayes,80.20763812,80.3836675,85.44117647,82.66503268,"['age', 'cp', 'fbs', 'restecg', 'thalach', 'ca', 'thal']"
4672,Naive Bayes,77.97107898,78.77614379,81.94852941,80.04077708,"['age', 'cp', 'fbs', 'restecg', 'exang', 'oldpeak', 'slope']"
4673,Naive Bayes,79.23915462,80.08243034,83.125,81.41178593,"['age', 'cp', 'fbs', 'restecg', 'exang', 'oldpeak', 'ca']"
4674,Naive Bayes,79.87282165,80.98600668,83.05147059,81.78686123,"['age', 'cp', 'fbs', 'restecg', 'exang', 'oldpeak', 'thal']"
4675,Naive Bayes,76.64849833,77.72381321,80.66176471,79.01718875,"['age', 'cp', 'fbs', 'restecg', 'exang', 'slope', 'ca']"
4676,Naive Bayes,76.90433815,78.759407,80,79.05325651,"['age', 'cp', 'fbs', 'restecg', 'exang', 'slope', 'thal']"
4677,Naive Bayes,79.88431591,81.74519869,82.42647059,81.7577606,"['age', 'cp', 'fbs', 'restecg', 'exang', 'ca', 'thal']"
4678,Naive Bayes,76.5609937,75.69902591,84.85294118,79.78164247,"['age', 'cp', 'fbs', 'restecg', 'oldpeak', 'slope', 'ca']"
4679,Naive Bayes,79.57322951,81.26723058,81.83823529,81.35596511,"['age', 'cp', 'fbs', 'restecg', 'oldpeak', 'slope', 'thal']"
4680,Naive Bayes,81.51019651,81.74218528,86.61764706,83.85869911,"['age', 'cp', 'fbs', 'restecg', 'oldpeak', 'ca', 'thal']"
4681,Naive Bayes,79.14089729,80.16545709,82.94117647,81.27864658,"['age', 'cp', 'fbs', 'restecg', 'slope', 'ca', 'thal']"
4682,Naive Bayes,77.25917686,78.14538184,81.28676471,79.43521515,"['age', 'cp', 'fbs', 'thalach', 'exang', 'oldpeak', 'slope']"
4683,Naive Bayes,79.57248795,81.36683007,81.32352941,81.25668449,"['age', 'cp', 'fbs', 'thalach', 'exang', 'oldpeak', 'ca']"
4684,Naive Bayes,79.21616611,80.71568627,81.875,81.1867222,"['age', 'cp', 'fbs', 'thalach', 'exang', 'oldpeak', 'thal']"
4685,Naive Bayes,77.58249907,78.44530444,81.83823529,79.93872549,"['age', 'cp', 'fbs', 'thalach', 'exang', 'slope', 'ca']"
4686,Naive Bayes,76.24694105,78.00821908,79.41176471,78.54791716,"['age', 'cp', 'fbs', 'thalach', 'exang', 'slope', 'thal']"
4687,Naive Bayes,78.22766036,80.83317362,80.03676471,80.12357925,"['age', 'cp', 'fbs', 'thalach', 'exang', 'ca', 'thal']"
4688,Naive Bayes,77.89432703,78.6002752,82.42647059,80.31286966,"['age', 'cp', 'fbs', 'thalach', 'oldpeak', 'slope', 'ca']"
4689,Naive Bayes,79.2269188,80.14904295,83.01470588,81.3770709,"['age', 'cp', 'fbs', 'thalach', 'oldpeak', 'slope', 'thal']"
4690,Naive Bayes,81.8320356,82.58819229,85.44117647,83.81227462,"['age', 'cp', 'fbs', 'thalach', 'oldpeak', 'ca', 'thal']"
4691,Naive Bayes,80.48498331,81.85058234,83.60294118,82.50148544,"['age', 'cp', 'fbs', 'thalach', 'slope', 'ca', 'thal']"
4692,Naive Bayes,78.91657397,80.17002064,81.94852941,80.81137993,"['age', 'cp', 'fbs', 'exang', 'oldpeak', 'slope', 'ca']"
4693,Naive Bayes,78.91583241,80.15277778,81.91176471,80.78206611,"['age', 'cp', 'fbs', 'exang', 'oldpeak', 'slope', 'thal']"
4694,Naive Bayes,80.1954023,81.83146592,82.46323529,81.96409576,"['age', 'cp', 'fbs', 'exang', 'oldpeak', 'ca', 'thal']"
4695,Naive Bayes,79.21764924,80.91097465,82.42647059,81.26337317,"['age', 'cp', 'fbs', 'exang', 'slope', 'ca', 'thal']"
4696,Naive Bayes,81.4979607,81.90343562,86.02941176,83.63546092,"['age', 'cp', 'fbs', 'oldpeak', 'slope', 'ca', 'thal']"
4697,Naive Bayes,78.62625139,80.04753919,81.39705882,80.43224294,"['age', 'cp', 'restecg', 'thalach', 'exang', 'oldpeak', 'slope']"
4698,Naive Bayes,79.63848721,80.71495528,82.61029412,81.49544818,"['age', 'cp', 'restecg', 'thalach', 'exang', 'oldpeak', 'ca']"
4699,Naive Bayes,79.63848721,80.85711214,82.57352941,81.55822251,"['age', 'cp', 'restecg', 'thalach', 'exang', 'oldpeak', 'thal']"
4700,Naive Bayes,75.95810159,78.2340287,78.27205882,78.11373186,"['age', 'cp', 'restecg', 'thalach', 'exang', 'slope', 'ca']"
4701,Naive Bayes,77.22543567,79.80228758,78.78676471,79.06697327,"['age', 'cp', 'restecg', 'thalach', 'exang', 'slope', 'thal']"
4702,Naive Bayes,79.22840193,81.47937245,81.25,81.07753052,"['age', 'cp', 'restecg', 'thalach', 'exang', 'ca', 'thal']"
4703,Naive Bayes,77.24916574,78.26549886,82.46323529,79.94287546,"['age', 'cp', 'restecg', 'thalach', 'oldpeak', 'slope', 'ca']"
4704,Naive Bayes,80.23841305,81.77828385,83.05147059,82.12853816,"['age', 'cp', 'restecg', 'thalach', 'oldpeak', 'slope', 'thal']"
4705,Naive Bayes,82.16536893,82.83881886,86.06617647,84.12504707,"['age', 'cp', 'restecg', 'thalach', 'oldpeak', 'ca', 'thal']"
4706,Naive Bayes,79.81831665,81.07468048,83.60294118,82.00575772,"['age', 'cp', 'restecg', 'thalach', 'slope', 'ca', 'thal']"
4707,Naive Bayes,78.62773452,80.30159959,80.69852941,80.38159105,"['age', 'cp', 'restecg', 'exang', 'oldpeak', 'slope', 'ca']"
4708,Naive Bayes,79.93882091,81.28571429,82.53676471,81.62971,"['age', 'cp', 'restecg', 'exang', 'oldpeak', 'slope', 'thal']"
4709,Naive Bayes,81.20763812,82.51547988,83.71323529,82.93472917,"['age', 'cp', 'restecg', 'exang', 'oldpeak', 'ca', 'thal']"
4710,Naive Bayes,79.55098257,80.9659197,83.05147059,81.65417776,"['age', 'cp', 'restecg', 'exang', 'slope', 'ca', 'thal']"
4711,Naive Bayes,81.4979607,81.55406341,86.65441176,83.74509719,"['age', 'cp', 'restecg', 'oldpeak', 'slope', 'ca', 'thal']"
4712,Naive Bayes,79.96032629,80.3121775,83.86029412,81.89428953,"['age', 'cp', 'thalach', 'exang', 'oldpeak', 'slope', 'ca']"
4713,Naive Bayes,78.59325176,80.58858543,80.69852941,80.45079973,"['age', 'cp', 'thalach', 'exang', 'oldpeak', 'slope', 'thal']"
4714,Naive Bayes,80.5839822,81.45257138,83.75,82.48202888,"['age', 'cp', 'thalach', 'exang', 'oldpeak', 'ca', 'thal']"
4715,Naive Bayes,78.90582128,80.11480294,82.46323529,81.02431956,"['age', 'cp', 'thalach', 'exang', 'slope', 'ca', 'thal']"
4716,Naive Bayes,79.55098257,79.39789704,85.47794118,82.00556089,"['age', 'cp', 'thalach', 'oldpeak', 'slope', 'ca', 'thal']"
4717,Naive Bayes,79.57248795,80.83641088,82.5,81.45494796,"['age', 'cp', 'exang', 'oldpeak', 'slope', 'ca', 'thal']"
4718,Naive Bayes,71.72080089,73.01350189,77.09558824,74.88448819,"['age', 'trestbps', 'chol', 'fbs', 'restecg', 'thalach', 'exang']"
4719,Naive Bayes,72.07712273,73.20214138,77.20588235,74.91612554,"['age', 'trestbps', 'chol', 'fbs', 'restecg', 'thalach', 'oldpeak']"
4720,Naive Bayes,70.64479051,73.08485061,72.68382353,72.75336051,"['age', 'trestbps', 'chol', 'fbs', 'restecg', 'thalach', 'slope']"
4721,Naive Bayes,72.26770486,74.04209761,76.39705882,74.9452556,"['age', 'trestbps', 'chol', 'fbs', 'restecg', 'thalach', 'ca']"
4722,Naive Bayes,72.95661846,77.20050293,72.13235294,74.2780784,"['age', 'trestbps', 'chol', 'fbs', 'restecg', 'thalach', 'thal']"
4723,Naive Bayes,75.62476826,77.15676446,78.89705882,77.74386177,"['age', 'trestbps', 'chol', 'fbs', 'restecg', 'exang', 'oldpeak']"
4724,Naive Bayes,72.35595106,73.01899356,78.27205882,75.35141444,"['age', 'trestbps', 'chol', 'fbs', 'restecg', 'exang', 'slope']"
4725,Naive Bayes,72.36670374,75.03608285,74.70588235,74.63976818,"['age', 'trestbps', 'chol', 'fbs', 'restecg', 'exang', 'ca']"
4726,Naive Bayes,72.60029663,75.74808817,73.34558824,74.32264385,"['age', 'trestbps', 'chol', 'fbs', 'restecg', 'exang', 'thal']"
4727,Naive Bayes,70.05487579,70.69795092,77.72058824,73.72409218,"['age', 'trestbps', 'chol', 'fbs', 'restecg', 'oldpeak', 'slope']"
4728,Naive Bayes,72.99184279,73.51613101,80.73529412,76.51730512,"['age', 'trestbps', 'chol', 'fbs', 'restecg', 'oldpeak', 'ca']"
4729,Naive Bayes,75.02558398,75.84106099,80.14705882,77.6885186,"['age', 'trestbps', 'chol', 'fbs', 'restecg', 'oldpeak', 'thal']"
4730,Naive Bayes,71.24619948,72.78098954,78.19852941,74.70225922,"['age', 'trestbps', 'chol', 'fbs', 'restecg', 'slope', 'ca']"
4731,Naive Bayes,71.70003708,75.99182109,70.95588235,73.06354671,"['age', 'trestbps', 'chol', 'fbs', 'restecg', 'slope', 'thal']"
4732,Naive Bayes,71.21171672,74.58127549,72.75735294,73.12453868,"['age', 'trestbps', 'chol', 'fbs', 'restecg', 'ca', 'thal']"
4733,Naive Bayes,76.32443456,78.36087768,78.41911765,78.15870996,"['age', 'trestbps', 'chol', 'fbs', 'thalach', 'exang', 'oldpeak']"
4734,Naive Bayes,74.34593993,75.26917785,78.89705882,76.96672608,"['age', 'trestbps', 'chol', 'fbs', 'thalach', 'exang', 'slope']"
4735,Naive Bayes,74.63477938,77.19397759,76.50735294,76.66588014,"['age', 'trestbps', 'chol', 'fbs', 'thalach', 'exang', 'ca']"
4736,Naive Bayes,74.60252132,77.4650238,75.73529412,76.35744146,"['age', 'trestbps', 'chol', 'fbs', 'thalach', 'exang', 'thal']"
4737,Naive Bayes,74.4011865,75.51000663,78.38235294,76.69863551,"['age', 'trestbps', 'chol', 'fbs', 'thalach', 'oldpeak', 'slope']"
4738,Naive Bayes,74.01186504,75.43080127,78.38235294,76.59414542,"['age', 'trestbps', 'chol', 'fbs', 'thalach', 'oldpeak', 'ca']"
4739,Naive Bayes,74.06785317,75.31772446,77.75735294,76.3983615,"['age', 'trestbps', 'chol', 'fbs', 'thalach', 'oldpeak', 'thal']"
4740,Naive Bayes,73.57953281,74.24832301,79.44852941,76.60539216,"['age', 'trestbps', 'chol', 'fbs', 'thalach', 'slope', 'ca']"
4741,Naive Bayes,73.95661846,77.80763681,73.93382353,75.33308125,"['age', 'trestbps', 'chol', 'fbs', 'thalach', 'slope', 'thal']"
4742,Naive Bayes,77.51724138,81.73642534,75.73529412,78.44738261,"['age', 'trestbps', 'chol', 'fbs', 'thalach', 'ca', 'thal']"
4743,Naive Bayes,75.63626251,77.18279154,78.89705882,77.76727329,"['age', 'trestbps', 'chol', 'fbs', 'exang', 'oldpeak', 'slope']"
4744,Naive Bayes,74.93511309,77.73764681,76.47058824,76.92401653,"['age', 'trestbps', 'chol', 'fbs', 'exang', 'oldpeak', 'ca']"
4745,Naive Bayes,76.27067112,78.66113814,77.68382353,77.76499721,"['age', 'trestbps', 'chol', 'fbs', 'exang', 'oldpeak', 'thal']"
4746,Naive Bayes,72.04486466,73.93197454,75.84558824,74.70669741,"['age', 'trestbps', 'chol', 'fbs', 'exang', 'slope', 'ca']"
4747,Naive Bayes,75.93659622,79.10758608,76.39705882,77.33040489,"['age', 'trestbps', 'chol', 'fbs', 'exang', 'slope', 'thal']"
4748,Naive Bayes,76.92732666,81.22565227,75.80882353,78.08609133,"['age', 'trestbps', 'chol', 'fbs', 'exang', 'ca', 'thal']"
4749,Naive Bayes,73.32443456,73.11007079,81.875,76.96029869,"['age', 'trestbps', 'chol', 'fbs', 'oldpeak', 'slope', 'ca']"
4750,Naive Bayes,76.65999258,77.28065261,80.69852941,78.70308293,"['age', 'trestbps', 'chol', 'fbs', 'oldpeak', 'slope', 'thal']"
4751,Naive Bayes,77.2499073,78.21091331,81.28676471,79.50607024,"['age', 'trestbps', 'chol', 'fbs', 'oldpeak', 'ca', 'thal']"
4752,Naive Bayes,76.87208009,79.07053172,78.78676471,78.58730809,"['age', 'trestbps', 'chol', 'fbs', 'slope', 'ca', 'thal']"
4753,Naive Bayes,76.6470152,78.48665168,79.00735294,78.48550735,"['age', 'trestbps', 'chol', 'restecg', 'thalach', 'exang', 'oldpeak']"
4754,Naive Bayes,72.68854283,74.5251118,75.88235294,75.06325556,"['age', 'trestbps', 'chol', 'restecg', 'thalach', 'exang', 'slope']"
4755,Naive Bayes,72.68854283,75.89985994,73.49264706,74.56615491,"['age', 'trestbps', 'chol', 'restecg', 'thalach', 'exang', 'ca']"
4756,Naive Bayes,73.04486466,75.8286648,74.04411765,74.65559162,"['age', 'trestbps', 'chol', 'restecg', 'thalach', 'exang', 'thal']"
4757,Naive Bayes,74.37893956,75.36791829,78.93382353,76.84395902,"['age', 'trestbps', 'chol', 'restecg', 'thalach', 'oldpeak', 'slope']"
4758,Naive Bayes,73.66777901,74.48452012,78.97058824,76.44469909,"['age', 'trestbps', 'chol', 'restecg', 'thalach', 'oldpeak', 'ca']"
4759,Naive Bayes,74.39043382,75.50059585,77.75735294,76.4537733,"['age', 'trestbps', 'chol', 'restecg', 'thalach', 'oldpeak', 'thal']"
4760,Naive Bayes,71.62254357,73.60448916,75.22058824,74.17783624,"['age', 'trestbps', 'chol', 'restecg', 'thalach', 'slope', 'ca']"
4761,Naive Bayes,72.01112347,75.18038686,72.75735294,73.65137414,"['age', 'trestbps', 'chol', 'restecg', 'thalach', 'slope', 'thal']"
4762,Naive Bayes,76.2499073,79.66456583,75.80882353,77.51061612,"['age', 'trestbps', 'chol', 'restecg', 'thalach', 'ca', 'thal']"
4763,Naive Bayes,75.70300334,78.39295637,77.13235294,77.29716252,"['age', 'trestbps', 'chol', 'restecg', 'exang', 'oldpeak', 'slope']"
4764,Naive Bayes,74.27994067,76.78209617,77.09558824,76.6726935,"['age', 'trestbps', 'chol', 'restecg', 'exang', 'oldpeak', 'ca']"
4765,Naive Bayes,75.93733778,78.08464927,78.27205882,77.69138373,"['age', 'trestbps', 'chol', 'restecg', 'exang', 'oldpeak', 'thal']"
4766,Naive Bayes,74.69150908,77.19288417,76.43382353,76.67585724,"['age', 'trestbps', 'chol', 'restecg', 'exang', 'slope', 'ca']"
4767,Naive Bayes,75.5925102,78.39893852,76.39705882,77.01911498,"['age', 'trestbps', 'chol', 'restecg', 'exang', 'slope', 'thal']"
4768,Naive Bayes,76.24916574,79.68850435,76.36029412,77.6199382,"['age', 'trestbps', 'chol', 'restecg', 'exang', 'ca', 'thal']"
4769,Naive Bayes,74.2814238,74.67920302,81.875,77.70178596,"['age', 'trestbps', 'chol', 'restecg', 'oldpeak', 'slope', 'ca']"
4770,Naive Bayes,76.30515387,77.11456951,80.625,78.57631046,"['age', 'trestbps', 'chol', 'restecg', 'oldpeak', 'slope', 'thal']"
4771,Naive Bayes,77.20615499,77.17927678,83.63970588,80.0346548,"['age', 'trestbps', 'chol', 'restecg', 'oldpeak', 'ca', 'thal']"
4772,Naive Bayes,76.88283278,78.29153247,79.96323529,78.78355057,"['age', 'trestbps', 'chol', 'restecg', 'slope', 'ca', 'thal']"
4773,Naive Bayes,75.66852058,76.75077399,79.55882353,77.98503707,"['age', 'trestbps', 'chol', 'thalach', 'exang', 'oldpeak', 'slope']"
4774,Naive Bayes,75.91434928,78.4834267,77.64705882,77.92685359,"['age', 'trestbps', 'chol', 'thalach', 'exang', 'oldpeak', 'ca']"
4775,Naive Bayes,77.91583241,80.37348273,78.86029412,79.47345096,"['age', 'trestbps', 'chol', 'thalach', 'exang', 'oldpeak', 'thal']"
4776,Naive Bayes,74.63626251,77.2299253,76.43382353,76.7065508,"['age', 'trestbps', 'chol', 'thalach', 'exang', 'slope', 'ca']"
4777,Naive Bayes,75.62550983,78.98350042,75.80882353,77.19828469,"['age', 'trestbps', 'chol', 'thalach', 'exang', 'slope', 'thal']"
4778,Naive Bayes,76.55951057,79.89858697,76.36029412,77.93424372,"['age', 'trestbps', 'chol', 'thalach', 'exang', 'ca', 'thal']"
4779,Naive Bayes,74.04634779,74.5499656,80.11029412,77.08179428,"['age', 'trestbps', 'chol', 'thalach', 'oldpeak', 'slope', 'ca']"
4780,Naive Bayes,76.32665925,77.65717697,79.48529412,78.32085464,"['age', 'trestbps', 'chol', 'thalach', 'oldpeak', 'slope', 'thal']"
4781,Naive Bayes,76.27215425,78.27696693,78.86029412,78.31756847,"['age', 'trestbps', 'chol', 'thalach', 'oldpeak', 'ca', 'thal']"
4782,Naive Bayes,75.88283278,78.45487682,76.94852941,77.42115805,"['age', 'trestbps', 'chol', 'thalach', 'slope', 'ca', 'thal']"
4783,Naive Bayes,76.5925102,78.22587719,80.07352941,78.97570172,"['age', 'trestbps', 'chol', 'exang', 'oldpeak', 'slope', 'ca']"
4784,Naive Bayes,77.59325176,79.91468254,78.86029412,79.14498673,"['age', 'trestbps', 'chol', 'exang', 'oldpeak', 'slope', 'thal']"
4785,Naive Bayes,75.25991843,79.19230769,74.55882353,76.60716593,"['age', 'trestbps', 'chol', 'exang', 'oldpeak', 'ca', 'thal']"
4786,Naive Bayes,77.88357434,81.77999533,76.91176471,79.05903505,"['age', 'trestbps', 'chol', 'exang', 'slope', 'ca', 'thal']"
4787,Naive Bayes,77.26140156,77.16365669,83.01470588,79.81903007,"['age', 'trestbps', 'chol', 'oldpeak', 'slope', 'ca', 'thal']"
4788,Naive Bayes,77.29217649,78.36102511,80.77205882,79.33452169,"['age', 'trestbps', 'fbs', 'restecg', 'thalach', 'exang', 'oldpeak']"
4789,Naive Bayes,72.96737115,74.40092879,77.02205882,75.6191106,"['age', 'trestbps', 'fbs', 'restecg', 'thalach', 'exang', 'slope']"
4790,Naive Bayes,74.32369299,77.49463119,75.25735294,76.22486385,"['age', 'trestbps', 'fbs', 'restecg', 'thalach', 'exang', 'ca']"
4791,Naive Bayes,72.98961809,76.38064004,73.38235294,74.62391755,"['age', 'trestbps', 'fbs', 'restecg', 'thalach', 'exang', 'thal']"
4792,Naive Bayes,74.34519837,75.12834169,79.52205882,77.06683689,"['age', 'trestbps', 'fbs', 'restecg', 'thalach', 'oldpeak', 'slope']"
4793,Naive Bayes,73.99035966,75.56255221,78.34558824,76.62445648,"['age', 'trestbps', 'fbs', 'restecg', 'thalach', 'oldpeak', 'ca']"
4794,Naive Bayes,74.06859473,74.58587031,78.97058824,76.5795855,"['age', 'trestbps', 'fbs', 'restecg', 'thalach', 'oldpeak', 'thal']"
4795,Naive Bayes,72.9243604,74.86849477,76.36029412,75.371284,"['age', 'trestbps', 'fbs', 'restecg', 'thalach', 'slope', 'ca']"
4796,Naive Bayes,73.63477938,76.6775104,75.14705882,75.52875718,"['age', 'trestbps', 'fbs', 'restecg', 'thalach', 'slope', 'thal']"
4797,Naive Bayes,76.22766036,80.06942322,75.14705882,77.21051837,"['age', 'trestbps', 'fbs', 'restecg', 'thalach', 'ca', 'thal']"
4798,Naive Bayes,76.33667037,77.38080495,80.18382353,78.45090583,"['age', 'trestbps', 'fbs', 'restecg', 'exang', 'oldpeak', 'slope']"
4799,Naive Bayes,74.9243604,77.81589863,77.05882353,77.13443188,"['age', 'trestbps', 'fbs', 'restecg', 'exang', 'oldpeak', 'ca']"
4800,Naive Bayes,76.92658509,79.43220041,78.27205882,78.41559804,"['age', 'trestbps', 'fbs', 'restecg', 'exang', 'oldpeak', 'thal']"
4801,Naive Bayes,73.65776789,75.62345816,77.02205882,76.1168263,"['age', 'trestbps', 'fbs', 'restecg', 'exang', 'slope', 'ca']"
4802,Naive Bayes,76.5925102,79.71624622,77.02205882,77.91864018,"['age', 'trestbps', 'fbs', 'restecg', 'exang', 'slope', 'thal']"
4803,Naive Bayes,76.58324064,80.31410256,76.36029412,77.88953475,"['age', 'trestbps', 'fbs', 'restecg', 'exang', 'ca', 'thal']"
4804,Naive Bayes,72.94734891,73.32074181,81.25,76.73717476,"['age', 'trestbps', 'fbs', 'restecg', 'oldpeak', 'slope', 'ca']"
4805,Naive Bayes,76.62699296,78.00450882,80.03676471,78.72069549,"['age', 'trestbps', 'fbs', 'restecg', 'oldpeak', 'slope', 'thal']"
4806,Naive Bayes,77.89506859,78.7093536,82.46323529,80.31847835,"['age', 'trestbps', 'fbs', 'restecg', 'oldpeak', 'ca', 'thal']"
4807,Naive Bayes,77.20541342,79.50534424,78.75,78.78834256,"['age', 'trestbps', 'fbs', 'restecg', 'slope', 'ca', 'thal']"
4808,Naive Bayes,76.9810901,77.83522532,80.77205882,79.08969712,"['age', 'trestbps', 'fbs', 'thalach', 'exang', 'oldpeak', 'slope']"
4809,Naive Bayes,76.92584353,79.23506069,78.89705882,78.90724574,"['age', 'trestbps', 'fbs', 'thalach', 'exang', 'oldpeak', 'ca']"
4810,Naive Bayes,76.60400445,79.54335452,77.02205882,78.06650048,"['age', 'trestbps', 'fbs', 'thalach', 'exang', 'oldpeak', 'thal']"
4811,Naive Bayes,73.98034854,76.57633053,75.80882353,76.07909982,"['age', 'trestbps', 'fbs', 'thalach', 'exang', 'slope', 'ca']"
4812,Naive Bayes,74.95884316,78.59011358,74.55882353,76.35354105,"['age', 'trestbps', 'fbs', 'thalach', 'exang', 'slope', 'thal']"
4813,Naive Bayes,77.20467186,80.13878304,77.53676471,78.67065192,"['age', 'trestbps', 'fbs', 'thalach', 'exang', 'ca', 'thal']"
4814,Naive Bayes,75.32517612,75.29093567,81.91176471,78.32652266,"['age', 'trestbps', 'fbs', 'thalach', 'oldpeak', 'slope', 'ca']"
4815,Naive Bayes,75.63774564,76.78765541,79.44852941,77.89066805,"['age', 'trestbps', 'fbs', 'thalach', 'oldpeak', 'slope', 'thal']"
4816,Naive Bayes,76.29440119,78.02038798,78.86029412,78.19230554,"['age', 'trestbps', 'fbs', 'thalach', 'oldpeak', 'ca', 'thal']"
4817,Naive Bayes,74.90433815,78.62004091,74.52205882,76.11841203,"['age', 'trestbps', 'fbs', 'thalach', 'slope', 'ca', 'thal']"
4818,Naive Bayes,76.25917686,78.21679198,79.44852941,78.59126984,"['age', 'trestbps', 'fbs', 'exang', 'oldpeak', 'slope', 'ca']"
4819,Naive Bayes,77.58249907,80.13014153,78.23529412,78.8776714,"['age', 'trestbps', 'fbs', 'exang', 'oldpeak', 'slope', 'thal']"
4820,Naive Bayes,75.93807935,79.6685166,75.18382353,77.17002138,"['age', 'trestbps', 'fbs', 'exang', 'oldpeak', 'ca', 'thal']"
4821,Naive Bayes,77.22766036,81.51213819,75.69852941,78.27164502,"['age', 'trestbps', 'fbs', 'exang', 'slope', 'ca', 'thal']"
4822,Naive Bayes,76.28290693,76.7128483,81.25,78.72571416,"['age', 'trestbps', 'fbs', 'oldpeak', 'slope', 'ca', 'thal']"
4823,Naive Bayes,77.35891732,78.3272151,80.80882353,79.35138146,"['age', 'trestbps', 'restecg', 'thalach', 'exang', 'oldpeak', 'slope']"
4824,Naive Bayes,76.2814238,78.19031648,78.89705882,78.38744589,"['age', 'trestbps', 'restecg', 'thalach', 'exang', 'oldpeak', 'ca']"
4825,Naive Bayes,77.59325176,80.20864756,78.27205882,79.04334344,"['age', 'trestbps', 'restecg', 'thalach', 'exang', 'oldpeak', 'thal']"
4826,Naive Bayes,74.9810901,77.30667969,77.02205882,77.03151261,"['age', 'trestbps', 'restecg', 'thalach', 'exang', 'slope', 'ca']"
4827,Naive Bayes,74.6470152,78.27948406,74.59558824,76.19143613,"['age', 'trestbps', 'restecg', 'thalach', 'exang', 'slope', 'thal']"
4828,Naive Bayes,77.19391917,81.00133771,76.32352941,78.45096658,"['age', 'trestbps', 'restecg', 'thalach', 'exang', 'ca', 'thal']"
4829,Naive Bayes,73.71301446,74.89068259,78.34558824,76.32018906,"['age', 'trestbps', 'restecg', 'thalach', 'oldpeak', 'slope', 'ca']"
4830,Naive Bayes,75.65999258,76.78765541,79.44852941,77.90373995,"['age', 'trestbps', 'restecg', 'thalach', 'oldpeak', 'slope', 'thal']"
4831,Naive Bayes,75.97182054,76.88527692,80.11029412,78.27688651,"['age', 'trestbps', 'restecg', 'thalach', 'oldpeak', 'ca', 'thal']"
4832,Naive Bayes,75.24916574,77.39020439,76.94852941,76.95853302,"['age', 'trestbps', 'restecg', 'thalach', 'slope', 'ca', 'thal']"
4833,Naive Bayes,76.30367075,77.94863856,80.07352941,78.68559465,"['age', 'trestbps', 'restecg', 'exang', 'oldpeak', 'slope', 'ca']"
4834,Naive Bayes,78.26065999,80.12033147,80.11029412,79.84470621,"['age', 'trestbps', 'restecg', 'exang', 'oldpeak', 'slope', 'thal']"
4835,Naive Bayes,76.59399333,80.04376751,77.02205882,78.27626514,"['age', 'trestbps', 'restecg', 'exang', 'oldpeak', 'ca', 'thal']"
4836,Naive Bayes,77.26140156,81.07887701,76.36029412,78.34928267,"['age', 'trestbps', 'restecg', 'exang', 'slope', 'ca', 'thal']"
4837,Naive Bayes,76.25064887,77.21839525,79.96323529,78.3773507,"['age', 'trestbps', 'restecg', 'oldpeak', 'slope', 'ca', 'thal']"
4838,Naive Bayes,77.62625139,78.97626419,80.77205882,79.7189012,"['age', 'trestbps', 'thalach', 'exang', 'oldpeak', 'slope', 'ca']"
4839,Naive Bayes,78.28290693,80.51645658,79.48529412,79.86649909,"['age', 'trestbps', 'thalach', 'exang', 'oldpeak', 'slope', 'thal']"
4840,Naive Bayes,79.53948832,81.91339869,80.66176471,81.19569749,"['age', 'trestbps', 'thalach', 'exang', 'oldpeak', 'ca', 'thal']"
4841,Naive Bayes,78.2836485,80.29179567,80.07352941,80.0341556,"['age', 'trestbps', 'thalach', 'exang', 'slope', 'ca', 'thal']"
4842,Naive Bayes,77.2836485,77.70588235,81.91176471,79.61250106,"['age', 'trestbps', 'thalach', 'oldpeak', 'slope', 'ca', 'thal']"
4843,Naive Bayes,78.23915462,80.81489262,78.82352941,79.66866072,"['age', 'trestbps', 'exang', 'oldpeak', 'slope', 'ca', 'thal']"
4844,Naive Bayes,76.31368187,78.08730159,79.00735294,78.24542559,"['age', 'chol', 'fbs', 'restecg', 'thalach', 'exang', 'oldpeak']"
4845,Naive Bayes,72.37671487,74.16318369,75.91911765,74.93860638,"['age', 'chol', 'fbs', 'restecg', 'thalach', 'exang', 'slope']"
4846,Naive Bayes,74.71301446,77.57633053,75.95588235,76.52916739,"['age', 'chol', 'fbs', 'restecg', 'thalach', 'exang', 'ca']"
4847,Naive Bayes,74.34593993,77.48809524,74.63235294,75.94323419,"['age', 'chol', 'fbs', 'restecg', 'thalach', 'exang', 'thal']"
4848,Naive Bayes,73.03411198,74.44246405,77.72058824,75.69208222,"['age', 'chol', 'fbs', 'restecg', 'thalach', 'oldpeak', 'slope']"
4849,Naive Bayes,75.32591769,76.83964646,79.52205882,77.89777753,"['age', 'chol', 'fbs', 'restecg', 'thalach', 'oldpeak', 'ca']"
4850,Naive Bayes,76.4034112,78.1372549,78.34558824,78.09621184,"['age', 'chol', 'fbs', 'restecg', 'thalach', 'oldpeak', 'thal']"
4851,Naive Bayes,73.61327401,75.04734262,77.68382353,76.1263369,"['age', 'chol', 'fbs', 'restecg', 'thalach', 'slope', 'ca']"
4852,Naive Bayes,73.00037078,76.00553042,73.97058824,74.71372159,"['age', 'chol', 'fbs', 'restecg', 'thalach', 'slope', 'thal']"
4853,Naive Bayes,77.86281053,80.76910508,77.53676471,78.95932229,"['age', 'chol', 'fbs', 'restecg', 'thalach', 'ca', 'thal']"
4854,Naive Bayes,76.35891732,78.1641982,78.97058824,78.07033542,"['age', 'chol', 'fbs', 'restecg', 'exang', 'oldpeak', 'slope']"
4855,Naive Bayes,75.64775677,78.14063959,77.72058824,77.70638069,"['age', 'chol', 'fbs', 'restecg', 'exang', 'oldpeak', 'ca']"
4856,Naive Bayes,76.60400445,78.80999066,78.30882353,78.23028337,"['age', 'chol', 'fbs', 'restecg', 'exang', 'oldpeak', 'thal']"
4857,Naive Bayes,76.01483129,78.20063025,78.27205882,78.04765293,"['age', 'chol', 'fbs', 'restecg', 'exang', 'slope', 'ca']"
4858,Naive Bayes,76.61475714,79.43581994,77.61029412,78.14808563,"['age', 'chol', 'fbs', 'restecg', 'exang', 'slope', 'thal']"
4859,Naive Bayes,76.91657397,80.17773081,77.61029412,78.50045373,"['age', 'chol', 'fbs', 'restecg', 'exang', 'ca', 'thal']"
4860,Naive Bayes,74.00333704,73.92176408,82.53676471,77.63009213,"['age', 'chol', 'fbs', 'restecg', 'oldpeak', 'slope', 'ca']"
4861,Naive Bayes,76.00482017,77.22861074,79.44852941,78.05375774,"['age', 'chol', 'fbs', 'restecg', 'oldpeak', 'slope', 'thal']"
4862,Naive Bayes,79.24063775,78.92568487,85.51470588,81.85965522,"['age', 'chol', 'fbs', 'restecg', 'oldpeak', 'ca', 'thal']"
4863,Naive Bayes,79.17389692,79.35413288,83.60294118,81.15428415,"['age', 'chol', 'fbs', 'restecg', 'slope', 'ca', 'thal']"
4864,Naive Bayes,77.34816463,78.28620571,80.80882353,79.3215535,"['age', 'chol', 'fbs', 'thalach', 'exang', 'oldpeak', 'slope']"
4865,Naive Bayes,76.91509084,79.08251634,78.86029412,78.8521454,"['age', 'chol', 'fbs', 'thalach', 'exang', 'oldpeak', 'ca']"
4866,Naive Bayes,77.58175751,79.51143791,79.48529412,79.41070299,"['age', 'chol', 'fbs', 'thalach', 'exang', 'oldpeak', 'thal']"
4867,Naive Bayes,74.00185391,76.53921569,75.88235294,76.06015084,"['age', 'chol', 'fbs', 'thalach', 'exang', 'slope', 'ca']"
4868,Naive Bayes,76.315165,79.31570962,76.43382353,77.7248505,"['age', 'chol', 'fbs', 'thalach', 'exang', 'slope', 'thal']"
4869,Naive Bayes,77.90507972,80.40943044,79.44852941,79.68722807,"['age', 'chol', 'fbs', 'thalach', 'exang', 'ca', 'thal']"
4870,Naive Bayes,74.70226177,74.95833333,80.77205882,77.61150484,"['age', 'chol', 'fbs', 'thalach', 'oldpeak', 'slope', 'ca']"
4871,Naive Bayes,77.62773452,78.778909,80.69852941,79.53698752,"['age', 'chol', 'fbs', 'thalach', 'oldpeak', 'slope', 'thal']"
4872,Naive Bayes,76.00407861,77.01520959,80.18382353,78.35056207,"['age', 'chol', 'fbs', 'thalach', 'oldpeak', 'ca', 'thal']"
4873,Naive Bayes,75.61624027,78.66497314,75.77205882,76.90093412,"['age', 'chol', 'fbs', 'thalach', 'slope', 'ca', 'thal']"
4874,Naive Bayes,77.9495736,80.01524503,80.07352941,79.82837649,"['age', 'chol', 'fbs', 'exang', 'oldpeak', 'slope', 'ca']"
4875,Naive Bayes,78.23841305,81.34179056,78.23529412,79.50109103,"['age', 'chol', 'fbs', 'exang', 'oldpeak', 'slope', 'thal']"
4876,Naive Bayes,76.91583241,79.83965428,77.64705882,78.59224804,"['age', 'chol', 'fbs', 'exang', 'oldpeak', 'ca', 'thal']"
4877,Naive Bayes,77.58324064,81.85516204,76.32352941,78.60883868,"['age', 'chol', 'fbs', 'exang', 'slope', 'ca', 'thal']"
4878,Naive Bayes,77.27289581,77.65634675,81.80147059,79.45327843,"['age', 'chol', 'fbs', 'oldpeak', 'slope', 'ca', 'thal']"
4879,Naive Bayes,77.35891732,78.6638164,80.22058824,79.20890629,"['age', 'chol', 'restecg', 'thalach', 'exang', 'oldpeak', 'slope']"
4880,Naive Bayes,76.94883204,79.20829033,78.89705882,78.9078495,"['age', 'chol', 'restecg', 'thalach', 'exang', 'oldpeak', 'ca']"
4881,Naive Bayes,77.94883204,80.33811858,78.93382353,79.48320971,"['age', 'chol', 'restecg', 'thalach', 'exang', 'oldpeak', 'thal']"
4882,Naive Bayes,74.6470152,76.88643791,77.05882353,76.82205561,"['age', 'chol', 'restecg', 'thalach', 'exang', 'slope', 'ca']"
4883,Naive Bayes,75.97033741,79.37129211,75.84558824,77.38689651,"['age', 'chol', 'restecg', 'thalach', 'exang', 'slope', 'thal']"
4884,Naive Bayes,77.93807935,80.67537717,78.89705882,79.57917375,"['age', 'chol', 'restecg', 'thalach', 'exang', 'ca', 'thal']"
4885,Naive Bayes,74.70226177,75.5769141,79.59558824,77.28429126,"['age', 'chol', 'restecg', 'thalach', 'oldpeak', 'slope', 'ca']"
4886,Naive Bayes,75.68149796,77.41530391,78.30882353,77.63401807,"['age', 'chol', 'restecg', 'thalach', 'oldpeak', 'slope', 'thal']"
4887,Naive Bayes,76.29365962,77.95669935,79.55882353,78.50490196,"['age', 'chol', 'restecg', 'thalach', 'oldpeak', 'ca', 'thal']"
4888,Naive Bayes,77.26140156,78.91746003,79.44852941,78.92029539,"['age', 'chol', 'restecg', 'thalach', 'slope', 'ca', 'thal']"
4889,Naive Bayes,76.99332592,79.3191666,78.89705882,78.88201261,"['age', 'chol', 'restecg', 'exang', 'oldpeak', 'slope', 'ca']"
4890,Naive Bayes,78.26065999,81.01809057,78.89705882,79.6638943,"['age', 'chol', 'restecg', 'exang', 'oldpeak', 'slope', 'thal']"
4891,Naive Bayes,76.28216537,79.38888889,77.09558824,78.00711096,"['age', 'chol', 'restecg', 'exang', 'oldpeak', 'ca', 'thal']"
4892,Naive Bayes,78.23915462,83.0220605,76.36029412,79.16284844,"['age', 'chol', 'restecg', 'exang', 'slope', 'ca', 'thal']"
4893,Naive Bayes,77.27289581,78.10037348,81.21323529,79.36831904,"['age', 'chol', 'restecg', 'oldpeak', 'slope', 'ca', 'thal']"
4894,Naive Bayes,76.69150908,78.48525112,79.00735294,78.58160317,"['age', 'chol', 'thalach', 'exang', 'oldpeak', 'slope', 'ca']"
4895,Naive Bayes,77.63700408,79.98622782,78.97058824,79.28599768,"['age', 'chol', 'thalach', 'exang', 'oldpeak', 'slope', 'thal']"
4896,Naive Bayes,78.58324064,81.16339869,79.48529412,80.2120709,"['age', 'chol', 'thalach', 'exang', 'oldpeak', 'ca', 'thal']"
4897,Naive Bayes,77.30515387,80.30753968,77.68382353,78.74437928,"['age', 'chol', 'thalach', 'exang', 'slope', 'ca', 'thal']"
4898,Naive Bayes,77.31590656,77.81416777,81.98529412,79.60939874,"['age', 'chol', 'thalach', 'oldpeak', 'slope', 'ca', 'thal']"
4899,Naive Bayes,77.28216537,80.31944444,77.68382353,78.86449888,"['age', 'chol', 'exang', 'oldpeak', 'slope', 'ca', 'thal']"
4900,Naive Bayes,77.35891732,78.6638164,80.22058824,79.20890629,"['age', 'fbs', 'restecg', 'thalach', 'exang', 'oldpeak', 'slope']"
4901,Naive Bayes,76.29217649,78.92374318,77.72058824,78.13731959,"['age', 'fbs', 'restecg', 'thalach', 'exang', 'oldpeak', 'ca']"
4902,Naive Bayes,77.61475714,79.4484127,79.55882353,79.32042641,"['age', 'fbs', 'restecg', 'thalach', 'exang', 'oldpeak', 'thal']"
4903,Naive Bayes,74.6470152,76.88643791,77.05882353,76.82205561,"['age', 'fbs', 'restecg', 'thalach', 'exang', 'slope', 'ca']"
4904,Naive Bayes,76.29291806,79.84923328,75.84558824,77.61862557,"['age', 'fbs', 'restecg', 'thalach', 'exang', 'slope', 'thal']"
4905,Naive Bayes,77.9495736,80.31711018,79.48529412,79.65352974,"['age', 'fbs', 'restecg', 'thalach', 'exang', 'ca', 'thal']"
4906,Naive Bayes,73.36818687,73.839427,79.55882353,76.33019573,"['age', 'fbs', 'restecg', 'thalach', 'oldpeak', 'slope', 'ca']"
4907,Naive Bayes,76.99406748,78.27952848,80.07352941,79.00051654,"['age', 'fbs', 'restecg', 'thalach', 'oldpeak', 'slope', 'thal']"
4908,Naive Bayes,76.64849833,77.77773478,80.22058824,78.66212956,"['age', 'fbs', 'restecg', 'thalach', 'oldpeak', 'ca', 'thal']"
4909,Naive Bayes,76.92806822,79.15730597,78.19852941,78.30936465,"['age', 'fbs', 'restecg', 'thalach', 'slope', 'ca', 'thal']"
4910,Naive Bayes,76.99332592,78.94313461,79.48529412,78.97971229,"['age', 'fbs', 'restecg', 'exang', 'oldpeak', 'slope', 'ca']"
4911,Naive Bayes,78.92806822,82.39536199,78.27205882,79.96480071,"['age', 'fbs', 'restecg', 'exang', 'oldpeak', 'slope', 'thal']"
4912,Naive Bayes,76.27141268,79.65079365,77.09558824,78.05385125,"['age', 'fbs', 'restecg', 'exang', 'oldpeak', 'ca', 'thal']"
4913,Naive Bayes,77.58324064,82.49537472,75.73529412,78.57890986,"['age', 'fbs', 'restecg', 'exang', 'slope', 'ca', 'thal']"
4914,Naive Bayes,76.92806822,78.13311796,80,78.71525946,"['age', 'fbs', 'restecg', 'oldpeak', 'slope', 'ca', 'thal']"
4915,Naive Bayes,76.315165,78.76092806,77.72058824,78.0614542,"['age', 'fbs', 'thalach', 'exang', 'oldpeak', 'slope', 'ca']"
4916,Naive Bayes,76.63700408,79.62931839,77.09558824,78.15798607,"['age', 'fbs', 'thalach', 'exang', 'oldpeak', 'slope', 'thal']"
4917,Naive Bayes,78.57248795,81.18300654,79.44852941,80.23101029,"['age', 'fbs', 'thalach', 'exang', 'oldpeak', 'ca', 'thal']"
4918,Naive Bayes,77.61698183,80.59570495,78.23529412,79.14358001,"['age', 'fbs', 'thalach', 'exang', 'slope', 'ca', 'thal']"
4919,Naive Bayes,77.2836485,78.8907941,80.11029412,79.20037492,"['age', 'fbs', 'thalach', 'oldpeak', 'slope', 'ca', 'thal']"
4920,Naive Bayes,77.59399333,80.95780363,77.61029412,79.07479295,"['age', 'fbs', 'exang', 'oldpeak', 'slope', 'ca', 'thal']"
4921,Naive Bayes,76.68149796,78.56566662,78.97058824,78.55048075,"['age', 'restecg', 'thalach', 'exang', 'oldpeak', 'slope', 'ca']"
4922,Naive Bayes,77.98183166,80.08692073,79.59558824,79.54307544,"['age', 'restecg', 'thalach', 'exang', 'oldpeak', 'slope', 'thal']"
4923,Naive Bayes,77.92732666,80.9746732,78.27205882,79.49255362,"['age', 'restecg', 'thalach', 'exang', 'oldpeak', 'ca', 'thal']"
4924,Naive Bayes,76.98257323,80.23931624,77.05882353,78.36418832,"['age', 'restecg', 'thalach', 'exang', 'slope', 'ca', 'thal']"
4925,Naive Bayes,76.62773452,77.84134355,80.11029412,78.74338567,"['age', 'restecg', 'thalach', 'oldpeak', 'slope', 'ca', 'thal']"
4926,Naive Bayes,78.56173526,81.33638631,79.44852941,80.23246425,"['age', 'restecg', 'exang', 'oldpeak', 'slope', 'ca', 'thal']"
4927,Naive Bayes,78.93807935,80.75159099,80.77205882,80.60378932,"['age', 'thalach', 'exang', 'oldpeak', 'slope', 'ca', 'thal']"
4928,Naive Bayes,75.55728587,76.44419633,81.17647059,78.33871089,"['sex', 'cp', 'trestbps', 'chol', 'fbs', 'restecg', 'thalach']"
4929,Naive Bayes,75.21171672,76.88364138,80,77.68627341,"['sex', 'cp', 'trestbps', 'chol', 'fbs', 'restecg', 'exang']"
4930,Naive Bayes,78.80533927,79.24454667,83.63970588,80.93376056,"['sex', 'cp', 'trestbps', 'chol', 'fbs', 'restecg', 'oldpeak']"
4931,Naive Bayes,75.15869485,77.1155155,78.08823529,77.34416509,"['sex', 'cp', 'trestbps', 'chol', 'fbs', 'restecg', 'slope']"
4932,Naive Bayes,75.84686689,76.69125074,81.83823529,78.80565285,"['sex', 'cp', 'trestbps', 'chol', 'fbs', 'restecg', 'ca']"
4933,Naive Bayes,76.4705228,80.31053342,75.66176471,77.40602978,"['sex', 'cp', 'trestbps', 'chol', 'fbs', 'restecg', 'thal']"
4934,Naive Bayes,76.94660734,76.76893828,83.67647059,79.85960698,"['sex', 'cp', 'trestbps', 'chol', 'fbs', 'thalach', 'exang']"
4935,Naive Bayes,79.59399333,77.9117591,87.97794118,82.45555233,"['sex', 'cp', 'trestbps', 'chol', 'fbs', 'thalach', 'oldpeak']"
4936,Naive Bayes,74.60177976,74.97050224,81.72794118,77.75015124,"['sex', 'cp', 'trestbps', 'chol', 'fbs', 'thalach', 'slope']"
4937,Naive Bayes,79.48498331,78.53362573,86.61764706,82.19562236,"['sex', 'cp', 'trestbps', 'chol', 'fbs', 'thalach', 'ca']"
4938,Naive Bayes,78.88283278,82.42533417,80.55147059,80.54162337,"['sex', 'cp', 'trestbps', 'chol', 'fbs', 'thalach', 'thal']"
4939,Naive Bayes,77.20318873,77.13280469,83.67647059,79.86978141,"['sex', 'cp', 'trestbps', 'chol', 'fbs', 'exang', 'oldpeak']"
4940,Naive Bayes,76.24619948,76.42357118,82.42647059,79.14244601,"['sex', 'cp', 'trestbps', 'chol', 'fbs', 'exang', 'slope']"
4941,Naive Bayes,78.57248795,79.5994152,83.08823529,81.07620321,"['sex', 'cp', 'trestbps', 'chol', 'fbs', 'exang', 'ca']"
4942,Naive Bayes,76.23618836,79.12735437,78.05147059,78.068556,"['sex', 'cp', 'trestbps', 'chol', 'fbs', 'exang', 'thal']"
4943,Naive Bayes,78.57026326,77.52681336,86.10294118,81.44866845,"['sex', 'cp', 'trestbps', 'chol', 'fbs', 'oldpeak', 'slope']"
4944,Naive Bayes,81.17538005,80.2470213,87.90441176,83.69881636,"['sex', 'cp', 'trestbps', 'chol', 'fbs', 'oldpeak', 'ca']"
4945,Naive Bayes,78.50574713,79.70781592,81.72794118,80.33736963,"['sex', 'cp', 'trestbps', 'chol', 'fbs', 'oldpeak', 'thal']"
4946,Naive Bayes,78.82832777,78.43511352,85.40441176,81.57905955,"['sex', 'cp', 'trestbps', 'chol', 'fbs', 'slope', 'ca']"
4947,Naive Bayes,78.51724138,81.98064354,78.63970588,79.7230435,"['sex', 'cp', 'trestbps', 'chol', 'fbs', 'slope', 'thal']"
4948,Naive Bayes,77.504264,80.96194084,78.16176471,79.03308578,"['sex', 'cp', 'trestbps', 'chol', 'fbs', 'ca', 'thal']"
4949,Naive Bayes,78.31442343,77.54564386,86.13970588,81.34263588,"['sex', 'cp', 'trestbps', 'chol', 'restecg', 'thalach', 'exang']"
4950,Naive Bayes,79.2499073,77.35343874,88.56617647,82.30359627,"['sex', 'cp', 'trestbps', 'chol', 'restecg', 'thalach', 'oldpeak']"
4951,Naive Bayes,75.89210234,76.06611362,82.94117647,78.96128502,"['sex', 'cp', 'trestbps', 'chol', 'restecg', 'thalach', 'slope']"
4952,Naive Bayes,80.48572488,78.84318081,89.11764706,83.45516197,"['sex', 'cp', 'trestbps', 'chol', 'restecg', 'thalach', 'ca']"
4953,Naive Bayes,79.86206897,83.49535604,80.51470588,81.26430854,"['sex', 'cp', 'trestbps', 'chol', 'restecg', 'thalach', 'thal']"
4954,Naive Bayes,77.23618836,76.83106608,84.375,80.0719779,"['sex', 'cp', 'trestbps', 'chol', 'restecg', 'exang', 'oldpeak']"
4955,Naive Bayes,76.60252132,77.45356651,81.80147059,79.32760643,"['sex', 'cp', 'trestbps', 'chol', 'restecg', 'exang', 'slope']"
4956,Naive Bayes,78.87282165,80.41802423,83.08823529,81.3781629,"['sex', 'cp', 'trestbps', 'chol', 'restecg', 'exang', 'ca']"
4957,Naive Bayes,75.91360771,78.9235589,77.5,77.8031234,"['sex', 'cp', 'trestbps', 'chol', 'restecg', 'exang', 'thal']"
4958,Naive Bayes,78.21542455,77.2352204,86.02941176,81.2574177,"['sex', 'cp', 'trestbps', 'chol', 'restecg', 'oldpeak', 'slope']"
4959,Naive Bayes,81.7982944,81.36568029,87.90441176,84.23630639,"['sex', 'cp', 'trestbps', 'chol', 'restecg', 'oldpeak', 'ca']"
4960,Naive Bayes,80.16240267,81.90707396,82.35294118,81.7147341,"['sex', 'cp', 'trestbps', 'chol', 'restecg', 'oldpeak', 'thal']"
4961,Naive Bayes,79.81831665,79.70429137,85.40441176,82.32053058,"['sex', 'cp', 'trestbps', 'chol', 'restecg', 'slope', 'ca']"
4962,Naive Bayes,79.2183908,84.34760544,76.83823529,79.81166708,"['sex', 'cp', 'trestbps', 'chol', 'restecg', 'slope', 'thal']"
4963,Naive Bayes,79.13941416,82.37628385,80,80.64171101,"['sex', 'cp', 'trestbps', 'chol', 'restecg', 'ca', 'thal']"
4964,Naive Bayes,79.93733778,79.21022532,86.25,82.37357766,"['sex', 'cp', 'trestbps', 'chol', 'thalach', 'exang', 'oldpeak']"
4965,Naive Bayes,76.30144605,76.04722591,83.125,79.2422565,"['sex', 'cp', 'trestbps', 'chol', 'thalach', 'exang', 'slope']"
4966,Naive Bayes,79.60548758,80.18132955,84.33823529,81.97872605,"['sex', 'cp', 'trestbps', 'chol', 'thalach', 'exang', 'ca']"
4967,Naive Bayes,78.21468298,79.96673669,81.13970588,80.26076247,"['sex', 'cp', 'trestbps', 'chol', 'thalach', 'exang', 'thal']"
4968,Naive Bayes,76.94734891,75.83054503,85.55147059,80.15426352,"['sex', 'cp', 'trestbps', 'chol', 'thalach', 'oldpeak', 'slope']"
4969,Naive Bayes,81.51946607,79.74863523,89.74264706,84.29465888,"['sex', 'cp', 'trestbps', 'chol', 'thalach', 'oldpeak', 'ca']"
4970,Naive Bayes,82.49721913,84.5598111,84.19117647,83.90372714,"['sex', 'cp', 'trestbps', 'chol', 'thalach', 'oldpeak', 'thal']"
4971,Naive Bayes,78.8613274,78.08617131,86.65441176,81.8978922,"['sex', 'cp', 'trestbps', 'chol', 'thalach', 'slope', 'ca']"
4972,Naive Bayes,79.86206897,82.98314413,80.51470588,81.25217414,"['sex', 'cp', 'trestbps', 'chol', 'thalach', 'slope', 'thal']"
4973,Naive Bayes,80.14015573,81.67497913,83.49264706,82.04645517,"['sex', 'cp', 'trestbps', 'chol', 'thalach', 'ca', 'thal']"
4974,Naive Bayes,79.23767149,79.4558455,83.75,81.29845697,"['sex', 'cp', 'trestbps', 'chol', 'exang', 'oldpeak', 'slope']"
4975,Naive Bayes,79.8613274,80.6125301,83.75,81.96971819,"['sex', 'cp', 'trestbps', 'chol', 'exang', 'oldpeak', 'ca']"
4976,Naive Bayes,81.18390805,83.31787803,83.05147059,82.75451661,"['sex', 'cp', 'trestbps', 'chol', 'exang', 'oldpeak', 'thal']"
4977,Naive Bayes,78.88283278,80.15202122,83.05147059,81.173933,"['sex', 'cp', 'trestbps', 'chol', 'exang', 'slope', 'ca']"
4978,Naive Bayes,78.86058584,81.93813295,79.26470588,80.22804656,"['sex', 'cp', 'trestbps', 'chol', 'exang', 'slope', 'thal']"
4979,Naive Bayes,79.87282165,83.05963674,81.13970588,81.56361744,"['sex', 'cp', 'trestbps', 'chol', 'exang', 'ca', 'thal']"
4980,Naive Bayes,79.83982202,78.90565875,86.65441176,82.4821225,"['sex', 'cp', 'trestbps', 'chol', 'oldpeak', 'slope', 'ca']"
4981,Naive Bayes,80.18464961,82.61914827,81.17647059,81.63440377,"['sex', 'cp', 'trestbps', 'chol', 'oldpeak', 'slope', 'thal']"
4982,Naive Bayes,81.14089729,81.82645339,84.81617647,83.07628171,"['sex', 'cp', 'trestbps', 'chol', 'oldpeak', 'ca', 'thal']"
4983,Naive Bayes,79.79606971,82.76704015,80.44117647,80.9881178,"['sex', 'cp', 'trestbps', 'chol', 'slope', 'ca', 'thal']"
4984,Naive Bayes,77.29143493,76.28689035,85.51470588,80.46228828,"['sex', 'cp', 'trestbps', 'fbs', 'restecg', 'thalach', 'exang']"
4985,Naive Bayes,79.58324064,77.64258072,89.15441176,82.68570685,"['sex', 'cp', 'trestbps', 'fbs', 'restecg', 'thalach', 'oldpeak']"
4986,Naive Bayes,74.23544679,74.49043423,81.69117647,77.48408531,"['sex', 'cp', 'trestbps', 'fbs', 'restecg', 'thalach', 'slope']"
4987,Naive Bayes,80.48572488,79.58212934,87.27941176,83.09294856,"['sex', 'cp', 'trestbps', 'fbs', 'restecg', 'thalach', 'ca']"
4988,Naive Bayes,80.80756396,82.78826591,82.86764706,82.35110691,"['sex', 'cp', 'trestbps', 'fbs', 'restecg', 'thalach', 'thal']"
4989,Naive Bayes,76.86985539,76.66852738,83.67647059,79.64286506,"['sex', 'cp', 'trestbps', 'fbs', 'restecg', 'exang', 'oldpeak']"
4990,Naive Bayes,75.89136077,76.5735417,81.13970588,78.57611107,"['sex', 'cp', 'trestbps', 'fbs', 'restecg', 'exang', 'slope']"
4991,Naive Bayes,78.51724138,79.5734127,83.67647059,81.21222276,"['sex', 'cp', 'trestbps', 'fbs', 'restecg', 'exang', 'ca']"
4992,Naive Bayes,76.85910271,79.12071846,79.26470588,78.74138303,"['sex', 'cp', 'trestbps', 'fbs', 'restecg', 'exang', 'thal']"
4993,Naive Bayes,78.53800519,76.74262528,87.83088235,81.71326279,"['sex', 'cp', 'trestbps', 'fbs', 'restecg', 'oldpeak', 'slope']"
4994,Naive Bayes,83.44419726,82.34445852,89.66911765,85.69103798,"['sex', 'cp', 'trestbps', 'fbs', 'restecg', 'oldpeak', 'ca']"
4995,Naive Bayes,80.47423063,82.04268118,82.94117647,82.07553568,"['sex', 'cp', 'trestbps', 'fbs', 'restecg', 'oldpeak', 'thal']"
4996,Naive Bayes,78.76232851,78.62379601,85.36764706,81.67733061,"['sex', 'cp', 'trestbps', 'fbs', 'restecg', 'slope', 'ca']"
4997,Naive Bayes,78.85131628,82.58410733,78.60294118,79.87240317,"['sex', 'cp', 'trestbps', 'fbs', 'restecg', 'slope', 'thal']"
4998,Naive Bayes,80.08490916,82.1016389,82.94117647,81.97184071,"['sex', 'cp', 'trestbps', 'fbs', 'restecg', 'ca', 'thal']"
4999,Naive Bayes,80.25991843,79.2755848,86.83823529,82.69290539,"['sex', 'cp', 'trestbps', 'fbs', 'thalach', 'exang', 'oldpeak']"
5000,Naive Bayes,76.63552095,76.11928105,83.71323529,79.5268879,"['sex', 'cp', 'trestbps', 'fbs', 'thalach', 'exang', 'slope']"
5001,Naive Bayes,79.92806822,80.65927073,84.33823529,82.21045511,"['sex', 'cp', 'trestbps', 'fbs', 'thalach', 'exang', 'ca']"
5002,Naive Bayes,78.54875788,80.1392929,81.72794118,80.53424544,"['sex', 'cp', 'trestbps', 'fbs', 'thalach', 'exang', 'thal']"
5003,Naive Bayes,78.60400445,77.3175452,86.76470588,81.54379307,"['sex', 'cp', 'trestbps', 'fbs', 'thalach', 'oldpeak', 'slope']"
5004,Naive Bayes,81.51946607,79.53511899,89.74264706,84.21621308,"['sex', 'cp', 'trestbps', 'fbs', 'thalach', 'oldpeak', 'ca']"
5005,Naive Bayes,81.86355209,83.5130719,84.19117647,83.3573506,"['sex', 'cp', 'trestbps', 'fbs', 'thalach', 'oldpeak', 'thal']"
5006,Naive Bayes,77.88283278,77.0752494,85.47794118,80.91349505,"['sex', 'cp', 'trestbps', 'fbs', 'thalach', 'slope', 'ca']"
5007,Naive Bayes,80.53021876,83.95526193,80.47794118,81.64335229,"['sex', 'cp', 'trestbps', 'fbs', 'thalach', 'slope', 'thal']"
5008,Naive Bayes,81.48572488,82.75055268,85.29411765,83.40879638,"['sex', 'cp', 'trestbps', 'fbs', 'thalach', 'ca', 'thal']"
5009,Naive Bayes,79.87208009,80.01847001,84.30147059,81.78942578,"['sex', 'cp', 'trestbps', 'fbs', 'exang', 'oldpeak', 'slope']"
5010,Naive Bayes,79.50574713,80.12233402,83.71323529,81.69979204,"['sex', 'cp', 'trestbps', 'fbs', 'exang', 'oldpeak', 'ca']"
5011,Naive Bayes,81.17315536,83.37989204,83.01470588,82.69704535,"['sex', 'cp', 'trestbps', 'fbs', 'exang', 'oldpeak', 'thal']"
5012,Naive Bayes,77.88283278,78.94577645,82.42647059,80.24628612,"['sex', 'cp', 'trestbps', 'fbs', 'exang', 'slope', 'ca']"
5013,Naive Bayes,76.86058584,79.7488598,77.97794118,78.20320306,"['sex', 'cp', 'trestbps', 'fbs', 'exang', 'slope', 'thal']"
5014,Naive Bayes,79.21764924,82.73873031,80.51470588,80.90440628,"['sex', 'cp', 'trestbps', 'fbs', 'exang', 'ca', 'thal']"
5015,Naive Bayes,79.82906934,78.47673719,87.24264706,82.53193788,"['sex', 'cp', 'trestbps', 'fbs', 'oldpeak', 'slope', 'ca']"
5016,Naive Bayes,79.84056359,82.32725363,81.13970588,81.21273814,"['sex', 'cp', 'trestbps', 'fbs', 'oldpeak', 'slope', 'thal']"
5017,Naive Bayes,80.18539118,81.15322912,84.22794118,82.27244573,"['sex', 'cp', 'trestbps', 'fbs', 'oldpeak', 'ca', 'thal']"
5018,Naive Bayes,78.14015573,80.78021368,80.40441176,79.81484832,"['sex', 'cp', 'trestbps', 'fbs', 'slope', 'ca', 'thal']"
5019,Naive Bayes,79.91583241,78.42965256,87.38970588,82.54316187,"['sex', 'cp', 'trestbps', 'restecg', 'thalach', 'exang', 'oldpeak']"
5020,Naive Bayes,76.6240267,76.34296526,83.67647059,79.59796709,"['sex', 'cp', 'trestbps', 'restecg', 'thalach', 'exang', 'slope']"
5021,Naive Bayes,78.93882091,79.64619883,83.71323529,81.3869257,"['sex', 'cp', 'trestbps', 'restecg', 'thalach', 'exang', 'ca']"
5022,Naive Bayes,78.20393029,79.88471414,81.13970588,80.21382093,"['sex', 'cp', 'trestbps', 'restecg', 'thalach', 'exang', 'thal']"
5023,Naive Bayes,77.59176863,76.54210334,86.10294118,80.79175117,"['sex', 'cp', 'trestbps', 'restecg', 'thalach', 'oldpeak', 'slope']"
5024,Naive Bayes,81.84204672,79.30120086,90.91911765,84.62891149,"['sex', 'cp', 'trestbps', 'restecg', 'thalach', 'oldpeak', 'ca']"
5025,Naive Bayes,83.15387468,84.09762623,85.99264706,84.61145569,"['sex', 'cp', 'trestbps', 'restecg', 'thalach', 'oldpeak', 'thal']"
5026,Naive Bayes,77.86058584,77.03627998,86.02941176,81.06512766,"['sex', 'cp', 'trestbps', 'restecg', 'thalach', 'slope', 'ca']"
5027,Naive Bayes,80.85205784,83.0533328,82.90441176,82.44248131,"['sex', 'cp', 'trestbps', 'restecg', 'thalach', 'slope', 'thal']"
5028,Naive Bayes,81.11939192,82.85922763,84.08088235,82.91476324,"['sex', 'cp', 'trestbps', 'restecg', 'thalach', 'ca', 'thal']"
5029,Naive Bayes,79.87208009,79.56136412,85.47794118,82.0084747,"['sex', 'cp', 'trestbps', 'restecg', 'exang', 'oldpeak', 'slope']"
5030,Naive Bayes,79.50574713,80.24079807,83.75,81.70695514,"['sex', 'cp', 'trestbps', 'restecg', 'exang', 'oldpeak', 'ca']"
5031,Naive Bayes,80.85057471,83.05388471,83.01470588,82.49243784,"['sex', 'cp', 'trestbps', 'restecg', 'exang', 'oldpeak', 'thal']"
5032,Naive Bayes,78.87208009,79.56875645,83.63970588,81.36810849,"['sex', 'cp', 'trestbps', 'restecg', 'exang', 'slope', 'ca']"
5033,Naive Bayes,79.86206897,82.35106998,81.13970588,81.40170453,"['sex', 'cp', 'trestbps', 'restecg', 'exang', 'slope', 'thal']"
5034,Naive Bayes,80.86281053,83.87479114,82.97794118,82.79208887,"['sex', 'cp', 'trestbps', 'restecg', 'exang', 'ca', 'thal']"
5035,Naive Bayes,78.81757508,78.21221452,85.99264706,81.72969485,"['sex', 'cp', 'trestbps', 'restecg', 'oldpeak', 'slope', 'ca']"
5036,Naive Bayes,80.18539118,83.1035564,80.55147059,81.50072545,"['sex', 'cp', 'trestbps', 'restecg', 'oldpeak', 'slope', 'thal']"
5037,Naive Bayes,80.84130515,81.28336215,85.44117647,83.02660221,"['sex', 'cp', 'trestbps', 'restecg', 'oldpeak', 'ca', 'thal']"
5038,Naive Bayes,80.49721913,82.79165606,82.35294118,82.09101873,"['sex', 'cp', 'trestbps', 'restecg', 'slope', 'ca', 'thal']"
5039,Naive Bayes,80.90582128,80.27163497,86.17647059,82.93192428,"['sex', 'cp', 'trestbps', 'thalach', 'exang', 'oldpeak', 'slope']"
5040,Naive Bayes,80.87282165,81.16013072,84.96323529,82.8872549,"['sex', 'cp', 'trestbps', 'thalach', 'exang', 'oldpeak', 'ca']"
5041,Naive Bayes,80.85057471,81.84640523,83.67647059,82.59858137,"['sex', 'cp', 'trestbps', 'thalach', 'exang', 'oldpeak', 'thal']"
5042,Naive Bayes,78.91583241,79.15277778,83.71323529,81.25999462,"['sex', 'cp', 'trestbps', 'thalach', 'exang', 'slope', 'ca']"
5043,Naive Bayes,80.53948832,81.55622512,84.15441176,82.51778613,"['sex', 'cp', 'trestbps', 'thalach', 'exang', 'slope', 'thal']"
5044,Naive Bayes,80.54022989,83.07811195,82.42647059,82.40376498,"['sex', 'cp', 'trestbps', 'thalach', 'exang', 'ca', 'thal']"
5045,Naive Bayes,80.19614386,78.7970729,87.94117647,82.96518818,"['sex', 'cp', 'trestbps', 'thalach', 'oldpeak', 'slope', 'ca']"
5046,Naive Bayes,83.17612162,83.41002015,87.24264706,84.98235971,"['sex', 'cp', 'trestbps', 'thalach', 'oldpeak', 'slope', 'thal']"
5047,Naive Bayes,84.11012236,83.45461693,89.04411765,85.99966047,"['sex', 'cp', 'trestbps', 'thalach', 'oldpeak', 'ca', 'thal']"
5048,Naive Bayes,83.45494994,83.88911854,87.16911765,85.19925171,"['sex', 'cp', 'trestbps', 'thalach', 'slope', 'ca', 'thal']"
5049,Naive Bayes,79.17241379,79.58978328,83.67647059,81.42422052,"['sex', 'cp', 'trestbps', 'exang', 'oldpeak', 'slope', 'ca']"
5050,Naive Bayes,80.48350019,81.3056992,84.22794118,82.37266063,"['sex', 'cp', 'trestbps', 'exang', 'oldpeak', 'slope', 'thal']"
5051,Naive Bayes,82.45272525,83.48179272,85.44117647,84.2962291,"['sex', 'cp', 'trestbps', 'exang', 'oldpeak', 'ca', 'thal']"
5052,Naive Bayes,81.85205784,82.9806993,84.85294118,83.66723395,"['sex', 'cp', 'trestbps', 'exang', 'slope', 'ca', 'thal']"
5053,Naive Bayes,82.13014461,81.71839525,87.27941176,84.26089952,"['sex', 'cp', 'trestbps', 'oldpeak', 'slope', 'ca', 'thal']"
5054,Naive Bayes,77.31368187,77.78173375,83.08823529,80.10210455,"['sex', 'cp', 'chol', 'fbs', 'restecg', 'thalach', 'exang']"
5055,Naive Bayes,80.90656285,79.45187778,88.56617647,83.50549577,"['sex', 'cp', 'chol', 'fbs', 'restecg', 'thalach', 'oldpeak']"
5056,Naive Bayes,75.24768261,75.65080647,82.31617647,78.3548008,"['sex', 'cp', 'chol', 'fbs', 'restecg', 'thalach', 'slope']"
5057,Naive Bayes,79.16240267,77.91377396,87.27941176,82.17724458,"['sex', 'cp', 'chol', 'fbs', 'restecg', 'thalach', 'ca']"
5058,Naive Bayes,79.18390805,80.90133422,82.35294118,81.13960524,"['sex', 'cp', 'chol', 'fbs', 'restecg', 'thalach', 'thal']"
5059,Naive Bayes,76.94734891,77.47537292,82.53676471,79.56831837,"['sex', 'cp', 'chol', 'fbs', 'restecg', 'exang', 'oldpeak']"
5060,Naive Bayes,76.99258435,77.87034989,81.80147059,79.52283673,"['sex', 'cp', 'chol', 'fbs', 'restecg', 'exang', 'slope']"
5061,Naive Bayes,77.29365962,78.3644528,81.94852941,79.87087791,"['sex', 'cp', 'chol', 'fbs', 'restecg', 'exang', 'ca']"
5062,Naive Bayes,76.2246941,78.51564809,78.71323529,78.27737741,"['sex', 'cp', 'chol', 'fbs', 'restecg', 'exang', 'thal']"
5063,Naive Bayes,77.60474601,76.94643806,85.44117647,80.72555914,"['sex', 'cp', 'chol', 'fbs', 'restecg', 'oldpeak', 'slope']"
5064,Naive Bayes,80.87504635,80.91383991,86.69117647,83.38094578,"['sex', 'cp', 'chol', 'fbs', 'restecg', 'oldpeak', 'ca']"
5065,Naive Bayes,80.16240267,82.36645772,81.80147059,81.68258762,"['sex', 'cp', 'chol', 'fbs', 'restecg', 'oldpeak', 'thal']"
5066,Naive Bayes,78.495736,78.74359305,84.19117647,81.22537292,"['sex', 'cp', 'chol', 'fbs', 'restecg', 'slope', 'ca']"
5067,Naive Bayes,78.495736,82.79959871,76.80147059,79.22951435,"['sex', 'cp', 'chol', 'fbs', 'restecg', 'slope', 'thal']"
5068,Naive Bayes,78.51649981,81.07456432,80.625,80.44667681,"['sex', 'cp', 'chol', 'fbs', 'restecg', 'ca', 'thal']"
5069,Naive Bayes,79.92658509,78.83406433,86.80147059,82.45180715,"['sex', 'cp', 'chol', 'fbs', 'thalach', 'exang', 'oldpeak']"
5070,Naive Bayes,75.64553207,76.20801249,81.28676471,78.31790498,"['sex', 'cp', 'chol', 'fbs', 'thalach', 'exang', 'slope']"
5071,Naive Bayes,77.97107898,78.26547988,83.71323529,80.70498019,"['sex', 'cp', 'chol', 'fbs', 'thalach', 'exang', 'ca']"
5072,Naive Bayes,79.27141268,80.80481936,82.38970588,81.21926062,"['sex', 'cp', 'chol', 'fbs', 'thalach', 'exang', 'thal']"
5073,Naive Bayes,77.22543567,76.41730605,84.88970588,80.19069735,"['sex', 'cp', 'chol', 'fbs', 'thalach', 'oldpeak', 'slope']"
5074,Naive Bayes,81.84278828,80.1621947,90.33088235,84.7462451,"['sex', 'cp', 'chol', 'fbs', 'thalach', 'oldpeak', 'ca']"
5075,Naive Bayes,82.18613274,84.20532572,84.19117647,83.69843941,"['sex', 'cp', 'chol', 'fbs', 'thalach', 'oldpeak', 'thal']"
5076,Naive Bayes,77.85057471,77.71272544,84.81617647,80.82984455,"['sex', 'cp', 'chol', 'fbs', 'thalach', 'slope', 'ca']"
5077,Naive Bayes,79.50648869,81.66835074,81.10294118,80.91603051,"['sex', 'cp', 'chol', 'fbs', 'thalach', 'slope', 'thal']"
5078,Naive Bayes,81.50797182,82.82766855,84.74264706,83.26675285,"['sex', 'cp', 'chol', 'fbs', 'thalach', 'ca', 'thal']"
5079,Naive Bayes,79.89432703,80.67722474,83.08823529,81.62059461,"['sex', 'cp', 'chol', 'fbs', 'exang', 'oldpeak', 'slope']"
5080,Naive Bayes,79.19466073,79.9875301,83.125,81.34583227,"['sex', 'cp', 'chol', 'fbs', 'exang', 'oldpeak', 'ca']"
5081,Naive Bayes,80.18316648,82.43753615,81.83823529,81.68995835,"['sex', 'cp', 'chol', 'fbs', 'exang', 'oldpeak', 'thal']"
5082,Naive Bayes,77.92732666,79.95402722,81.17647059,80.09642519,"['sex', 'cp', 'chol', 'fbs', 'exang', 'slope', 'ca']"
5083,Naive Bayes,75.92510197,79.04472325,77.42647059,77.49907144,"['sex', 'cp', 'chol', 'fbs', 'exang', 'slope', 'thal']"
5084,Naive Bayes,78.87282165,81.89335566,80.51470588,80.67089714,"['sex', 'cp', 'chol', 'fbs', 'exang', 'ca', 'thal']"
5085,Naive Bayes,78.83908046,78.54613919,85.40441176,81.61534677,"['sex', 'cp', 'chol', 'fbs', 'oldpeak', 'slope', 'ca']"
5086,Naive Bayes,79.85131628,82.79580859,80.55147059,81.20496279,"['sex', 'cp', 'chol', 'fbs', 'oldpeak', 'slope', 'thal']"
5087,Naive Bayes,81.17463849,82.76263198,83.63970588,82.90515081,"['sex', 'cp', 'chol', 'fbs', 'oldpeak', 'ca', 'thal']"
5088,Naive Bayes,79.87430478,82.92998831,81.10294118,81.18043648,"['sex', 'cp', 'chol', 'fbs', 'slope', 'ca', 'thal']"
5089,Naive Bayes,80.28290693,79.67836257,86.21323529,82.61529101,"['sex', 'cp', 'chol', 'restecg', 'thalach', 'exang', 'oldpeak']"
5090,Naive Bayes,76.35743419,76.92923485,81.91176471,79.09918628,"['sex', 'cp', 'chol', 'restecg', 'thalach', 'exang', 'slope']"
5091,Naive Bayes,78.63848721,79.05873753,83.71323529,81.14568981,"['sex', 'cp', 'chol', 'restecg', 'thalach', 'exang', 'ca']"
5092,Naive Bayes,78.58175751,79.69342474,82.42647059,80.80049689,"['sex', 'cp', 'chol', 'restecg', 'thalach', 'exang', 'thal']"
5093,Naive Bayes,77.25917686,76.34031712,85.47794118,80.36963961,"['sex', 'cp', 'chol', 'restecg', 'thalach', 'oldpeak', 'slope']"
5094,Naive Bayes,81.54245458,79.97987616,89.74264706,84.39355857,"['sex', 'cp', 'chol', 'restecg', 'thalach', 'oldpeak', 'ca']"
5095,Naive Bayes,83.20912125,85.09434361,85.44117647,84.82183798,"['sex', 'cp', 'chol', 'restecg', 'thalach', 'oldpeak', 'thal']"
5096,Naive Bayes,77.8613274,76.63399815,86.65441176,81.14051639,"['sex', 'cp', 'chol', 'restecg', 'thalach', 'slope', 'ca']"
5097,Naive Bayes,79.5294772,82.40126995,80.51470588,80.9693076,"['sex', 'cp', 'chol', 'restecg', 'thalach', 'slope', 'thal']"
5098,Naive Bayes,80.17315536,81.63576456,83.60294118,82.20933592,"['sex', 'cp', 'chol', 'restecg', 'thalach', 'ca', 'thal']"
5099,Naive Bayes,79.56025213,80.17928872,83.08823529,81.32397293,"['sex', 'cp', 'chol', 'restecg', 'exang', 'oldpeak', 'slope']"
5100,Naive Bayes,78.5609937,79.58393533,82.53676471,80.79603139,"['sex', 'cp', 'chol', 'restecg', 'exang', 'oldpeak', 'ca']"
5101,Naive Bayes,81.1954023,83.13492063,83.05147059,82.61261261,"['sex', 'cp', 'chol', 'restecg', 'exang', 'oldpeak', 'thal']"
5102,Naive Bayes,78.59399333,80.58964814,81.83823529,80.73260914,"['sex', 'cp', 'chol', 'restecg', 'exang', 'slope', 'ca']"
5103,Naive Bayes,78.87208009,81.81672176,79.375,80.31476621,"['sex', 'cp', 'chol', 'restecg', 'exang', 'slope', 'thal']"
5104,Naive Bayes,78.90582128,81.7526192,80.58823529,80.80923148,"['sex', 'cp', 'chol', 'restecg', 'exang', 'ca', 'thal']"
5105,Naive Bayes,79.16240267,78.76128941,85.99264706,81.98195681,"['sex', 'cp', 'chol', 'restecg', 'oldpeak', 'slope', 'ca']"
5106,Naive Bayes,80.50723026,82.97535127,81.83823529,82.07857521,"['sex', 'cp', 'chol', 'restecg', 'oldpeak', 'slope', 'thal']"
5107,Naive Bayes,82.1868743,83.16265597,85.47794118,84.08526762,"['sex', 'cp', 'chol', 'restecg', 'oldpeak', 'ca', 'thal']"
5108,Naive Bayes,79.47348906,82.00741673,81.13970588,81.23312239,"['sex', 'cp', 'chol', 'restecg', 'slope', 'ca', 'thal']"
5109,Naive Bayes,80.95031516,81.42854071,84.41176471,82.70927765,"['sex', 'cp', 'chol', 'thalach', 'exang', 'oldpeak', 'slope']"
5110,Naive Bayes,80.55098257,81.44848641,83.75,82.4511529,"['sex', 'cp', 'chol', 'thalach', 'exang', 'oldpeak', 'ca']"
5111,Naive Bayes,81.53948832,83.44102904,83.08823529,83.11453037,"['sex', 'cp', 'chol', 'thalach', 'exang', 'oldpeak', 'thal']"
5112,Naive Bayes,79.27215425,79.80457885,83.71323529,81.55428477,"['sex', 'cp', 'chol', 'thalach', 'exang', 'slope', 'ca']"
5113,Naive Bayes,78.97107898,80.39363114,82.42647059,81.12310018,"['sex', 'cp', 'chol', 'thalach', 'exang', 'slope', 'thal']"
5114,Naive Bayes,79.90582128,82.3583407,81.83823529,81.77876498,"['sex', 'cp', 'chol', 'thalach', 'exang', 'ca', 'thal']"
5115,Naive Bayes,79.88505747,78.82225064,87.35294118,82.67269773,"['sex', 'cp', 'chol', 'thalach', 'oldpeak', 'slope', 'ca']"
5116,Naive Bayes,81.88579904,83.5673006,84.26470588,83.51906676,"['sex', 'cp', 'chol', 'thalach', 'oldpeak', 'slope', 'thal']"
5117,Naive Bayes,83.45420838,83.40624232,87.83088235,85.3705755,"['sex', 'cp', 'chol', 'thalach', 'oldpeak', 'ca', 'thal']"
5118,Naive Bayes,81.83129403,82.21043039,86.02941176,83.7573468,"['sex', 'cp', 'chol', 'thalach', 'slope', 'ca', 'thal']"
5119,Naive Bayes,80.55172414,82.19784756,82.46323529,82.1944684,"['sex', 'cp', 'chol', 'exang', 'oldpeak', 'slope', 'ca']"
5120,Naive Bayes,80.19466073,81.40896359,83.01470588,81.83494617,"['sex', 'cp', 'chol', 'exang', 'oldpeak', 'slope', 'thal']"
5121,Naive Bayes,81.48572488,82.68930906,84.22794118,83.31383159,"['sex', 'cp', 'chol', 'exang', 'oldpeak', 'ca', 'thal']"
5122,Naive Bayes,82.22988506,82.96483242,85.51470588,83.95200289,"['sex', 'cp', 'chol', 'exang', 'slope', 'ca', 'thal']"
5123,Naive Bayes,82.81979978,82.68653251,87.27941176,84.77206156,"['sex', 'cp', 'chol', 'oldpeak', 'slope', 'ca', 'thal']"
5124,Naive Bayes,80.93882091,79.81445648,87.42647059,83.25683219,"['sex', 'cp', 'fbs', 'restecg', 'thalach', 'exang', 'oldpeak']"
5125,Naive Bayes,75.99035966,76.08462332,82.5,78.92456344,"['sex', 'cp', 'fbs', 'restecg', 'thalach', 'exang', 'slope']"
5126,Naive Bayes,78.96106785,79.53667871,83.71323529,81.37741886,"['sex', 'cp', 'fbs', 'restecg', 'thalach', 'exang', 'ca']"
5127,Naive Bayes,77.88209121,78.61071797,82.35294118,80.15344916,"['sex', 'cp', 'fbs', 'restecg', 'thalach', 'exang', 'thal']"
5128,Naive Bayes,78.57100482,77.44575228,86.69117647,81.5075941,"['sex', 'cp', 'fbs', 'restecg', 'thalach', 'oldpeak', 'slope']"
5129,Naive Bayes,81.54245458,79.62899897,90.33088235,84.47292365,"['sex', 'cp', 'fbs', 'restecg', 'thalach', 'oldpeak', 'ca']"
5130,Naive Bayes,81.85279941,82.50566839,85.40441176,83.60571039,"['sex', 'cp', 'fbs', 'restecg', 'thalach', 'oldpeak', 'thal']"
5131,Naive Bayes,77.53874676,76.31625074,86.02941176,80.69540713,"['sex', 'cp', 'fbs', 'restecg', 'thalach', 'slope', 'ca']"
5132,Naive Bayes,80.14089729,82.13188089,81.72794118,81.58663218,"['sex', 'cp', 'fbs', 'restecg', 'thalach', 'slope', 'thal']"
5133,Naive Bayes,81.48572488,82.27652086,85.95588235,83.59429992,"['sex', 'cp', 'fbs', 'restecg', 'thalach', 'ca', 'thal']"
5134,Naive Bayes,80.86206897,80.71143403,85.47794118,82.70359261,"['sex', 'cp', 'fbs', 'restecg', 'exang', 'oldpeak', 'slope']"
5135,Naive Bayes,78.19391917,79.05732468,82.53676471,80.49055729,"['sex', 'cp', 'fbs', 'restecg', 'exang', 'oldpeak', 'ca']"
5136,Naive Bayes,80.18390805,82.10902256,82.38970588,81.67271246,"['sex', 'cp', 'fbs', 'restecg', 'exang', 'oldpeak', 'thal']"
5137,Naive Bayes,77.92732666,79.96464814,81.21323529,80.10760914,"['sex', 'cp', 'fbs', 'restecg', 'exang', 'slope', 'ca']"
5138,Naive Bayes,78.57174638,81.19124125,79.96323529,80.08137014,"['sex', 'cp', 'fbs', 'restecg', 'exang', 'slope', 'thal']"
5139,Naive Bayes,79.87356322,82.6494446,81.76470588,81.75086493,"['sex', 'cp', 'fbs', 'restecg', 'exang', 'ca', 'thal']"
5140,Naive Bayes,79.80756396,79.32716489,86.58088235,82.57205952,"['sex', 'cp', 'fbs', 'restecg', 'oldpeak', 'slope', 'ca']"
5141,Naive Bayes,79.85131628,82.26173891,81.17647059,81.4068956,"['sex', 'cp', 'fbs', 'restecg', 'oldpeak', 'slope', 'thal']"
5142,Naive Bayes,82.48794957,83.76528623,85.40441176,84.25044025,"['sex', 'cp', 'fbs', 'restecg', 'oldpeak', 'ca', 'thal']"
5143,Naive Bayes,80.4642195,83.32086133,81.72794118,81.92325335,"['sex', 'cp', 'fbs', 'restecg', 'slope', 'ca', 'thal']"
5144,Naive Bayes,80.27215425,80.15968088,84.96323529,82.23806272,"['sex', 'cp', 'fbs', 'thalach', 'exang', 'oldpeak', 'slope']"
5145,Naive Bayes,80.21764924,80.66339869,84.33823529,82.31551076,"['sex', 'cp', 'fbs', 'thalach', 'exang', 'oldpeak', 'ca']"
5146,Naive Bayes,82.18464961,83.56443806,84.26470588,83.77627385,"['sex', 'cp', 'fbs', 'thalach', 'exang', 'oldpeak', 'thal']"
5147,Naive Bayes,79.91731554,80.34220355,84.30147059,82.07775379,"['sex', 'cp', 'fbs', 'thalach', 'exang', 'slope', 'ca']"
5148,Naive Bayes,78.63774564,80.22879597,81.80147059,80.68631857,"['sex', 'cp', 'fbs', 'thalach', 'exang', 'slope', 'thal']"
5149,Naive Bayes,79.56173526,81.60238832,81.80147059,81.45669838,"['sex', 'cp', 'fbs', 'thalach', 'exang', 'ca', 'thal']"
5150,Naive Bayes,80.86355209,79.52644479,87.90441176,83.3927215,"['sex', 'cp', 'fbs', 'thalach', 'oldpeak', 'slope', 'ca']"
5151,Naive Bayes,83.20912125,84.13266008,86.06617647,84.81227563,"['sex', 'cp', 'fbs', 'thalach', 'oldpeak', 'slope', 'thal']"
5152,Naive Bayes,83.44345569,83.43986805,87.79411765,85.34100561,"['sex', 'cp', 'fbs', 'thalach', 'oldpeak', 'ca', 'thal']"
5153,Naive Bayes,81.17538005,82.05357143,84.19117647,82.83799097,"['sex', 'cp', 'fbs', 'thalach', 'slope', 'ca', 'thal']"
5154,Naive Bayes,80.19614386,81.20518207,83.05147059,81.96908157,"['sex', 'cp', 'fbs', 'exang', 'oldpeak', 'slope', 'ca']"
5155,Naive Bayes,79.82832777,81.33467719,82.35294118,81.49129102,"['sex', 'cp', 'fbs', 'exang', 'oldpeak', 'slope', 'thal']"
5156,Naive Bayes,82.13088617,82.88538749,85.40441176,83.9861005,"['sex', 'cp', 'fbs', 'exang', 'oldpeak', 'ca', 'thal']"
5157,Naive Bayes,81.54097145,82.6809057,84.85294118,83.44724947,"['sex', 'cp', 'fbs', 'exang', 'slope', 'ca', 'thal']"
5158,Naive Bayes,82.14238042,82.24703302,86.61764706,84.19386276,"['sex', 'cp', 'fbs', 'oldpeak', 'slope', 'ca', 'thal']"
5159,Naive Bayes,80.96180942,81.57110159,84.41176471,82.68082959,"['sex', 'cp', 'restecg', 'thalach', 'exang', 'oldpeak', 'slope']"
5160,Naive Bayes,80.21764924,80.69607843,84.33823529,82.33231748,"['sex', 'cp', 'restecg', 'thalach', 'exang', 'oldpeak', 'ca']"
5161,Naive Bayes,81.21764924,82.02738464,84.88970588,83.20061148,"['sex', 'cp', 'restecg', 'thalach', 'exang', 'oldpeak', 'thal']"
5162,Naive Bayes,78.9495736,79.34706251,83.71323529,81.31899065,"['sex', 'cp', 'restecg', 'thalach', 'exang', 'slope', 'ca']"
5163,Naive Bayes,79.59399333,80.4248366,83.63970588,81.79622887,"['sex', 'cp', 'restecg', 'thalach', 'exang', 'slope', 'thal']"
5164,Naive Bayes,79.90656285,81.7470146,83.05147059,82.0482455,"['sex', 'cp', 'restecg', 'thalach', 'exang', 'ca', 'thal']"
5165,Naive Bayes,78.88505747,78.40931373,86.10294118,81.83287824,"['sex', 'cp', 'restecg', 'thalach', 'oldpeak', 'slope', 'ca']"
5166,Naive Bayes,81.24137931,82.7552521,84.26470588,83.16046569,"['sex', 'cp', 'restecg', 'thalach', 'oldpeak', 'slope', 'thal']"
5167,Naive Bayes,83.77678902,83.26339746,89.04411765,85.83460772,"['sex', 'cp', 'restecg', 'thalach', 'oldpeak', 'ca', 'thal']"
5168,Naive Bayes,82.12087505,82.73016724,85.99264706,84.03307708,"['sex', 'cp', 'restecg', 'thalach', 'slope', 'ca', 'thal']"
5169,Naive Bayes,80.22988506,80.38132095,84.30147059,82.18960546,"['sex', 'cp', 'restecg', 'exang', 'oldpeak', 'slope', 'ca']"
5170,Naive Bayes,81.88505747,81.98039216,86.10294118,83.6771289,"['sex', 'cp', 'restecg', 'exang', 'oldpeak', 'slope', 'thal']"
5171,Naive Bayes,82.15239155,83.29796919,84.85294118,83.91744122,"['sex', 'cp', 'restecg', 'exang', 'oldpeak', 'ca', 'thal']"
5172,Naive Bayes,82.82054134,83.88441692,86.02941176,84.6437063,"['sex', 'cp', 'restecg', 'exang', 'slope', 'ca', 'thal']"
5173,Naive Bayes,83.14238042,83.33849329,87.27941176,85.10099003,"['sex', 'cp', 'restecg', 'oldpeak', 'slope', 'ca', 'thal']"
5174,Naive Bayes,81.89581016,82.2754128,85.58823529,83.75608073,"['sex', 'cp', 'thalach', 'exang', 'oldpeak', 'slope', 'ca']"
5175,Naive Bayes,81.51872451,82.83666746,83.60294118,83.01498369,"['sex', 'cp', 'thalach', 'exang', 'oldpeak', 'slope', 'thal']"
5176,Naive Bayes,82.8320356,83.51320089,86.06617647,84.62086472,"['sex', 'cp', 'thalach', 'exang', 'oldpeak', 'ca', 'thal']"
5177,Naive Bayes,82.19762699,83.2892894,85.47794118,84.00933506,"['sex', 'cp', 'thalach', 'exang', 'slope', 'ca', 'thal']"
5178,Naive Bayes,82.84278828,83.19914369,86.65441176,84.62460131,"['sex', 'cp', 'thalach', 'oldpeak', 'slope', 'ca', 'thal']"
5179,Naive Bayes,81.18539118,82.22964888,84.26470588,82.97258297,"['sex', 'cp', 'exang', 'oldpeak', 'slope', 'ca', 'thal']"
5180,Naive Bayes,72.61104931,72.72953216,80.58823529,76.25464495,"['sex', 'trestbps', 'chol', 'fbs', 'restecg', 'thalach', 'exang']"
5181,Naive Bayes,73.97886541,73.49943765,81.98529412,77.27330358,"['sex', 'trestbps', 'chol', 'fbs', 'restecg', 'thalach', 'oldpeak']"
5182,Naive Bayes,71.97812384,74.03952283,76.39705882,74.78884736,"['sex', 'trestbps', 'chol', 'fbs', 'restecg', 'thalach', 'slope']"
5183,Naive Bayes,75.19243604,75.3379773,81.76470588,78.21572746,"['sex', 'trestbps', 'chol', 'fbs', 'restecg', 'thalach', 'ca']"
5184,Naive Bayes,76.15869485,79.324548,77.42647059,77.81260991,"['sex', 'trestbps', 'chol', 'fbs', 'restecg', 'thalach', 'thal']"
5185,Naive Bayes,74.54653319,76.18801666,78.23529412,76.62163655,"['sex', 'trestbps', 'chol', 'fbs', 'restecg', 'exang', 'oldpeak']"
5186,Naive Bayes,73.60252132,74.96402772,78.16176471,76.2263069,"['sex', 'trestbps', 'chol', 'fbs', 'restecg', 'exang', 'slope']"
5187,Naive Bayes,73.27919911,74.79096639,78.23529412,76.22927941,"['sex', 'trestbps', 'chol', 'fbs', 'restecg', 'exang', 'ca']"
5188,Naive Bayes,74.30070449,79.04761905,73.93382353,75.74179133,"['sex', 'trestbps', 'chol', 'fbs', 'restecg', 'exang', 'thal']"
5189,Naive Bayes,73.24768261,73.31011799,81.17647059,76.70955923,"['sex', 'trestbps', 'chol', 'fbs', 'restecg', 'oldpeak', 'slope']"
5190,Naive Bayes,73.2814238,73.25235109,81.32352941,76.61935402,"['sex', 'trestbps', 'chol', 'fbs', 'restecg', 'oldpeak', 'ca']"
5191,Naive Bayes,76.8928439,79.94697717,76.98529412,78.03278516,"['sex', 'trestbps', 'chol', 'fbs', 'restecg', 'oldpeak', 'thal']"
5192,Naive Bayes,74.13793103,74.82299778,81.80147059,77.65625493,"['sex', 'trestbps', 'chol', 'fbs', 'restecg', 'slope', 'ca']"
5193,Naive Bayes,74.54727475,79.75676963,72.64705882,75.53038837,"['sex', 'trestbps', 'chol', 'fbs', 'restecg', 'slope', 'thal']"
5194,Naive Bayes,76.4705228,79.97055988,77.53676471,78.1962482,"['sex', 'trestbps', 'chol', 'fbs', 'restecg', 'ca', 'thal']"
5195,Naive Bayes,78.54801631,78.31806846,83.75,80.85462821,"['sex', 'trestbps', 'chol', 'fbs', 'thalach', 'exang', 'oldpeak']"
5196,Naive Bayes,76.61475714,77.13293651,81.21323529,78.9010299,"['sex', 'trestbps', 'chol', 'fbs', 'thalach', 'exang', 'slope']"
5197,Naive Bayes,75.25769373,76.36928719,80.07352941,77.94067813,"['sex', 'trestbps', 'chol', 'fbs', 'thalach', 'exang', 'ca']"
5198,Naive Bayes,74.90211346,78.14198959,75.66176471,76.55965867,"['sex', 'trestbps', 'chol', 'fbs', 'thalach', 'exang', 'thal']"
5199,Naive Bayes,75.65850945,75.45949935,82.53676471,78.41593842,"['sex', 'trestbps', 'chol', 'fbs', 'thalach', 'oldpeak', 'slope']"
5200,Naive Bayes,77.27067112,76.72533143,83.82352941,79.80298786,"['sex', 'trestbps', 'chol', 'fbs', 'thalach', 'oldpeak', 'ca']"
5201,Naive Bayes,75.58101594,77.11124011,78.16176471,77.47577187,"['sex', 'trestbps', 'chol', 'fbs', 'thalach', 'oldpeak', 'thal']"
5202,Naive Bayes,76.17167223,76.1870485,82.38970588,78.84407592,"['sex', 'trestbps', 'chol', 'fbs', 'thalach', 'slope', 'ca']"
5203,Naive Bayes,76.23841305,78.5689167,78.01470588,77.77661318,"['sex', 'trestbps', 'chol', 'fbs', 'thalach', 'slope', 'thal']"
5204,Naive Bayes,78.45124212,81.92881714,78.08823529,79.65000883,"['sex', 'trestbps', 'chol', 'fbs', 'thalach', 'ca', 'thal']"
5205,Naive Bayes,75.54727475,77.20049176,78.82352941,77.56231702,"['sex', 'trestbps', 'chol', 'fbs', 'exang', 'oldpeak', 'slope']"
5206,Naive Bayes,76.1701891,77.93802521,79.44852941,78.45486634,"['sex', 'trestbps', 'chol', 'fbs', 'exang', 'oldpeak', 'ca']"
5207,Naive Bayes,77.53800519,79.83931308,79.41176471,79.201605,"['sex', 'trestbps', 'chol', 'fbs', 'exang', 'oldpeak', 'thal']"
5208,Naive Bayes,72.61253244,74.41668982,76.36029412,75.11078858,"['sex', 'trestbps', 'chol', 'fbs', 'exang', 'slope', 'ca']"
5209,Naive Bayes,73.94586578,78.06683375,74.44852941,75.40738626,"['sex', 'trestbps', 'chol', 'fbs', 'exang', 'slope', 'thal']"
5210,Naive Bayes,76.86058584,80.64182515,76.28676471,78.04360663,"['sex', 'trestbps', 'chol', 'fbs', 'exang', 'ca', 'thal']"
5211,Naive Bayes,74.92584353,74.66756966,81.91176471,77.85905357,"['sex', 'trestbps', 'chol', 'fbs', 'oldpeak', 'slope', 'ca']"
5212,Naive Bayes,74.56952169,76.18584924,78.08823529,76.72088261,"['sex', 'trestbps', 'chol', 'fbs', 'oldpeak', 'slope', 'thal']"
5213,Naive Bayes,77.5272525,80.27073906,78.82352941,79.12798092,"['sex', 'trestbps', 'chol', 'fbs', 'oldpeak', 'ca', 'thal']"
5214,Naive Bayes,76.46125324,80.21841463,77.5,78.06695042,"['sex', 'trestbps', 'chol', 'fbs', 'slope', 'ca', 'thal']"
5215,Naive Bayes,77.54801631,77.38903017,83.125,79.97152166,"['sex', 'trestbps', 'chol', 'restecg', 'thalach', 'exang', 'oldpeak']"
5216,Naive Bayes,76.2584353,76.66177699,81.21323529,78.61977649,"['sex', 'trestbps', 'chol', 'restecg', 'thalach', 'exang', 'slope']"
5217,Naive Bayes,76.28068224,77.25292398,80.66176471,78.77918655,"['sex', 'trestbps', 'chol', 'restecg', 'thalach', 'exang', 'ca']"
5218,Naive Bayes,75.6240267,79.07477026,76.94852941,77.44576669,"['sex', 'trestbps', 'chol', 'restecg', 'thalach', 'exang', 'thal']"
5219,Naive Bayes,76.64849833,75.84553963,84.33823529,79.5199164,"['sex', 'trestbps', 'chol', 'restecg', 'thalach', 'oldpeak', 'slope']"
5220,Naive Bayes,76.58175751,76.33470932,83.16176471,79.42140001,"['sex', 'trestbps', 'chol', 'restecg', 'thalach', 'oldpeak', 'ca']"
5221,Naive Bayes,76.25917686,78.33891715,78.16176471,78.03605313,"['sex', 'trestbps', 'chol', 'restecg', 'thalach', 'oldpeak', 'thal']"
5222,Naive Bayes,76.87208009,76.87788098,82.46323529,79.33702332,"['sex', 'trestbps', 'chol', 'restecg', 'thalach', 'slope', 'ca']"
5223,Naive Bayes,75.28068224,78.2590612,76.32352941,76.76802552,"['sex', 'trestbps', 'chol', 'restecg', 'thalach', 'slope', 'thal']"
5224,Naive Bayes,78.40600667,80.749957,79.88970588,80.03517316,"['sex', 'trestbps', 'chol', 'restecg', 'thalach', 'ca', 'thal']"
5225,Naive Bayes,76.8928439,78.97456495,79.41176471,78.69426714,"['sex', 'trestbps', 'chol', 'restecg', 'exang', 'oldpeak', 'slope']"
5226,Naive Bayes,75.83685577,77.34407096,79.41176471,78.18637258,"['sex', 'trestbps', 'chol', 'restecg', 'exang', 'oldpeak', 'ca']"
5227,Naive Bayes,78.19466073,79.91703733,81.17647059,80.07225617,"['sex', 'trestbps', 'chol', 'restecg', 'exang', 'oldpeak', 'thal']"
5228,Naive Bayes,75.24842418,77.27849034,78.16176471,77.48068122,"['sex', 'trestbps', 'chol', 'restecg', 'exang', 'slope', 'ca']"
5229,Naive Bayes,74.96885428,77.79081754,76.98529412,76.83711146,"['sex', 'trestbps', 'chol', 'restecg', 'exang', 'slope', 'thal']"
5230,Naive Bayes,77.20467186,81.23004369,76.98529412,78.53391202,"['sex', 'trestbps', 'chol', 'restecg', 'exang', 'ca', 'thal']"
5231,Naive Bayes,75.91583241,75.47461848,83.67647059,79.17273492,"['sex', 'trestbps', 'chol', 'restecg', 'oldpeak', 'slope', 'ca']"
5232,Naive Bayes,76.27067112,76.76986584,81.21323529,78.64662117,"['sex', 'trestbps', 'chol', 'restecg', 'oldpeak', 'slope', 'thal']"
5233,Naive Bayes,79.50723026,81.38358765,81.21323529,81.07578393,"['sex', 'trestbps', 'chol', 'restecg', 'oldpeak', 'ca', 'thal']"
5234,Naive Bayes,77.79458658,80.50185985,79.96323529,79.58133791,"['sex', 'trestbps', 'chol', 'restecg', 'slope', 'ca', 'thal']"
5235,Naive Bayes,79.22766036,80.44467787,81.875,80.9241151,"['sex', 'trestbps', 'chol', 'thalach', 'exang', 'oldpeak', 'slope']"
5236,Naive Bayes,77.504264,77.96052632,82.46323529,80.05500382,"['sex', 'trestbps', 'chol', 'thalach', 'exang', 'oldpeak', 'ca']"
5237,Naive Bayes,80.495736,81.87419529,83.05147059,82.16404626,"['sex', 'trestbps', 'chol', 'thalach', 'exang', 'oldpeak', 'thal']"
5238,Naive Bayes,76.96032629,78.24673203,80.03676471,79.05740038,"['sex', 'trestbps', 'chol', 'thalach', 'exang', 'slope', 'ca']"
5239,Naive Bayes,78.23767149,81.21977455,78.75,79.66184981,"['sex', 'trestbps', 'chol', 'thalach', 'exang', 'slope', 'thal']"
5240,Naive Bayes,80.51798294,83.01092806,81.17647059,81.99370843,"['sex', 'trestbps', 'chol', 'thalach', 'exang', 'ca', 'thal']"
5241,Naive Bayes,76.60474601,76.32795838,83.05147059,79.38798748,"['sex', 'trestbps', 'chol', 'thalach', 'oldpeak', 'slope', 'ca']"
5242,Naive Bayes,77.60548758,78.4658767,81.21323529,79.524388,"['sex', 'trestbps', 'chol', 'thalach', 'oldpeak', 'slope', 'thal']"
5243,Naive Bayes,79.54022989,80.98981522,81.875,81.20100914,"['sex', 'trestbps', 'chol', 'thalach', 'oldpeak', 'ca', 'thal']"
5244,Naive Bayes,79.47423063,81.87577399,80.51470588,80.69996303,"['sex', 'trestbps', 'chol', 'thalach', 'slope', 'ca', 'thal']"
5245,Naive Bayes,75.18020022,77.18044971,78.16176471,77.40196957,"['sex', 'trestbps', 'chol', 'exang', 'oldpeak', 'slope', 'ca']"
5246,Naive Bayes,77.22617723,81.13559776,76.36029412,78.08922402,"['sex', 'trestbps', 'chol', 'exang', 'oldpeak', 'slope', 'thal']"
5247,Naive Bayes,77.20541342,79.66575139,78.16176471,78.75573778,"['sex', 'trestbps', 'chol', 'exang', 'oldpeak', 'ca', 'thal']"
5248,Naive Bayes,77.88357434,82.18860525,76.91176471,78.94582732,"['sex', 'trestbps', 'chol', 'exang', 'slope', 'ca', 'thal']"
5249,Naive Bayes,76.58249907,78.52877386,78.75,78.32936508,"['sex', 'trestbps', 'chol', 'oldpeak', 'slope', 'ca', 'thal']"
5250,Naive Bayes,78.20393029,77.90613175,83.71323529,80.56556107,"['sex', 'trestbps', 'fbs', 'restecg', 'thalach', 'exang', 'oldpeak']"
5251,Naive Bayes,76.24768261,76.22652219,81.80147059,78.71498035,"['sex', 'trestbps', 'fbs', 'restecg', 'thalach', 'exang', 'slope']"
5252,Naive Bayes,76.90359659,77.82894737,81.25,79.38569519,"['sex', 'trestbps', 'fbs', 'restecg', 'thalach', 'exang', 'ca']"
5253,Naive Bayes,75.58027438,78.80205415,77.46323529,77.52668127,"['sex', 'trestbps', 'fbs', 'restecg', 'thalach', 'exang', 'thal']"
5254,Naive Bayes,75.65925102,75.38658682,82.5,78.35688065,"['sex', 'trestbps', 'fbs', 'restecg', 'thalach', 'oldpeak', 'slope']"
5255,Naive Bayes,78.54949944,78.54285837,83.78676471,80.81802027,"['sex', 'trestbps', 'fbs', 'restecg', 'thalach', 'oldpeak', 'ca']"
5256,Naive Bayes,77.23767149,79.47701834,79.33823529,78.9890141,"['sex', 'trestbps', 'fbs', 'restecg', 'thalach', 'oldpeak', 'thal']"
5257,Naive Bayes,77.52799407,76.65944272,84.85294118,80.38017582,"['sex', 'trestbps', 'fbs', 'restecg', 'thalach', 'slope', 'ca']"
5258,Naive Bayes,77.24916574,80.01989876,78.67647059,78.81266731,"['sex', 'trestbps', 'fbs', 'restecg', 'thalach', 'slope', 'thal']"
5259,Naive Bayes,78.76232851,82.10103858,79.30147059,80.18308469,"['sex', 'trestbps', 'fbs', 'restecg', 'thalach', 'ca', 'thal']"
5260,Naive Bayes,76.52576937,78.47155403,79.41176471,78.44019059,"['sex', 'trestbps', 'fbs', 'restecg', 'exang', 'oldpeak', 'slope']"
5261,Naive Bayes,75.80385614,76.80808025,80.55147059,78.45194783,"['sex', 'trestbps', 'fbs', 'restecg', 'exang', 'oldpeak', 'ca']"
5262,Naive Bayes,77.50574713,78.48037652,81.13970588,79.41771808,"['sex', 'trestbps', 'fbs', 'restecg', 'exang', 'oldpeak', 'thal']"
5263,Naive Bayes,74.55951057,76.35995626,78.125,76.99214035,"['sex', 'trestbps', 'fbs', 'restecg', 'exang', 'slope', 'ca']"
5264,Naive Bayes,75.60326288,78.5527223,77.53676471,77.34529506,"['sex', 'trestbps', 'fbs', 'restecg', 'exang', 'slope', 'thal']"
5265,Naive Bayes,77.21616611,81.32927908,76.94852941,78.52019486,"['sex', 'trestbps', 'fbs', 'restecg', 'exang', 'ca', 'thal']"
5266,Naive Bayes,76.5609937,76.09270005,84.26470588,79.7199694,"['sex', 'trestbps', 'fbs', 'restecg', 'oldpeak', 'slope', 'ca']"
5267,Naive Bayes,76.59325176,77.67042607,80.58823529,78.66196924,"['sex', 'trestbps', 'fbs', 'restecg', 'oldpeak', 'slope', 'thal']"
5268,Naive Bayes,78.19466073,80.26518502,80.03676471,79.80968993,"['sex', 'trestbps', 'fbs', 'restecg', 'oldpeak', 'ca', 'thal']"
5269,Naive Bayes,76.81609195,80.49443629,78.16176471,78.64605301,"['sex', 'trestbps', 'fbs', 'restecg', 'slope', 'ca', 'thal']"
5270,Naive Bayes,78.86058584,79.07718438,83.05147059,80.88188369,"['sex', 'trestbps', 'fbs', 'thalach', 'exang', 'oldpeak', 'slope']"
5271,Naive Bayes,77.504264,77.96052632,82.46323529,80.05500382,"['sex', 'trestbps', 'fbs', 'thalach', 'exang', 'oldpeak', 'ca']"
5272,Naive Bayes,79.81757508,81.09221583,83.01470588,81.71753252,"['sex', 'trestbps', 'fbs', 'thalach', 'exang', 'oldpeak', 'thal']"
5273,Naive Bayes,76.25991843,77.38377193,80,78.61266124,"['sex', 'trestbps', 'fbs', 'thalach', 'exang', 'slope', 'ca']"
5274,Naive Bayes,77.2269188,79.73337236,78.71323529,78.83494829,"['sex', 'trestbps', 'fbs', 'thalach', 'exang', 'slope', 'thal']"
5275,Naive Bayes,79.17389692,82.08578431,79.30147059,80.46306587,"['sex', 'trestbps', 'fbs', 'thalach', 'exang', 'ca', 'thal']"
5276,Naive Bayes,76.93807935,76.77803578,83.08823529,79.6767476,"['sex', 'trestbps', 'fbs', 'thalach', 'oldpeak', 'slope', 'ca']"
5277,Naive Bayes,77.92732666,79.07792152,81.21323529,79.881268,"['sex', 'trestbps', 'fbs', 'thalach', 'oldpeak', 'slope', 'thal']"
5278,Naive Bayes,78.87356322,79.91511868,81.83823529,80.69462242,"['sex', 'trestbps', 'fbs', 'thalach', 'oldpeak', 'ca', 'thal']"
5279,Naive Bayes,77.82906934,80.74788881,78.67647059,79.11268311,"['sex', 'trestbps', 'fbs', 'thalach', 'slope', 'ca', 'thal']"
5280,Naive Bayes,75.18094179,76.93634822,78.75,77.63206749,"['sex', 'trestbps', 'fbs', 'exang', 'oldpeak', 'slope', 'ca']"
5281,Naive Bayes,78.51575825,82.03070648,78.16176471,79.52991551,"['sex', 'trestbps', 'fbs', 'exang', 'oldpeak', 'slope', 'thal']"
5282,Naive Bayes,77.19466073,79.86216153,78.16176471,78.79344441,"['sex', 'trestbps', 'fbs', 'exang', 'oldpeak', 'ca', 'thal']"
5283,Naive Bayes,78.52873563,83.7306334,76.28676471,79.32620366,"['sex', 'trestbps', 'fbs', 'exang', 'slope', 'ca', 'thal']"
5284,Naive Bayes,76.53800519,78.42838809,79.33823529,78.54081764,"['sex', 'trestbps', 'fbs', 'oldpeak', 'slope', 'ca', 'thal']"
5285,Naive Bayes,78.59399333,79.97801489,81.28676471,80.41766335,"['sex', 'trestbps', 'restecg', 'thalach', 'exang', 'oldpeak', 'slope']"
5286,Naive Bayes,78.17167223,78.500602,83.05147059,80.64323911,"['sex', 'trestbps', 'restecg', 'thalach', 'exang', 'oldpeak', 'ca']"
5287,Naive Bayes,80.84056359,81.74300948,84.26470588,82.69286459,"['sex', 'trestbps', 'restecg', 'thalach', 'exang', 'oldpeak', 'thal']"
5288,Naive Bayes,76.92732666,77.89460784,80.625,79.17551669,"['sex', 'trestbps', 'restecg', 'thalach', 'exang', 'slope', 'ca']"
5289,Naive Bayes,76.24768261,79.0036252,77.53676471,77.86272607,"['sex', 'trestbps', 'restecg', 'thalach', 'exang', 'slope', 'thal']"
5290,Naive Bayes,80.51872451,82.27481694,82.38970588,82.22090928,"['sex', 'trestbps', 'restecg', 'thalach', 'exang', 'ca', 'thal']"
5291,Naive Bayes,76.28216537,76.35804641,82.5,79.14426775,"['sex', 'trestbps', 'restecg', 'thalach', 'oldpeak', 'slope', 'ca']"
5292,Naive Bayes,75.97033741,77.21940267,79.44852941,78.01121172,"['sex', 'trestbps', 'restecg', 'thalach', 'oldpeak', 'slope', 'thal']"
5293,Naive Bayes,79.2183908,79.55323357,83.67647059,81.40293808,"['sex', 'trestbps', 'restecg', 'thalach', 'oldpeak', 'ca', 'thal']"
5294,Naive Bayes,78.13941416,80.14765326,80.51470588,79.8378437,"['sex', 'trestbps', 'restecg', 'thalach', 'slope', 'ca', 'thal']"
5295,Naive Bayes,75.8928439,78.49270093,78.19852941,78.05033706,"['sex', 'trestbps', 'restecg', 'exang', 'oldpeak', 'slope', 'ca']"
5296,Naive Bayes,78.53874676,82.22873927,78.19852941,79.56568864,"['sex', 'trestbps', 'restecg', 'exang', 'oldpeak', 'slope', 'thal']"
5297,Naive Bayes,77.17241379,79.21580299,79.375,79.10658051,"['sex', 'trestbps', 'restecg', 'exang', 'oldpeak', 'ca', 'thal']"
5298,Naive Bayes,77.51724138,82.00672663,76.28676471,78.58715761,"['sex', 'trestbps', 'restecg', 'exang', 'slope', 'ca', 'thal']"
5299,Naive Bayes,77.88431591,79.81198708,79.96323529,79.62072165,"['sex', 'trestbps', 'restecg', 'oldpeak', 'slope', 'ca', 'thal']"
5300,Naive Bayes,77.87208009,78.39843481,82.42647059,80.26288912,"['sex', 'trestbps', 'thalach', 'exang', 'oldpeak', 'slope', 'ca']"
5301,Naive Bayes,79.51872451,81.13515406,81.76470588,81.09481368,"['sex', 'trestbps', 'thalach', 'exang', 'oldpeak', 'slope', 'thal']"
5302,Naive Bayes,80.1638858,82.27020984,81.80147059,81.89661524,"['sex', 'trestbps', 'thalach', 'exang', 'oldpeak', 'ca', 'thal']"
5303,Naive Bayes,79.5524657,82.66426955,79.375,80.79337583,"['sex', 'trestbps', 'thalach', 'exang', 'slope', 'ca', 'thal']"
5304,Naive Bayes,78.23989618,79.05802969,81.83823529,80.13562844,"['sex', 'trestbps', 'thalach', 'oldpeak', 'slope', 'ca', 'thal']"
5305,Naive Bayes,80.84204672,83.19866455,81.80147059,82.32466711,"['sex', 'trestbps', 'exang', 'oldpeak', 'slope', 'ca', 'thal']"
5306,Naive Bayes,77.21468298,77.20281095,82.5,79.5138886,"['sex', 'chol', 'fbs', 'restecg', 'thalach', 'exang', 'oldpeak']"
5307,Naive Bayes,76.30218762,77.05674391,81.25,78.70505038,"['sex', 'chol', 'fbs', 'restecg', 'thalach', 'exang', 'slope']"
5308,Naive Bayes,76.61475714,76.82241142,82.5,79.40913306,"['sex', 'chol', 'fbs', 'restecg', 'thalach', 'exang', 'ca']"
5309,Naive Bayes,75.24694105,78.73086069,75.66176471,76.68133464,"['sex', 'chol', 'fbs', 'restecg', 'thalach', 'exang', 'thal']"
5310,Naive Bayes,75.9810901,75.79648542,82.57352941,78.62920067,"['sex', 'chol', 'fbs', 'restecg', 'thalach', 'oldpeak', 'slope']"
5311,Naive Bayes,78.2499073,78.46120202,83.16176471,80.45786523,"['sex', 'chol', 'fbs', 'restecg', 'thalach', 'oldpeak', 'ca']"
5312,Naive Bayes,77.24916574,80.05902624,78.125,78.70233713,"['sex', 'chol', 'fbs', 'restecg', 'thalach', 'oldpeak', 'thal']"
5313,Naive Bayes,74.26918799,74.30429293,81.36029412,77.29437272,"['sex', 'chol', 'fbs', 'restecg', 'thalach', 'slope', 'ca']"
5314,Naive Bayes,73.69076752,77.10820389,74.52205882,75.31140711,"['sex', 'chol', 'fbs', 'restecg', 'thalach', 'slope', 'thal']"
5315,Naive Bayes,78.42825362,81.95398826,78.71323529,79.79036514,"['sex', 'chol', 'fbs', 'restecg', 'thalach', 'ca', 'thal']"
5316,Naive Bayes,76.87059696,77.93702531,80.625,78.80913107,"['sex', 'chol', 'fbs', 'restecg', 'exang', 'oldpeak', 'slope']"
5317,Naive Bayes,75.82610308,77.62348273,78.78676471,78.00050058,"['sex', 'chol', 'fbs', 'restecg', 'exang', 'oldpeak', 'ca']"
5318,Naive Bayes,77.5609937,79.5545703,79.375,78.96079469,"['sex', 'chol', 'fbs', 'restecg', 'exang', 'oldpeak', 'thal']"
5319,Naive Bayes,74.23618836,75.86116498,78.19852941,76.74717841,"['sex', 'chol', 'fbs', 'restecg', 'exang', 'slope', 'ca']"
5320,Naive Bayes,73.95736003,77.19091847,75.69852941,75.80169171,"['sex', 'chol', 'fbs', 'restecg', 'exang', 'slope', 'thal']"
5321,Naive Bayes,75.61475714,79.92822911,74.59558824,76.78026036,"['sex', 'chol', 'fbs', 'restecg', 'exang', 'ca', 'thal']"
5322,Naive Bayes,75.90433815,75.77348903,83.125,78.98380104,"['sex', 'chol', 'fbs', 'restecg', 'oldpeak', 'slope', 'ca']"
5323,Naive Bayes,76.24916574,77.74297357,79.96323529,78.35114621,"['sex', 'chol', 'fbs', 'restecg', 'oldpeak', 'slope', 'thal']"
5324,Naive Bayes,78.55098257,81.64893852,78.82352941,79.87421176,"['sex', 'chol', 'fbs', 'restecg', 'oldpeak', 'ca', 'thal']"
5325,Naive Bayes,76.82758621,81.17210189,76.94852941,78.27266463,"['sex', 'chol', 'fbs', 'restecg', 'slope', 'ca', 'thal']"
5326,Naive Bayes,78.90433815,79.96411844,81.875,80.71506665,"['sex', 'chol', 'fbs', 'thalach', 'exang', 'oldpeak', 'slope']"
5327,Naive Bayes,77.17093066,77.38046096,82.46323529,79.75655717,"['sex', 'chol', 'fbs', 'thalach', 'exang', 'oldpeak', 'ca']"
5328,Naive Bayes,78.84909158,79.29738562,83.08823529,80.98640923,"['sex', 'chol', 'fbs', 'thalach', 'exang', 'oldpeak', 'thal']"
5329,Naive Bayes,76.92658509,77.96005332,80.625,79.17490848,"['sex', 'chol', 'fbs', 'thalach', 'exang', 'slope', 'ca']"
5330,Naive Bayes,76.8928439,79.78871292,77.5,78.29686762,"['sex', 'chol', 'fbs', 'thalach', 'exang', 'slope', 'thal']"
5331,Naive Bayes,79.87356322,81.18575851,82.38970588,81.69367297,"['sex', 'chol', 'fbs', 'thalach', 'exang', 'ca', 'thal']"
5332,Naive Bayes,76.58249907,76.47577947,83.08823529,79.43638998,"['sex', 'chol', 'fbs', 'thalach', 'oldpeak', 'slope', 'ca']"
5333,Naive Bayes,77.29365962,79.18073464,79.41176471,78.96718335,"['sex', 'chol', 'fbs', 'thalach', 'oldpeak', 'slope', 'thal']"
5334,Naive Bayes,79.56173526,80.88643791,81.875,81.27800094,"['sex', 'chol', 'fbs', 'thalach', 'oldpeak', 'ca', 'thal']"
5335,Naive Bayes,78.84056359,81.30537935,79.88970588,79.90306434,"['sex', 'chol', 'fbs', 'thalach', 'slope', 'ca', 'thal']"
5336,Naive Bayes,75.87059696,77.45920419,79.375,78.13985278,"['sex', 'chol', 'fbs', 'exang', 'oldpeak', 'slope', 'ca']"
5337,Naive Bayes,78.5272525,82.15395294,77.57352941,79.31837363,"['sex', 'chol', 'fbs', 'exang', 'oldpeak', 'slope', 'thal']"
5338,Naive Bayes,77.51649981,79.18872549,80,79.46343689,"['sex', 'chol', 'fbs', 'exang', 'oldpeak', 'ca', 'thal']"
5339,Naive Bayes,77.53874676,81.33367072,76.91176471,78.64357784,"['sex', 'chol', 'fbs', 'exang', 'slope', 'ca', 'thal']"
5340,Naive Bayes,78.51724138,80.35128971,80.55147059,80.12582588,"['sex', 'chol', 'fbs', 'oldpeak', 'slope', 'ca', 'thal']"
5341,Naive Bayes,77.91583241,78.66830065,81.91176471,80.03133194,"['sex', 'chol', 'restecg', 'thalach', 'exang', 'oldpeak', 'slope']"
5342,Naive Bayes,77.8383389,77.92053664,83.05147059,80.34479246,"['sex', 'chol', 'restecg', 'thalach', 'exang', 'oldpeak', 'ca']"
5343,Naive Bayes,80.1954023,80.67439097,84.33823529,82.18481299,"['sex', 'chol', 'restecg', 'thalach', 'exang', 'oldpeak', 'thal']"
5344,Naive Bayes,76.91583241,77.58144135,81.25,79.27279915,"['sex', 'chol', 'restecg', 'thalach', 'exang', 'slope', 'ca']"
5345,Naive Bayes,78.26065999,80.5881096,79.375,79.70043532,"['sex', 'chol', 'restecg', 'thalach', 'exang', 'slope', 'thal']"
5346,Naive Bayes,78.88357434,79.89142587,81.83823529,80.75128385,"['sex', 'chol', 'restecg', 'thalach', 'exang', 'ca', 'thal']"
5347,Naive Bayes,76.60400445,76.53529099,83.125,79.4961171,"['sex', 'chol', 'restecg', 'thalach', 'oldpeak', 'slope', 'ca']"
5348,Naive Bayes,76.97107898,78.25399283,80.66176471,79.09208449,"['sex', 'chol', 'restecg', 'thalach', 'oldpeak', 'slope', 'thal']"
5349,Naive Bayes,77.90582128,78.24705201,83.125,80.332524,"['sex', 'chol', 'restecg', 'thalach', 'oldpeak', 'ca', 'thal']"
5350,Naive Bayes,78.83982202,80.60068535,81.17647059,80.41046964,"['sex', 'chol', 'restecg', 'thalach', 'slope', 'ca', 'thal']"
5351,Naive Bayes,75.54801631,77.29172053,78.78676471,77.76908629,"['sex', 'chol', 'restecg', 'exang', 'oldpeak', 'slope', 'ca']"
5352,Naive Bayes,77.88283278,80.37434366,78.82352941,79.1172316,"['sex', 'chol', 'restecg', 'exang', 'oldpeak', 'slope', 'thal']"
5353,Naive Bayes,78.17241379,79.79901961,80.625,80.0505581,"['sex', 'chol', 'restecg', 'exang', 'oldpeak', 'ca', 'thal']"
5354,Naive Bayes,77.82832777,81.44900572,77.5,78.95500912,"['sex', 'chol', 'restecg', 'exang', 'slope', 'ca', 'thal']"
5355,Naive Bayes,78.87356322,81.08693023,80.58823529,80.28744204,"['sex', 'chol', 'restecg', 'oldpeak', 'slope', 'ca', 'thal']"
5356,Naive Bayes,77.5609937,78.68531623,81.21323529,79.78879127,"['sex', 'chol', 'thalach', 'exang', 'oldpeak', 'slope', 'ca']"
5357,Naive Bayes,78.85131628,80.83753501,80.58823529,80.35102893,"['sex', 'chol', 'thalach', 'exang', 'oldpeak', 'slope', 'thal']"
5358,Naive Bayes,80.51872451,82.25713794,82.46323529,82.20268181,"['sex', 'chol', 'thalach', 'exang', 'oldpeak', 'ca', 'thal']"
5359,Naive Bayes,78.87356322,81.72404664,79.375,80.31996435,"['sex', 'chol', 'thalach', 'exang', 'slope', 'ca', 'thal']"
5360,Naive Bayes,77.23841305,79.20992011,79.41176471,78.75790216,"['sex', 'chol', 'thalach', 'oldpeak', 'slope', 'ca', 'thal']"
5361,Naive Bayes,79.86281053,82.06887931,81.25,81.45065181,"['sex', 'chol', 'exang', 'oldpeak', 'slope', 'ca', 'thal']"
5362,Naive Bayes,77.25991843,77.51760194,82.5,79.68231854,"['sex', 'fbs', 'restecg', 'thalach', 'exang', 'oldpeak', 'slope']"
5363,Naive Bayes,77.8383389,78.01040592,83.05147059,80.37585943,"['sex', 'fbs', 'restecg', 'thalach', 'exang', 'oldpeak', 'ca']"
5364,Naive Bayes,80.85131628,80.83824758,85.51470588,82.88736175,"['sex', 'fbs', 'restecg', 'thalach', 'exang', 'oldpeak', 'thal']"
5365,Naive Bayes,76.89432703,77.34937221,81.80147059,79.40707598,"['sex', 'fbs', 'restecg', 'thalach', 'exang', 'slope', 'ca']"
5366,Naive Bayes,76.58175751,79.12111255,78.125,78.21272987,"['sex', 'fbs', 'restecg', 'thalach', 'exang', 'slope', 'thal']"
5367,Naive Bayes,79.20689655,80.04226866,82.42647059,81.13568389,"['sex', 'fbs', 'restecg', 'thalach', 'exang', 'ca', 'thal']"
5368,Naive Bayes,76.59325176,76.50102026,83.125,79.50666271,"['sex', 'fbs', 'restecg', 'thalach', 'oldpeak', 'slope', 'ca']"
5369,Naive Bayes,77.30441231,79.05675955,80.07352941,79.20562634,"['sex', 'fbs', 'restecg', 'thalach', 'oldpeak', 'slope', 'thal']"
5370,Naive Bayes,78.55098257,79.32786009,82.46323529,80.60792917,"['sex', 'fbs', 'restecg', 'thalach', 'oldpeak', 'ca', 'thal']"
5371,Naive Bayes,78.51798294,80.53934799,80.51470588,79.97926535,"['sex', 'fbs', 'restecg', 'thalach', 'slope', 'ca', 'thal']"
5372,Naive Bayes,76.21542455,78.00985779,79.41176471,78.43969178,"['sex', 'fbs', 'restecg', 'exang', 'oldpeak', 'slope', 'ca']"
5373,Naive Bayes,78.53874676,81.76854887,78.82352941,79.64989208,"['sex', 'fbs', 'restecg', 'exang', 'oldpeak', 'slope', 'thal']"
5374,Naive Bayes,78.1616611,79.84558824,80.58823529,80.113265,"['sex', 'fbs', 'restecg', 'exang', 'oldpeak', 'ca', 'thal']"
5375,Naive Bayes,78.48424175,82.72854648,77.5,79.61479106,"['sex', 'fbs', 'restecg', 'exang', 'slope', 'ca', 'thal']"
5376,Naive Bayes,77.55024101,79.44758677,80,79.20770835,"['sex', 'fbs', 'restecg', 'oldpeak', 'slope', 'ca', 'thal']"
5377,Naive Bayes,77.8613274,78.31759546,82.42647059,80.21773167,"['sex', 'fbs', 'thalach', 'exang', 'oldpeak', 'slope', 'ca']"
5378,Naive Bayes,79.84130515,81.18464052,82.38970588,81.448105,"['sex', 'fbs', 'thalach', 'exang', 'oldpeak', 'slope', 'thal']"
5379,Naive Bayes,80.18539118,81.77184383,82.46323529,81.98180607,"['sex', 'fbs', 'thalach', 'exang', 'oldpeak', 'ca', 'thal']"
5380,Naive Bayes,78.19614386,80.91028523,78.71323529,79.5358438,"['sex', 'fbs', 'thalach', 'exang', 'slope', 'ca', 'thal']"
5381,Naive Bayes,77.5609937,78.90323849,80.625,79.32595007,"['sex', 'fbs', 'thalach', 'oldpeak', 'slope', 'ca', 'thal']"
5382,Naive Bayes,80.18539118,82.80697454,81.21323529,81.71102048,"['sex', 'fbs', 'exang', 'oldpeak', 'slope', 'ca', 'thal']"
5383,Naive Bayes,76.89358547,77.43445624,81.83823529,79.40853917,"['sex', 'restecg', 'thalach', 'exang', 'oldpeak', 'slope', 'ca']"
5384,Naive Bayes,80.79681127,81.89944696,83.60294118,82.50563224,"['sex', 'restecg', 'thalach', 'exang', 'oldpeak', 'slope', 'thal']"
5385,Naive Bayes,80.50797182,81.91890265,83.05147059,82.35613762,"['sex', 'restecg', 'thalach', 'exang', 'oldpeak', 'ca', 'thal']"
5386,Naive Bayes,79.86355209,82.29691877,80.55147059,81.16303794,"['sex', 'restecg', 'thalach', 'exang', 'slope', 'ca', 'thal']"
5387,Naive Bayes,78.22840193,79.59609053,81.21323529,80.07543858,"['sex', 'restecg', 'thalach', 'oldpeak', 'slope', 'ca', 'thal']"
5388,Naive Bayes,79.15164998,81.40629761,80.55147059,80.79601723,"['sex', 'restecg', 'exang', 'oldpeak', 'slope', 'ca', 'thal']"
5389,Naive Bayes,81.4642195,82.97747432,83.63970588,83.11957813,"['sex', 'thalach', 'exang', 'oldpeak', 'slope', 'ca', 'thal']"
5390,Naive Bayes,74.26696329,73.93872549,81.875,77.62266774,"['cp', 'trestbps', 'chol', 'fbs', 'restecg', 'thalach', 'exang']"
5391,Naive Bayes,78.29291806,77.58302899,85.55147059,81.10235999,"['cp', 'trestbps', 'chol', 'fbs', 'restecg', 'thalach', 'oldpeak']"
5392,Naive Bayes,73.98887653,74.23843924,80.66176471,77.14795124,"['cp', 'trestbps', 'chol', 'fbs', 'restecg', 'thalach', 'slope']"
5393,Naive Bayes,77.21616611,78.05317829,82.42647059,79.96965928,"['cp', 'trestbps', 'chol', 'fbs', 'restecg', 'thalach', 'ca']"
5394,Naive Bayes,77.504264,80.02706616,79.26470588,79.34768139,"['cp', 'trestbps', 'chol', 'fbs', 'restecg', 'thalach', 'thal']"
5395,Naive Bayes,77.95958472,77.70926369,84.41176471,80.53526189,"['cp', 'trestbps', 'chol', 'fbs', 'restecg', 'exang', 'oldpeak']"
5396,Naive Bayes,76.20244716,76.61975293,82.42647059,79.02596203,"['cp', 'trestbps', 'chol', 'fbs', 'restecg', 'exang', 'slope']"
5397,Naive Bayes,76.94883204,77.93292054,81.91176471,79.55433623,"['cp', 'trestbps', 'chol', 'fbs', 'restecg', 'exang', 'ca']"
5398,Naive Bayes,78.2269188,79.70841413,81.76470588,80.2152469,"['cp', 'trestbps', 'chol', 'fbs', 'restecg', 'exang', 'thal']"
5399,Naive Bayes,76.57026326,76.17468806,83.63970588,79.33318597,"['cp', 'trestbps', 'chol', 'fbs', 'restecg', 'oldpeak', 'slope']"
5400,Naive Bayes,78.56173526,76.72996216,88.52941176,82.04669681,"['cp', 'trestbps', 'chol', 'fbs', 'restecg', 'oldpeak', 'ca']"
5401,Naive Bayes,80.58546533,81.03479286,85.47794118,82.76122918,"['cp', 'trestbps', 'chol', 'fbs', 'restecg', 'oldpeak', 'thal']"
5402,Naive Bayes,75.26844642,76.18446852,81.21323529,78.25330239,"['cp', 'trestbps', 'chol', 'fbs', 'restecg', 'slope', 'ca']"
5403,Naive Bayes,76.5272525,80.95992432,76.21323529,77.97389865,"['cp', 'trestbps', 'chol', 'fbs', 'restecg', 'slope', 'thal']"
5404,Naive Bayes,79.55172414,81.15509255,83.56617647,81.81695703,"['cp', 'trestbps', 'chol', 'fbs', 'restecg', 'ca', 'thal']"
5405,Naive Bayes,77.62550983,77.44784142,83.19852941,80.09366892,"['cp', 'trestbps', 'chol', 'fbs', 'thalach', 'exang', 'oldpeak']"
5406,Naive Bayes,76.26844642,76.27773478,81.91176471,78.90826302,"['cp', 'trestbps', 'chol', 'fbs', 'thalach', 'exang', 'slope']"
5407,Naive Bayes,77.91583241,79.28076933,81.25,80.12849079,"['cp', 'trestbps', 'chol', 'fbs', 'thalach', 'exang', 'ca']"
5408,Naive Bayes,79.21616611,81.3066022,81.76470588,81.10067672,"['cp', 'trestbps', 'chol', 'fbs', 'thalach', 'exang', 'thal']"
5409,Naive Bayes,76.66852058,76.61648607,82.57352941,79.35165733,"['cp', 'trestbps', 'chol', 'fbs', 'thalach', 'oldpeak', 'slope']"
5410,Naive Bayes,78.56173526,78.40745692,84.88970588,81.35167691,"['cp', 'trestbps', 'chol', 'fbs', 'thalach', 'oldpeak', 'ca']"
5411,Naive Bayes,82.51946607,83.16293184,86.02941176,84.29905074,"['cp', 'trestbps', 'chol', 'fbs', 'thalach', 'oldpeak', 'thal']"
5412,Naive Bayes,76.26992955,77.16636567,80.625,78.75188076,"['cp', 'trestbps', 'chol', 'fbs', 'thalach', 'slope', 'ca']"
5413,Naive Bayes,77.26992955,81.40033908,76.94852941,78.64422462,"['cp', 'trestbps', 'chol', 'fbs', 'thalach', 'slope', 'thal']"
5414,Naive Bayes,81.1638858,83.08260848,83.52941176,82.95479052,"['cp', 'trestbps', 'chol', 'fbs', 'thalach', 'ca', 'thal']"
5415,Naive Bayes,77.30367075,77.32000009,83.16176471,79.8242883,"['cp', 'trestbps', 'chol', 'fbs', 'exang', 'oldpeak', 'slope']"
5416,Naive Bayes,78.87208009,79.96650327,82.5,81.02285733,"['cp', 'trestbps', 'chol', 'fbs', 'exang', 'oldpeak', 'ca']"
5417,Naive Bayes,80.83982202,82.60028134,83.01470588,82.5148024,"['cp', 'trestbps', 'chol', 'fbs', 'exang', 'oldpeak', 'thal']"
5418,Naive Bayes,77.90507972,78.53095975,83.08823529,80.50326096,"['cp', 'trestbps', 'chol', 'fbs', 'exang', 'slope', 'ca']"
5419,Naive Bayes,78.90507972,79.87857511,83.01470588,81.14292648,"['cp', 'trestbps', 'chol', 'fbs', 'exang', 'slope', 'thal']"
5420,Naive Bayes,78.54949944,80.99292585,80.625,80.45032634,"['cp', 'trestbps', 'chol', 'fbs', 'exang', 'ca', 'thal']"
5421,Naive Bayes,78.53948832,77.29876161,86.06617647,81.34200281,"['cp', 'trestbps', 'chol', 'fbs', 'oldpeak', 'slope', 'ca']"
5422,Naive Bayes,79.5839822,80.86748357,83.01470588,81.56038874,"['cp', 'trestbps', 'chol', 'fbs', 'oldpeak', 'slope', 'thal']"
5423,Naive Bayes,81.18613274,81.46111658,86.02941176,83.46473626,"['cp', 'trestbps', 'chol', 'fbs', 'oldpeak', 'ca', 'thal']"
5424,Naive Bayes,80.18539118,81.95737922,83.60294118,82.31161631,"['cp', 'trestbps', 'chol', 'fbs', 'slope', 'ca', 'thal']"
5425,Naive Bayes,78.29217649,78.03104575,83.82352941,80.65734136,"['cp', 'trestbps', 'chol', 'restecg', 'thalach', 'exang', 'oldpeak']"
5426,Naive Bayes,75.95661846,76.30801882,81.32352941,78.60829045,"['cp', 'trestbps', 'chol', 'restecg', 'thalach', 'exang', 'slope']"
5427,Naive Bayes,78.92732666,81.06562362,81.28676471,80.8882311,"['cp', 'trestbps', 'chol', 'restecg', 'thalach', 'exang', 'ca']"
5428,Naive Bayes,78.92584353,79.93046956,83.08823529,81.13445517,"['cp', 'trestbps', 'chol', 'restecg', 'thalach', 'exang', 'thal']"
5429,Naive Bayes,76.6470152,76.36791734,83.125,79.33728897,"['cp', 'trestbps', 'chol', 'restecg', 'thalach', 'oldpeak', 'slope']"
5430,Naive Bayes,79.21764924,79.30096581,84.92647059,81.77805691,"['cp', 'trestbps', 'chol', 'restecg', 'thalach', 'oldpeak', 'ca']"
5431,Naive Bayes,81.90656285,82.00709997,86.76470588,83.98864129,"['cp', 'trestbps', 'chol', 'restecg', 'thalach', 'oldpeak', 'thal']"
5432,Naive Bayes,74.95810159,76.34321153,80.03676471,77.85828894,"['cp', 'trestbps', 'chol', 'restecg', 'thalach', 'slope', 'ca']"
5433,Naive Bayes,78.90433815,81.73743418,80,80.62806126,"['cp', 'trestbps', 'chol', 'restecg', 'thalach', 'slope', 'thal']"
5434,Naive Bayes,82.1638858,84.10978426,84.77941176,84.07760565,"['cp', 'trestbps', 'chol', 'restecg', 'thalach', 'ca', 'thal']"
5435,Naive Bayes,76.95884316,77.64894746,81.94852941,79.41801973,"['cp', 'trestbps', 'chol', 'restecg', 'exang', 'oldpeak', 'slope']"
5436,Naive Bayes,79.2499073,80.07752838,83.16176471,81.36801842,"['cp', 'trestbps', 'chol', 'restecg', 'exang', 'oldpeak', 'ca']"
5437,Naive Bayes,80.88357434,81.75981621,84.30147059,82.73651872,"['cp', 'trestbps', 'chol', 'restecg', 'exang', 'oldpeak', 'thal']"
5438,Naive Bayes,76.58175751,77.59139884,81.875,79.33404508,"['cp', 'trestbps', 'chol', 'restecg', 'exang', 'slope', 'ca']"
5439,Naive Bayes,79.19391917,80.1642894,82.97794118,81.23953579,"['cp', 'trestbps', 'chol', 'restecg', 'exang', 'slope', 'thal']"
5440,Naive Bayes,79.89432703,82.65697946,81.25,81.62362042,"['cp', 'trestbps', 'chol', 'restecg', 'exang', 'ca', 'thal']"
5441,Naive Bayes,77.21616611,77.04432092,83.67647059,80.00718233,"['cp', 'trestbps', 'chol', 'restecg', 'oldpeak', 'slope', 'ca']"
5442,Naive Bayes,79.60474601,81.5458488,82.5,81.43871782,"['cp', 'trestbps', 'chol', 'restecg', 'oldpeak', 'slope', 'thal']"
5443,Naive Bayes,81.84204672,81.8265936,87.27941176,84.23049365,"['cp', 'trestbps', 'chol', 'restecg', 'oldpeak', 'ca', 'thal']"
5444,Naive Bayes,81.15164998,83.82764565,83.01470588,83.07741672,"['cp', 'trestbps', 'chol', 'restecg', 'slope', 'ca', 'thal']"
5445,Naive Bayes,79.6154987,79.43431495,85.03676471,81.81494735,"['cp', 'trestbps', 'chol', 'thalach', 'exang', 'oldpeak', 'slope']"
5446,Naive Bayes,78.315165,78.72312521,82.61029412,80.50146422,"['cp', 'trestbps', 'chol', 'thalach', 'exang', 'oldpeak', 'ca']"
5447,Naive Bayes,80.28290693,80.66447368,84.375,82.30552344,"['cp', 'trestbps', 'chol', 'thalach', 'exang', 'oldpeak', 'thal']"
5448,Naive Bayes,77.61475714,78.0483009,82.53676471,80.0124148,"['cp', 'trestbps', 'chol', 'thalach', 'exang', 'slope', 'ca']"
5449,Naive Bayes,77.54801631,79.05422871,80.58823529,79.64341852,"['cp', 'trestbps', 'chol', 'thalach', 'exang', 'slope', 'thal']"
5450,Naive Bayes,80.56247683,82.04850975,83.08823529,82.33488489,"['cp', 'trestbps', 'chol', 'thalach', 'exang', 'ca', 'thal']"
5451,Naive Bayes,77.91583241,77.22886847,85.51470588,80.92265685,"['cp', 'trestbps', 'chol', 'thalach', 'oldpeak', 'slope', 'ca']"
5452,Naive Bayes,80.22766036,80.57189542,84.85294118,82.45327644,"['cp', 'trestbps', 'chol', 'thalach', 'oldpeak', 'slope', 'thal']"
5453,Naive Bayes,82.20912125,82.01622316,86.72794118,84.1577325,"['cp', 'trestbps', 'chol', 'thalach', 'oldpeak', 'ca', 'thal']"
5454,Naive Bayes,80.16240267,80.80498427,84.77941176,82.41410036,"['cp', 'trestbps', 'chol', 'thalach', 'slope', 'ca', 'thal']"
5455,Naive Bayes,78.92732666,79.24347634,83.78676471,81.2189964,"['cp', 'trestbps', 'chol', 'exang', 'oldpeak', 'slope', 'ca']"
5456,Naive Bayes,81.21764924,81.78427687,84.92647059,83.03673259,"['cp', 'trestbps', 'chol', 'exang', 'oldpeak', 'slope', 'thal']"
5457,Naive Bayes,80.21764924,81.2622549,83.75,82.21924449,"['cp', 'trestbps', 'chol', 'exang', 'oldpeak', 'ca', 'thal']"
5458,Naive Bayes,79.56173526,81.49540518,81.83823529,81.42129247,"['cp', 'trestbps', 'chol', 'exang', 'slope', 'ca', 'thal']"
5459,Naive Bayes,83.79903597,83.25209135,89.08088235,85.79469186,"['cp', 'trestbps', 'chol', 'oldpeak', 'slope', 'ca', 'thal']"
5460,Naive Bayes,77.94809047,77.61124011,83.78676471,80.46341682,"['cp', 'trestbps', 'fbs', 'restecg', 'thalach', 'exang', 'oldpeak']"
5461,Naive Bayes,75.5902855,76.17549388,80.66176471,78.20487536,"['cp', 'trestbps', 'fbs', 'restecg', 'thalach', 'exang', 'slope']"
5462,Naive Bayes,77.90507972,79.72762175,80.625,80.00987819,"['cp', 'trestbps', 'fbs', 'restecg', 'thalach', 'exang', 'ca']"
5463,Naive Bayes,78.56025213,79.87390168,82.38970588,80.70696826,"['cp', 'trestbps', 'fbs', 'restecg', 'thalach', 'exang', 'thal']"
5464,Naive Bayes,76.96959585,76.52330581,83.71323529,79.76090614,"['cp', 'trestbps', 'fbs', 'restecg', 'thalach', 'oldpeak', 'slope']"
5465,Naive Bayes,79.56247683,78.96661998,86.10294118,82.26743646,"['cp', 'trestbps', 'fbs', 'restecg', 'thalach', 'oldpeak', 'ca']"
5466,Naive Bayes,82.53021876,83.28781513,86.65441176,84.54159675,"['cp', 'trestbps', 'fbs', 'restecg', 'thalach', 'oldpeak', 'thal']"
5467,Naive Bayes,75.58101594,76.81104108,80,78.23676895,"['cp', 'trestbps', 'fbs', 'restecg', 'thalach', 'slope', 'ca']"
5468,Naive Bayes,77.22617723,80.01835093,79.30147059,79.24540896,"['cp', 'trestbps', 'fbs', 'restecg', 'thalach', 'slope', 'thal']"
5469,Naive Bayes,80.49721913,81.76315789,84.11764706,82.55480257,"['cp', 'trestbps', 'fbs', 'restecg', 'thalach', 'ca', 'thal']"
5470,Naive Bayes,77.6154987,77.8083779,83.125,80.0394023,"['cp', 'trestbps', 'fbs', 'restecg', 'exang', 'oldpeak', 'slope']"
5471,Naive Bayes,79.55098257,79.98099415,84.33823529,81.87807814,"['cp', 'trestbps', 'fbs', 'restecg', 'exang', 'oldpeak', 'ca']"
5472,Naive Bayes,81.50648869,82.21448731,85.44117647,83.43040721,"['cp', 'trestbps', 'fbs', 'restecg', 'exang', 'oldpeak', 'thal']"
5473,Naive Bayes,78.23915462,78.47108859,84.30147059,80.97702221,"['cp', 'trestbps', 'fbs', 'restecg', 'exang', 'slope', 'ca']"
5474,Naive Bayes,79.19391917,80.2689345,82.97794118,81.24345155,"['cp', 'trestbps', 'fbs', 'restecg', 'exang', 'slope', 'thal']"
5475,Naive Bayes,79.87208009,82.48111087,81.83823529,81.70489462,"['cp', 'trestbps', 'fbs', 'restecg', 'exang', 'ca', 'thal']"
5476,Naive Bayes,78.50648869,77.44931625,86.02941176,81.35033439,"['cp', 'trestbps', 'fbs', 'restecg', 'oldpeak', 'slope', 'ca']"
5477,Naive Bayes,80.25064887,82.45596818,83.01470588,82.04299037,"['cp', 'trestbps', 'fbs', 'restecg', 'oldpeak', 'slope', 'thal']"
5478,Naive Bayes,82.17538005,82.27925098,87.27941176,84.41071042,"['cp', 'trestbps', 'fbs', 'restecg', 'oldpeak', 'ca', 'thal']"
5479,Naive Bayes,80.12940304,83.38670334,82.31617647,82.18146936,"['cp', 'trestbps', 'fbs', 'restecg', 'slope', 'ca', 'thal']"
5480,Naive Bayes,78.92658509,78.77516708,84.375,81.23382028,"['cp', 'trestbps', 'fbs', 'thalach', 'exang', 'oldpeak', 'slope']"
5481,Naive Bayes,79.28290693,79.54514964,83.78676471,81.45075758,"['cp', 'trestbps', 'fbs', 'thalach', 'exang', 'oldpeak', 'ca']"
5482,Naive Bayes,79.9495736,80.22733918,84.33823529,82.06455383,"['cp', 'trestbps', 'fbs', 'thalach', 'exang', 'oldpeak', 'thal']"
5483,Naive Bayes,77.94883204,78.17807386,83.125,80.40893147,"['cp', 'trestbps', 'fbs', 'thalach', 'exang', 'slope', 'ca']"
5484,Naive Bayes,76.85910271,78.56497862,79.92647059,79.04343864,"['cp', 'trestbps', 'fbs', 'thalach', 'exang', 'slope', 'thal']"
5485,Naive Bayes,80.54097145,82.55766726,82.42647059,82.1796235,"['cp', 'trestbps', 'fbs', 'thalach', 'exang', 'ca', 'thal']"
5486,Naive Bayes,78.88357434,78.23894909,85.47794118,81.57702135,"['cp', 'trestbps', 'fbs', 'thalach', 'oldpeak', 'slope', 'ca']"
5487,Naive Bayes,80.21690768,80.51547988,84.81617647,82.35662225,"['cp', 'trestbps', 'fbs', 'thalach', 'oldpeak', 'slope', 'thal']"
5488,Naive Bayes,83.17686318,83.51143791,86.69117647,84.96895425,"['cp', 'trestbps', 'fbs', 'thalach', 'oldpeak', 'ca', 'thal']"
5489,Naive Bayes,80.15239155,81.07041737,84.74264706,82.48250058,"['cp', 'trestbps', 'fbs', 'thalach', 'slope', 'ca', 'thal']"
5490,Naive Bayes,78.91657397,79.10496216,83.71323529,81.16293115,"['cp', 'trestbps', 'fbs', 'exang', 'oldpeak', 'slope', 'ca']"
5491,Naive Bayes,81.54022989,81.91499582,85.51470588,83.38967376,"['cp', 'trestbps', 'fbs', 'exang', 'oldpeak', 'slope', 'thal']"
5492,Naive Bayes,80.20615499,81.11330409,83.71323529,82.1931007,"['cp', 'trestbps', 'fbs', 'exang', 'oldpeak', 'ca', 'thal']"
5493,Naive Bayes,79.88431591,81.6056993,82.42647059,81.77779871,"['cp', 'trestbps', 'fbs', 'exang', 'slope', 'ca', 'thal']"
5494,Naive Bayes,82.48720801,81.88118022,88.45588235,84.83718705,"['cp', 'trestbps', 'fbs', 'oldpeak', 'slope', 'ca', 'thal']"
5495,Naive Bayes,78.29217649,78.57344956,83.19852941,80.58208246,"['cp', 'trestbps', 'restecg', 'thalach', 'exang', 'oldpeak', 'slope']"
5496,Naive Bayes,79.62699296,80.31054352,83.23529412,81.58903107,"['cp', 'trestbps', 'restecg', 'thalach', 'exang', 'oldpeak', 'ca']"
5497,Naive Bayes,80.59473489,81.5245528,83.75,82.45169231,"['cp', 'trestbps', 'restecg', 'thalach', 'exang', 'oldpeak', 'thal']"
5498,Naive Bayes,77.94883204,78.60278146,82.53676471,80.32181026,"['cp', 'trestbps', 'restecg', 'thalach', 'exang', 'slope', 'ca']"
5499,Naive Bayes,78.1931776,79.60978426,81.17647059,80.21484709,"['cp', 'trestbps', 'restecg', 'thalach', 'exang', 'slope', 'thal']"
5500,Naive Bayes,79.90656285,81.9273613,81.875,81.63005051,"['cp', 'trestbps', 'restecg', 'thalach', 'exang', 'ca', 'thal']"
5501,Naive Bayes,78.21616611,77.40187479,86.10294118,81.25114379,"['cp', 'trestbps', 'restecg', 'thalach', 'oldpeak', 'slope', 'ca']"
5502,Naive Bayes,79.89432703,80.54235578,84.22794118,82.0274958,"['cp', 'trestbps', 'restecg', 'thalach', 'oldpeak', 'slope', 'thal']"
5503,Naive Bayes,82.49870226,82.35249554,87.27941176,84.54737942,"['cp', 'trestbps', 'restecg', 'thalach', 'oldpeak', 'ca', 'thal']"
5504,Naive Bayes,80.45272525,82.23552376,83.52941176,82.52596932,"['cp', 'trestbps', 'restecg', 'thalach', 'slope', 'ca', 'thal']"
5505,Naive Bayes,79.2499073,79.40687503,84.375,81.5887443,"['cp', 'trestbps', 'restecg', 'exang', 'oldpeak', 'slope', 'ca']"
5506,Naive Bayes,81.54022989,81.67481203,86.10294118,83.50963583,"['cp', 'trestbps', 'restecg', 'exang', 'oldpeak', 'slope', 'thal']"
5507,Naive Bayes,79.89581016,81.01526488,83.08823529,81.85441977,"['cp', 'trestbps', 'restecg', 'exang', 'oldpeak', 'ca', 'thal']"
5508,Naive Bayes,80.21764924,81.49042951,83.67647059,82.2457553,"['cp', 'trestbps', 'restecg', 'exang', 'slope', 'ca', 'thal']"
5509,Naive Bayes,81.84204672,81.33951356,87.86764706,84.22176644,"['cp', 'trestbps', 'restecg', 'oldpeak', 'slope', 'ca', 'thal']"
5510,Naive Bayes,79.60474601,80.04256966,83.78676471,81.71496449,"['cp', 'trestbps', 'thalach', 'exang', 'oldpeak', 'slope', 'ca']"
5511,Naive Bayes,79.90507972,80.92037078,83.125,81.77964593,"['cp', 'trestbps', 'thalach', 'exang', 'oldpeak', 'slope', 'thal']"
5512,Naive Bayes,81.90656285,82.31978844,85.58823529,83.72534439,"['cp', 'trestbps', 'thalach', 'exang', 'oldpeak', 'ca', 'thal']"
5513,Naive Bayes,79.5609937,80.43429889,83.67647059,81.6962845,"['cp', 'trestbps', 'thalach', 'exang', 'slope', 'ca', 'thal']"
5514,Naive Bayes,81.19614386,80.59901592,87.27941176,83.51831924,"['cp', 'trestbps', 'thalach', 'oldpeak', 'slope', 'ca', 'thal']"
5515,Naive Bayes,82.18539118,82.83804487,85.51470588,83.93398268,"['cp', 'trestbps', 'exang', 'oldpeak', 'slope', 'ca', 'thal']"
5516,Naive Bayes,77.31368187,77.70274338,82.02205882,79.62495871,"['cp', 'chol', 'fbs', 'restecg', 'thalach', 'exang', 'oldpeak']"
5517,Naive Bayes,75.65702633,76.51608187,80.14705882,78.15970562,"['cp', 'chol', 'fbs', 'restecg', 'thalach', 'exang', 'slope']"
5518,Naive Bayes,78.96106785,81.01337904,81.32352941,80.85555136,"['cp', 'chol', 'fbs', 'restecg', 'thalach', 'exang', 'ca']"
5519,Naive Bayes,78.25917686,79.81562362,81.83823529,80.44613219,"['cp', 'chol', 'fbs', 'restecg', 'thalach', 'exang', 'thal']"
5520,Naive Bayes,77.63626251,77.78508772,83.125,80.16155153,"['cp', 'chol', 'fbs', 'restecg', 'thalach', 'oldpeak', 'slope']"
5521,Naive Bayes,79.57397108,79.2148805,86.13970588,82.24081863,"['cp', 'chol', 'fbs', 'restecg', 'thalach', 'oldpeak', 'ca']"
5522,Naive Bayes,82.2183908,82.61719249,86.69117647,84.26288033,"['cp', 'chol', 'fbs', 'restecg', 'thalach', 'oldpeak', 'thal']"
5523,Naive Bayes,76.9495736,77.76082363,82.46323529,79.76514422,"['cp', 'chol', 'fbs', 'restecg', 'thalach', 'slope', 'ca']"
5524,Naive Bayes,76.90359659,79.46766662,78.71323529,78.84584764,"['cp', 'chol', 'fbs', 'restecg', 'thalach', 'slope', 'thal']"
5525,Naive Bayes,81.50945495,82.22347536,85.36764706,83.50384025,"['cp', 'chol', 'fbs', 'restecg', 'thalach', 'ca', 'thal']"
5526,Naive Bayes,75.95810159,77.27989984,80.11029412,78.24328855,"['cp', 'chol', 'fbs', 'restecg', 'exang', 'oldpeak', 'slope']"
5527,Naive Bayes,79.57248795,80.50632095,83.16176471,81.63094177,"['cp', 'chol', 'fbs', 'restecg', 'exang', 'oldpeak', 'ca']"
5528,Naive Bayes,80.88357434,82.15267335,83.67647059,82.63928392,"['cp', 'chol', 'fbs', 'restecg', 'exang', 'oldpeak', 'thal']"
5529,Naive Bayes,77.25991843,77.92801858,82.5,79.89274403,"['cp', 'chol', 'fbs', 'restecg', 'exang', 'slope', 'ca']"
5530,Naive Bayes,78.27067112,79.24194566,82.46323529,80.52251699,"['cp', 'chol', 'fbs', 'restecg', 'exang', 'slope', 'thal']"
5531,Naive Bayes,80.92880979,83.32949408,82.5,82.54799017,"['cp', 'chol', 'fbs', 'restecg', 'exang', 'ca', 'thal']"
5532,Naive Bayes,76.2269188,76.161089,83.67647059,79.39883174,"['cp', 'chol', 'fbs', 'restecg', 'oldpeak', 'slope', 'ca']"
5533,Naive Bayes,78.25991843,79.81881788,81.83823529,80.33055429,"['cp', 'chol', 'fbs', 'restecg', 'oldpeak', 'slope', 'thal']"
5534,Naive Bayes,82.17612162,82.25637517,87.27941176,84.44937363,"['cp', 'chol', 'fbs', 'restecg', 'oldpeak', 'ca', 'thal']"
5535,Naive Bayes,80.20763812,82.17219649,83.63970588,82.40924965,"['cp', 'chol', 'fbs', 'restecg', 'slope', 'ca', 'thal']"
5536,Naive Bayes,78.93733778,79.20039683,83.78676471,81.14267844,"['cp', 'chol', 'fbs', 'thalach', 'exang', 'oldpeak', 'slope']"
5537,Naive Bayes,78.62699296,79.52119883,81.98529412,80.635918,"['cp', 'chol', 'fbs', 'thalach', 'exang', 'oldpeak', 'ca']"
5538,Naive Bayes,79.62699296,80.38815789,83.16176471,81.62311239,"['cp', 'chol', 'fbs', 'thalach', 'exang', 'oldpeak', 'thal']"
5539,Naive Bayes,77.62625139,78.01467517,82.53676471,80.03918357,"['cp', 'chol', 'fbs', 'thalach', 'exang', 'slope', 'ca']"
5540,Naive Bayes,77.92658509,79.21190845,81.21323529,80.01135308,"['cp', 'chol', 'fbs', 'thalach', 'exang', 'slope', 'thal']"
5541,Naive Bayes,79.60622914,81.36632021,81.91176471,81.41097167,"['cp', 'chol', 'fbs', 'thalach', 'exang', 'ca', 'thal']"
5542,Naive Bayes,77.5609937,77.44101569,84.26470588,80.46401357,"['cp', 'chol', 'fbs', 'thalach', 'oldpeak', 'slope', 'ca']"
5543,Naive Bayes,79.90582128,80.37126517,84.22794118,82.03013372,"['cp', 'chol', 'fbs', 'thalach', 'oldpeak', 'slope', 'thal']"
5544,Naive Bayes,81.85354097,82.12250602,86.06617647,83.8698685,"['cp', 'chol', 'fbs', 'thalach', 'oldpeak', 'ca', 'thal']"
5545,Naive Bayes,80.17463849,80.40572633,85.40441176,82.55050694,"['cp', 'chol', 'fbs', 'thalach', 'slope', 'ca', 'thal']"
5546,Naive Bayes,78.59399333,79.38243894,82.53676471,80.7187838,"['cp', 'chol', 'fbs', 'exang', 'oldpeak', 'slope', 'ca']"
5547,Naive Bayes,79.91657397,80.97055138,83.125,81.7135985,"['cp', 'chol', 'fbs', 'exang', 'oldpeak', 'slope', 'thal']"
5548,Naive Bayes,79.91731554,80.8627021,83.125,81.83137419,"['cp', 'chol', 'fbs', 'exang', 'oldpeak', 'ca', 'thal']"
5549,Naive Bayes,80.25139043,81.80975724,83.08823529,82.08442419,"['cp', 'chol', 'fbs', 'exang', 'slope', 'ca', 'thal']"
5550,Naive Bayes,82.16462736,81.73268342,87.86764706,84.46534169,"['cp', 'chol', 'fbs', 'oldpeak', 'slope', 'ca', 'thal']"
5551,Naive Bayes,78.65925102,78.9174468,83.23529412,80.78630961,"['cp', 'chol', 'restecg', 'thalach', 'exang', 'oldpeak', 'slope']"
5552,Naive Bayes,78.62625139,79.58505332,81.98529412,80.64206137,"['cp', 'chol', 'restecg', 'thalach', 'exang', 'oldpeak', 'ca']"
5553,Naive Bayes,79.93807935,81.41406826,82.53676471,81.7918799,"['cp', 'chol', 'restecg', 'thalach', 'exang', 'oldpeak', 'thal']"
5554,Naive Bayes,77.29291806,78.66498968,80.69852941,79.53656585,"['cp', 'chol', 'restecg', 'thalach', 'exang', 'slope', 'ca']"
5555,Naive Bayes,78.24916574,79.59347133,81.80147059,80.38225136,"['cp', 'chol', 'restecg', 'thalach', 'exang', 'slope', 'thal']"
5556,Naive Bayes,79.59473489,81.97804182,81.28676471,81.32124234,"['cp', 'chol', 'restecg', 'thalach', 'exang', 'ca', 'thal']"
5557,Naive Bayes,77.88357434,78.30440578,83.67647059,80.59159256,"['cp', 'chol', 'restecg', 'thalach', 'oldpeak', 'slope', 'ca']"
5558,Naive Bayes,79.88357434,80.10131948,84.81617647,82.14227408,"['cp', 'chol', 'restecg', 'thalach', 'oldpeak', 'slope', 'thal']"
5559,Naive Bayes,82.1868743,83.29575163,85.47794118,84.10032649,"['cp', 'chol', 'restecg', 'thalach', 'oldpeak', 'ca', 'thal']"
5560,Naive Bayes,80.16314423,81.77812792,83.60294118,82.36271413,"['cp', 'chol', 'restecg', 'thalach', 'slope', 'ca', 'thal']"
5561,Naive Bayes,78.61624027,79.52708978,82.57352941,80.7939691,"['cp', 'chol', 'restecg', 'exang', 'oldpeak', 'slope', 'ca']"
5562,Naive Bayes,80.91731554,81.64087302,84.33823529,82.71731997,"['cp', 'chol', 'restecg', 'exang', 'oldpeak', 'slope', 'thal']"
5563,Naive Bayes,79.91731554,80.77333038,83.71323529,82.01086769,"['cp', 'chol', 'restecg', 'exang', 'oldpeak', 'ca', 'thal']"
5564,Naive Bayes,79.60622914,80.82949408,83.08823529,81.60011683,"['cp', 'chol', 'restecg', 'exang', 'slope', 'ca', 'thal']"
5565,Naive Bayes,81.87578791,81.0325513,88.45588235,84.36151816,"['cp', 'chol', 'restecg', 'oldpeak', 'slope', 'ca', 'thal']"
5566,Naive Bayes,79.60474601,80.59404025,82.61029412,81.44999363,"['cp', 'chol', 'thalach', 'exang', 'oldpeak', 'slope', 'ca']"
5567,Naive Bayes,79.91583241,81.32478254,82.53676471,81.68940529,"['cp', 'chol', 'thalach', 'exang', 'oldpeak', 'slope', 'thal']"
5568,Naive Bayes,81.90656285,82.65613175,85,83.65238793,"['cp', 'chol', 'thalach', 'exang', 'oldpeak', 'ca', 'thal']"
5569,Naive Bayes,79.58324064,80.94357955,83.08823529,81.59892854,"['cp', 'chol', 'thalach', 'exang', 'slope', 'ca', 'thal']"
5570,Naive Bayes,80.86281053,80.62427794,86.69117647,83.19586589,"['cp', 'chol', 'thalach', 'oldpeak', 'slope', 'ca', 'thal']"
5571,Naive Bayes,81.21764924,82.24030665,84.30147059,83.03779493,"['cp', 'chol', 'exang', 'oldpeak', 'slope', 'ca', 'thal']"
5572,Naive Bayes,77.60326288,78.7443472,81.32352941,79.74557482,"['cp', 'fbs', 'restecg', 'thalach', 'exang', 'oldpeak', 'slope']"
5573,Naive Bayes,79.93882091,80.81449948,83.19852941,81.85793863,"['cp', 'fbs', 'restecg', 'thalach', 'exang', 'oldpeak', 'ca']"
5574,Naive Bayes,79.27141268,80.71168731,81.91176471,81.14940678,"['cp', 'fbs', 'restecg', 'thalach', 'exang', 'oldpeak', 'thal']"
5575,Naive Bayes,77.59325176,78.78672171,81.28676471,79.8702678,"['cp', 'fbs', 'restecg', 'thalach', 'exang', 'slope', 'ca']"
5576,Naive Bayes,78.56025213,79.67013735,82.38970588,80.71929252,"['cp', 'fbs', 'restecg', 'thalach', 'exang', 'slope', 'thal']"
5577,Naive Bayes,80.58472377,82.84685602,82.5,82.25159561,"['cp', 'fbs', 'restecg', 'thalach', 'exang', 'ca', 'thal']"
5578,Naive Bayes,77.52799407,78.18490974,83.01470588,80.22987586,"['cp', 'fbs', 'restecg', 'thalach', 'oldpeak', 'slope', 'ca']"
5579,Naive Bayes,78.2269188,78.78678313,82.97794118,80.53944545,"['cp', 'fbs', 'restecg', 'thalach', 'oldpeak', 'slope', 'thal']"
5580,Naive Bayes,82.17612162,83.01800513,86.06617647,84.2336209,"['cp', 'fbs', 'restecg', 'thalach', 'oldpeak', 'ca', 'thal']"
5581,Naive Bayes,81.13088617,82.03462087,85.36764706,83.37145702,"['cp', 'fbs', 'restecg', 'thalach', 'slope', 'ca', 'thal']"
5582,Naive Bayes,78.26065999,79.01401789,82.53676471,80.49656158,"['cp', 'fbs', 'restecg', 'exang', 'oldpeak', 'slope', 'ca']"
5583,Naive Bayes,80.23915462,81.1176102,83.71323529,82.08793005,"['cp', 'fbs', 'restecg', 'exang', 'oldpeak', 'slope', 'thal']"
5584,Naive Bayes,79.57322951,79.74333505,84.30147059,81.8221422,"['cp', 'fbs', 'restecg', 'exang', 'oldpeak', 'ca', 'thal']"
5585,Naive Bayes,80.26214312,81.05008231,84.30147059,82.31647155,"['cp', 'fbs', 'restecg', 'exang', 'slope', 'ca', 'thal']"
5586,Naive Bayes,81.53096033,80.57503496,88.45588235,84.11196379,"['cp', 'fbs', 'restecg', 'oldpeak', 'slope', 'ca', 'thal']"
5587,Naive Bayes,78.93807935,80.12181803,81.94852941,80.88288277,"['cp', 'fbs', 'thalach', 'exang', 'oldpeak', 'slope', 'ca']"
5588,Naive Bayes,80.88357434,82.4180488,83.125,82.55634174,"['cp', 'fbs', 'thalach', 'exang', 'oldpeak', 'slope', 'thal']"
5589,Naive Bayes,81.57322951,82.1750516,84.96323529,83.37326367,"['cp', 'fbs', 'thalach', 'exang', 'oldpeak', 'ca', 'thal']"
5590,Naive Bayes,79.26065999,80.50498306,83.08823529,81.3608333,"['cp', 'fbs', 'thalach', 'exang', 'slope', 'ca', 'thal']"
5591,Naive Bayes,81.51872451,81.0827252,87.27941176,83.80518506,"['cp', 'fbs', 'thalach', 'oldpeak', 'slope', 'ca', 'thal']"
5592,Naive Bayes,81.5294772,82.76451546,84.26470588,83.2851557,"['cp', 'fbs', 'exang', 'oldpeak', 'slope', 'ca', 'thal']"
5593,Naive Bayes,79.28216537,79.80564155,83.19852941,81.35730201,"['cp', 'restecg', 'thalach', 'exang', 'oldpeak', 'slope', 'ca']"
5594,Naive Bayes,80.26065999,81.48164529,83.16176471,82.08795914,"['cp', 'restecg', 'thalach', 'exang', 'oldpeak', 'slope', 'thal']"
5595,Naive Bayes,81.89581016,82.68309254,84.96323529,83.64624457,"['cp', 'restecg', 'thalach', 'exang', 'oldpeak', 'ca', 'thal']"
5596,Naive Bayes,79.90582128,81.06053862,83.67647059,81.93226187,"['cp', 'restecg', 'thalach', 'exang', 'slope', 'ca', 'thal']"
5597,Naive Bayes,81.53021876,81.50796387,86.69117647,83.72906869,"['cp', 'restecg', 'thalach', 'oldpeak', 'slope', 'ca', 'thal']"
5598,Naive Bayes,81.87430478,82.8121345,84.88970588,83.6507471,"['cp', 'restecg', 'exang', 'oldpeak', 'slope', 'ca', 'thal']"
5599,Naive Bayes,79.91657397,81.15355177,82.53676471,81.72768756,"['cp', 'thalach', 'exang', 'oldpeak', 'slope', 'ca', 'thal']"
5600,Naive Bayes,76.94734891,78.48459384,79.55882353,78.82770748,"['trestbps', 'chol', 'fbs', 'restecg', 'thalach', 'exang', 'oldpeak']"
5601,Naive Bayes,73.70077864,74.40196078,78.89705882,76.51001727,"['trestbps', 'chol', 'fbs', 'restecg', 'thalach', 'exang', 'slope']"
5602,Naive Bayes,74.32295143,76.26960784,77.09558824,76.58526372,"['trestbps', 'chol', 'fbs', 'restecg', 'thalach', 'exang', 'ca']"
5603,Naive Bayes,74.3129403,76.24598875,76.98529412,76.43909588,"['trestbps', 'chol', 'fbs', 'restecg', 'thalach', 'exang', 'thal']"
5604,Naive Bayes,75.32443456,75.57671139,81.32352941,78.10288899,"['trestbps', 'chol', 'fbs', 'restecg', 'thalach', 'oldpeak', 'slope']"
5605,Naive Bayes,74.3129403,73.88084795,81.98529412,77.498167,"['trestbps', 'chol', 'fbs', 'restecg', 'thalach', 'oldpeak', 'ca']"
5606,Naive Bayes,77.97182054,78.27586736,82.5,80.20546185,"['trestbps', 'chol', 'fbs', 'restecg', 'thalach', 'oldpeak', 'thal']"
5607,Naive Bayes,73.96885428,73.95919333,81.25,77.32717276,"['trestbps', 'chol', 'fbs', 'restecg', 'thalach', 'slope', 'ca']"
5608,Naive Bayes,76.27067112,78.49016425,78.71323529,78.13002271,"['trestbps', 'chol', 'fbs', 'restecg', 'thalach', 'slope', 'thal']"
5609,Naive Bayes,76.92806822,79.66468254,77.61029412,78.44452385,"['trestbps', 'chol', 'fbs', 'restecg', 'thalach', 'ca', 'thal']"
5610,Naive Bayes,75.61401557,77.0143066,78.86029412,77.60227826,"['trestbps', 'chol', 'fbs', 'restecg', 'exang', 'oldpeak', 'slope']"
5611,Naive Bayes,74.26844642,77.12184874,75.88235294,76.27884634,"['trestbps', 'chol', 'fbs', 'restecg', 'exang', 'oldpeak', 'ca']"
5612,Naive Bayes,75.26992955,77.37241053,77.64705882,77.0633161,"['trestbps', 'chol', 'fbs', 'restecg', 'exang', 'oldpeak', 'thal']"
5613,Naive Bayes,72.64553207,75.00632095,75.18382353,74.9384583,"['trestbps', 'chol', 'fbs', 'restecg', 'exang', 'slope', 'ca']"
5614,Naive Bayes,76.24768261,78.93243525,77.61029412,77.84622485,"['trestbps', 'chol', 'fbs', 'restecg', 'exang', 'slope', 'thal']"
5615,Naive Bayes,75.60400445,78.73799081,76.36029412,77.1794733,"['trestbps', 'chol', 'fbs', 'restecg', 'exang', 'ca', 'thal']"
5616,Naive Bayes,71.95810159,71.49966226,82.42647059,76.23775291,"['trestbps', 'chol', 'fbs', 'restecg', 'oldpeak', 'slope', 'ca']"
5617,Naive Bayes,77.61698183,77.52447909,83.05147059,79.97343972,"['trestbps', 'chol', 'fbs', 'restecg', 'oldpeak', 'slope', 'thal']"
5618,Naive Bayes,76.88357434,76.59415752,83.63970588,79.70415031,"['trestbps', 'chol', 'fbs', 'restecg', 'oldpeak', 'ca', 'thal']"
5619,Naive Bayes,78.54022989,80.00315126,81.72794118,80.4151065,"['trestbps', 'chol', 'fbs', 'restecg', 'slope', 'ca', 'thal']"
5620,Naive Bayes,76.29143493,77.70829033,79.52205882,78.44505745,"['trestbps', 'chol', 'fbs', 'thalach', 'exang', 'oldpeak', 'slope']"
5621,Naive Bayes,76.60326288,78.60410831,78.89705882,78.62193294,"['trestbps', 'chol', 'fbs', 'thalach', 'exang', 'oldpeak', 'ca']"
5622,Naive Bayes,78.22840193,80.66041801,79.41176471,79.80751595,"['trestbps', 'chol', 'fbs', 'thalach', 'exang', 'oldpeak', 'thal']"
5623,Naive Bayes,75.30367075,77.50606909,77.64705882,77.36907021,"['trestbps', 'chol', 'fbs', 'thalach', 'exang', 'slope', 'ca']"
5624,Naive Bayes,73.6240267,77.35272571,73.34558824,75.05856856,"['trestbps', 'chol', 'fbs', 'thalach', 'exang', 'slope', 'thal']"
5625,Naive Bayes,77.61624027,80.61707436,78.19852941,79.15216021,"['trestbps', 'chol', 'fbs', 'thalach', 'exang', 'ca', 'thal']"
5626,Naive Bayes,74.62476826,74.46904025,81.875,77.84238268,"['trestbps', 'chol', 'fbs', 'thalach', 'oldpeak', 'slope', 'ca']"
5627,Naive Bayes,75.315165,77.31579042,77.61029412,77.18827889,"['trestbps', 'chol', 'fbs', 'thalach', 'oldpeak', 'slope', 'thal']"
5628,Naive Bayes,76.95031516,77.8129085,80.625,79.06792675,"['trestbps', 'chol', 'fbs', 'thalach', 'oldpeak', 'ca', 'thal']"
5629,Naive Bayes,77.20615499,79.61986934,78.67647059,78.62786238,"['trestbps', 'chol', 'fbs', 'thalach', 'slope', 'ca', 'thal']"
5630,Naive Bayes,75.93659622,77.78084918,78.86029412,78.09817475,"['trestbps', 'chol', 'fbs', 'exang', 'oldpeak', 'slope', 'ca']"
5631,Naive Bayes,79.22840193,81.66707682,80.07352941,80.40501164,"['trestbps', 'chol', 'fbs', 'exang', 'oldpeak', 'slope', 'thal']"
5632,Naive Bayes,75.25991843,78.74694797,75.80882353,76.9290083,"['trestbps', 'chol', 'fbs', 'exang', 'oldpeak', 'ca', 'thal']"
5633,Naive Bayes,78.57322951,82.35867242,77.57352941,79.60591275,"['trestbps', 'chol', 'fbs', 'exang', 'slope', 'ca', 'thal']"
5634,Naive Bayes,78.21764924,78.11794806,83.63970588,80.57948122,"['trestbps', 'chol', 'fbs', 'oldpeak', 'slope', 'ca', 'thal']"
5635,Naive Bayes,77.62550983,78.39800482,81.39705882,79.66295066,"['trestbps', 'chol', 'restecg', 'thalach', 'exang', 'oldpeak', 'slope']"
5636,Naive Bayes,76.58175751,78.80732468,78.89705882,78.6553554,"['trestbps', 'chol', 'restecg', 'thalach', 'exang', 'oldpeak', 'ca']"
5637,Naive Bayes,79.26065999,81.33094851,80.77205882,80.76555402,"['trestbps', 'chol', 'restecg', 'thalach', 'exang', 'oldpeak', 'thal']"
5638,Naive Bayes,75.99258435,77.75094599,78.89705882,78.17293941,"['trestbps', 'chol', 'restecg', 'thalach', 'exang', 'slope', 'ca']"
5639,Naive Bayes,76.94883204,80.06130144,77.61029412,78.5056803,"['trestbps', 'chol', 'restecg', 'thalach', 'exang', 'slope', 'thal']"
5640,Naive Bayes,77.97182054,80.40955802,79.44852941,79.68461953,"['trestbps', 'chol', 'restecg', 'thalach', 'exang', 'ca', 'thal']"
5641,Naive Bayes,73.32295143,73.54097867,80.11029412,76.53742627,"['trestbps', 'chol', 'restecg', 'thalach', 'oldpeak', 'slope', 'ca']"
5642,Naive Bayes,76.99332592,78.49202049,80.07352941,78.9908947,"['trestbps', 'chol', 'restecg', 'thalach', 'oldpeak', 'slope', 'thal']"
5643,Naive Bayes,77.27215425,77.6870915,81.91176471,79.53304909,"['trestbps', 'chol', 'restecg', 'thalach', 'oldpeak', 'ca', 'thal']"
5644,Naive Bayes,78.2183908,79.94887955,80.55147059,79.82362038,"['trestbps', 'chol', 'restecg', 'thalach', 'slope', 'ca', 'thal']"
5645,Naive Bayes,75.60326288,77.16318369,79.48529412,78.14096851,"['trestbps', 'chol', 'restecg', 'exang', 'oldpeak', 'slope', 'ca']"
5646,Naive Bayes,78.57174638,80.43483709,80.69852941,80.15923609,"['trestbps', 'chol', 'restecg', 'exang', 'oldpeak', 'slope', 'thal']"
5647,Naive Bayes,76.30441231,79.732493,76.47058824,77.8409618,"['trestbps', 'chol', 'restecg', 'exang', 'oldpeak', 'ca', 'thal']"
5648,Naive Bayes,78.59547646,82.37168314,78.19852941,79.68467726,"['trestbps', 'chol', 'restecg', 'exang', 'slope', 'ca', 'thal']"
5649,Naive Bayes,78.19614386,78.67350361,82.38970588,80.32511856,"['trestbps', 'chol', 'restecg', 'oldpeak', 'slope', 'ca', 'thal']"
5650,Naive Bayes,76.96959585,77.94685243,80.77205882,79.2175643,"['trestbps', 'chol', 'thalach', 'exang', 'oldpeak', 'slope', 'ca']"
5651,Naive Bayes,79.58324064,81.41726252,81.32352941,81.14264357,"['trestbps', 'chol', 'thalach', 'exang', 'oldpeak', 'slope', 'thal']"
5652,Naive Bayes,79.21690768,80.97299622,81.28676471,81.01377149,"['trestbps', 'chol', 'thalach', 'exang', 'oldpeak', 'ca', 'thal']"
5653,Naive Bayes,79.26140156,81.39864981,80.66176471,80.92107029,"['trestbps', 'chol', 'thalach', 'exang', 'slope', 'ca', 'thal']"
5654,Naive Bayes,79.58472377,80.22691533,83.125,81.47128783,"['trestbps', 'chol', 'thalach', 'oldpeak', 'slope', 'ca', 'thal']"
5655,Naive Bayes,78.55098257,81.05977566,79.41176471,80.05623393,"['trestbps', 'chol', 'exang', 'oldpeak', 'slope', 'ca', 'thal']"
5656,Naive Bayes,77.2814238,78.07752838,81.32352941,79.5117326,"['trestbps', 'fbs', 'restecg', 'thalach', 'exang', 'oldpeak', 'slope']"
5657,Naive Bayes,76.26992955,78.25933707,78.89705882,78.4001033,"['trestbps', 'fbs', 'restecg', 'thalach', 'exang', 'oldpeak', 'ca']"
5658,Naive Bayes,78.90582128,81.30661684,80.07352941,80.4074138,"['trestbps', 'fbs', 'restecg', 'thalach', 'exang', 'oldpeak', 'thal']"
5659,Naive Bayes,75.94883204,78.0751634,78.23529412,77.98284519,"['trestbps', 'fbs', 'restecg', 'thalach', 'exang', 'slope', 'ca']"
5660,Naive Bayes,76.29291806,79.81275587,76.39705882,77.63124008,"['trestbps', 'fbs', 'restecg', 'thalach', 'exang', 'slope', 'thal']"
5661,Naive Bayes,77.62773452,79.96752156,79.41176471,79.42776527,"['trestbps', 'fbs', 'restecg', 'thalach', 'exang', 'ca', 'thal']"
5662,Naive Bayes,74.27994067,74.5254558,80.66176471,77.33564684,"['trestbps', 'fbs', 'restecg', 'thalach', 'oldpeak', 'slope', 'ca']"
5663,Naive Bayes,74.99258435,76.52468275,78.23529412,77.07827193,"['trestbps', 'fbs', 'restecg', 'thalach', 'oldpeak', 'slope', 'thal']"
5664,Naive Bayes,77.27289581,77.52509337,82.5,79.69542932,"['trestbps', 'fbs', 'restecg', 'thalach', 'oldpeak', 'ca', 'thal']"
5665,Naive Bayes,78.22914349,80.26323187,80.55147059,79.75678857,"['trestbps', 'fbs', 'restecg', 'thalach', 'slope', 'ca', 'thal']"
5666,Naive Bayes,75.2584353,77.05872524,78.82352941,77.73576097,"['trestbps', 'fbs', 'restecg', 'exang', 'oldpeak', 'slope', 'ca']"
5667,Naive Bayes,77.23841305,79.46780413,78.82352941,78.67017417,"['trestbps', 'fbs', 'restecg', 'exang', 'oldpeak', 'slope', 'thal']"
5668,Naive Bayes,75.93807935,79.76809057,75.80882353,77.39380112,"['trestbps', 'fbs', 'restecg', 'exang', 'oldpeak', 'ca', 'thal']"
5669,Naive Bayes,79.24063775,82.83706984,78.75,80.34920201,"['trestbps', 'fbs', 'restecg', 'exang', 'slope', 'ca', 'thal']"
5670,Naive Bayes,77.55098257,77.85552116,82.42647059,79.89313416,"['trestbps', 'fbs', 'restecg', 'oldpeak', 'slope', 'ca', 'thal']"
5671,Naive Bayes,75.94809047,77.64864981,78.86029412,78.13566336,"['trestbps', 'fbs', 'thalach', 'exang', 'oldpeak', 'slope', 'ca']"
5672,Naive Bayes,78.58324064,81.44811643,78.86029412,79.85856041,"['trestbps', 'fbs', 'thalach', 'exang', 'oldpeak', 'slope', 'thal']"
5673,Naive Bayes,78.51798294,81.12453315,79.375,80.15017825,"['trestbps', 'fbs', 'thalach', 'exang', 'oldpeak', 'ca', 'thal']"
5674,Naive Bayes,77.90656285,80.8426704,78.16176471,79.23728817,"['trestbps', 'fbs', 'thalach', 'exang', 'slope', 'ca', 'thal']"
5675,Naive Bayes,78.57397108,79.89147501,81.25,80.39075322,"['trestbps', 'fbs', 'thalach', 'oldpeak', 'slope', 'ca', 'thal']"
5676,Naive Bayes,77.57248795,80.69673429,77.61029412,78.88270878,"['trestbps', 'fbs', 'exang', 'oldpeak', 'slope', 'ca', 'thal']"
5677,Naive Bayes,77.96032629,78.38501892,82.57352941,80.26030261,"['trestbps', 'restecg', 'thalach', 'exang', 'oldpeak', 'slope', 'ca']"
5678,Naive Bayes,79.91657397,81.50059585,81.94852941,81.50554679,"['trestbps', 'restecg', 'thalach', 'exang', 'oldpeak', 'slope', 'thal']"
5679,Naive Bayes,78.53948832,80.6002752,80.625,80.48483822,"['trestbps', 'restecg', 'thalach', 'exang', 'oldpeak', 'ca', 'thal']"
5680,Naive Bayes,78.26140156,80.7980859,79.44852941,79.93164773,"['trestbps', 'restecg', 'thalach', 'exang', 'slope', 'ca', 'thal']"
5681,Naive Bayes,78.9180571,79.10539216,83.71323529,81.21688639,"['trestbps', 'restecg', 'thalach', 'oldpeak', 'slope', 'ca', 'thal']"
5682,Naive Bayes,77.26065999,79.5303639,78.82352941,79.02682217,"['trestbps', 'restecg', 'exang', 'oldpeak', 'slope', 'ca', 'thal']"
5683,Naive Bayes,78.89432703,80.61760406,81.25,80.79393761,"['trestbps', 'thalach', 'exang', 'oldpeak', 'slope', 'ca', 'thal']"
5684,Naive Bayes,76.9810901,78.49766573,79.55882353,78.83446384,"['chol', 'fbs', 'restecg', 'thalach', 'exang', 'oldpeak', 'slope']"
5685,Naive Bayes,76.58175751,79.02404295,78.27205882,78.49951124,"['chol', 'fbs', 'restecg', 'thalach', 'exang', 'oldpeak', 'ca']"
5686,Naive Bayes,78.58249907,80.32761438,80.73529412,80.36435718,"['chol', 'fbs', 'restecg', 'thalach', 'exang', 'oldpeak', 'thal']"
5687,Naive Bayes,75.30367075,77.81652661,77.05882353,77.23003278,"['chol', 'fbs', 'restecg', 'thalach', 'exang', 'slope', 'ca']"
5688,Naive Bayes,75.9810901,79.03350004,76.43382353,77.40824904,"['chol', 'fbs', 'restecg', 'thalach', 'exang', 'slope', 'thal']"
5689,Naive Bayes,78.29440119,80.22747432,80.69852941,80.18660622,"['chol', 'fbs', 'restecg', 'thalach', 'exang', 'ca', 'thal']"
5690,Naive Bayes,74.94734891,75.51414689,80.07352941,77.56665325,"['chol', 'fbs', 'restecg', 'thalach', 'oldpeak', 'slope', 'ca']"
5691,Naive Bayes,77.30515387,78.86109363,80.03676471,79.11649547,"['chol', 'fbs', 'restecg', 'thalach', 'oldpeak', 'slope', 'thal']"
5692,Naive Bayes,77.93882091,78.87920168,81.94852941,80.17426125,"['chol', 'fbs', 'restecg', 'thalach', 'oldpeak', 'ca', 'thal']"
5693,Naive Bayes,77.21690768,79.23400744,79.375,78.91719467,"['chol', 'fbs', 'restecg', 'thalach', 'slope', 'ca', 'thal']"
5694,Naive Bayes,75.26992955,77.77616222,77.64705882,77.44336082,"['chol', 'fbs', 'restecg', 'exang', 'oldpeak', 'slope', 'ca']"
5695,Naive Bayes,77.58249907,80.44505495,78.27205882,78.87723845,"['chol', 'fbs', 'restecg', 'exang', 'oldpeak', 'slope', 'thal']"
5696,Naive Bayes,75.62625139,78.58356676,77.09558824,77.55574878,"['chol', 'fbs', 'restecg', 'exang', 'oldpeak', 'ca', 'thal']"
5697,Naive Bayes,77.62773452,81.63392576,76.98529412,78.72732714,"['chol', 'fbs', 'restecg', 'exang', 'slope', 'ca', 'thal']"
5698,Naive Bayes,78.22914349,79.11134454,81.80147059,80.16442378,"['chol', 'fbs', 'restecg', 'oldpeak', 'slope', 'ca', 'thal']"
5699,Naive Bayes,76.00333704,77.13643791,79.55882353,78.17834861,"['chol', 'fbs', 'thalach', 'exang', 'oldpeak', 'slope', 'ca']"
5700,Naive Bayes,78.58249907,80.70185125,80.11029412,80.14955863,"['chol', 'fbs', 'thalach', 'exang', 'oldpeak', 'slope', 'thal']"
5701,Naive Bayes,78.52873563,80.76388889,80.03676471,80.31194296,"['chol', 'fbs', 'thalach', 'exang', 'oldpeak', 'ca', 'thal']"
5702,Naive Bayes,78.59473489,80.81531648,80.03676471,80.31904433,"['chol', 'fbs', 'thalach', 'exang', 'slope', 'ca', 'thal']"
5703,Naive Bayes,78.26140156,79.13466264,81.91176471,80.32003623,"['chol', 'fbs', 'thalach', 'oldpeak', 'slope', 'ca', 'thal']"
5704,Naive Bayes,77.57248795,79.56685218,79.44852941,79.288883,"['chol', 'fbs', 'exang', 'oldpeak', 'slope', 'ca', 'thal']"
5705,Naive Bayes,77.30441231,78.5505676,80.73529412,79.49769756,"['chol', 'restecg', 'thalach', 'exang', 'oldpeak', 'slope', 'ca']"
5706,Naive Bayes,79.92732666,81.90827559,81.39705882,81.40215998,"['chol', 'restecg', 'thalach', 'exang', 'oldpeak', 'slope', 'thal']"
5707,Naive Bayes,77.90582128,80.29471964,79.44852941,79.74309475,"['chol', 'restecg', 'thalach', 'exang', 'oldpeak', 'ca', 'thal']"
5708,Naive Bayes,77.61624027,80.9784189,77.64705882,79.05409258,"['chol', 'restecg', 'thalach', 'exang', 'slope', 'ca', 'thal']"
5709,Naive Bayes,78.26214312,79.49009023,81.91176471,80.35468241,"['chol', 'restecg', 'thalach', 'oldpeak', 'slope', 'ca', 'thal']"
5710,Naive Bayes,78.26140156,80.35268318,80.11029412,80.0414459,"['chol', 'restecg', 'exang', 'oldpeak', 'slope', 'ca', 'thal']"
5711,Naive Bayes,79.88357434,82.03221289,81.28676471,81.49789916,"['chol', 'thalach', 'exang', 'oldpeak', 'slope', 'ca', 'thal']"
5712,Naive Bayes,76.94883204,78.03994668,80.69852941,79.20233851,"['fbs', 'restecg', 'thalach', 'exang', 'oldpeak', 'slope', 'ca']"
5713,Naive Bayes,78.59325176,81.09085686,79.55882353,79.97360555,"['fbs', 'restecg', 'thalach', 'exang', 'oldpeak', 'slope', 'thal']"
5714,Naive Bayes,78.84056359,80.49183007,81.17647059,80.7666681,"['fbs', 'restecg', 'thalach', 'exang', 'oldpeak', 'ca', 'thal']"
5715,Naive Bayes,77.28290693,79.63557792,78.82352941,79.09443308,"['fbs', 'restecg', 'thalach', 'exang', 'slope', 'ca', 'thal']"
5716,Naive Bayes,78.93956248,80.5871603,81.36029412,80.62573431,"['fbs', 'restecg', 'thalach', 'oldpeak', 'slope', 'ca', 'thal']"
5717,Naive Bayes,77.5839822,80.00732837,78.82352941,79.16253892,"['fbs', 'restecg', 'exang', 'oldpeak', 'slope', 'ca', 'thal']"
5718,Naive Bayes,79.53948832,81.48937908,81.28676471,81.24002563,"['fbs', 'thalach', 'exang', 'oldpeak', 'slope', 'ca', 'thal']"
5719,Naive Bayes,79.21690768,80.97303922,81.28676471,81.01733655,"['restecg', 'thalach', 'exang', 'oldpeak', 'slope', 'ca', 'thal']"
5720,Naive Bayes,77.2584353,77.63038724,82.5,79.79962539,"['age', 'sex', 'cp', 'trestbps', 'chol', 'fbs', 'restecg', 'thalach']"
5721,Naive Bayes,76.22395254,77.29385965,81.83823529,79.05495306,"['age', 'sex', 'cp', 'trestbps', 'chol', 'fbs', 'restecg', 'exang']"
5722,Naive Bayes,79.21690768,79.20110993,84.96323529,81.55757041,"['age', 'sex', 'cp', 'trestbps', 'chol', 'fbs', 'restecg', 'oldpeak']"
5723,Naive Bayes,75.80385614,77.77187454,78.67647059,78.05922775,"['age', 'sex', 'cp', 'trestbps', 'chol', 'fbs', 'restecg', 'slope']"
5724,Naive Bayes,75.8361142,77.11861204,81.21323529,78.74345335,"['age', 'sex', 'cp', 'trestbps', 'chol', 'fbs', 'restecg', 'ca']"
5725,Naive Bayes,76.49202818,79.7264239,76.91176471,77.9464118,"['age', 'sex', 'cp', 'trestbps', 'chol', 'fbs', 'restecg', 'thal']"
5726,Naive Bayes,76.56878013,76.84859065,82.46323529,79.26361258,"['age', 'sex', 'cp', 'trestbps', 'chol', 'fbs', 'thalach', 'exang']"
5727,Naive Bayes,77.23618836,76.82088689,84.375,80.13716276,"['age', 'sex', 'cp', 'trestbps', 'chol', 'fbs', 'thalach', 'oldpeak']"
5728,Naive Bayes,76.15869485,76.99505504,80.51470588,78.62659229,"['age', 'sex', 'cp', 'trestbps', 'chol', 'fbs', 'thalach', 'slope']"
5729,Naive Bayes,78.15016685,77.77614379,84.81617647,80.97719932,"['age', 'sex', 'cp', 'trestbps', 'chol', 'fbs', 'thalach', 'ca']"
5730,Naive Bayes,77.52651094,80.50257998,78.67647059,79.18094745,"['age', 'sex', 'cp', 'trestbps', 'chol', 'fbs', 'thalach', 'thal']"
5731,Naive Bayes,78.88209121,79.71345029,82.53676471,80.8879764,"['age', 'sex', 'cp', 'trestbps', 'chol', 'fbs', 'exang', 'oldpeak']"
5732,Naive Bayes,76.60326288,77.13774018,81.80147059,79.22007896,"['age', 'sex', 'cp', 'trestbps', 'chol', 'fbs', 'exang', 'slope']"
5733,Naive Bayes,77.85984427,79.28853383,81.25,80.06471225,"['age', 'sex', 'cp', 'trestbps', 'chol', 'fbs', 'exang', 'ca']"
5734,Naive Bayes,76.22543567,78.67744755,78.67647059,78.16335727,"['age', 'sex', 'cp', 'trestbps', 'chol', 'fbs', 'exang', 'thal']"
5735,Naive Bayes,77.93659622,76.45744263,86.13970588,80.95016507,"['age', 'sex', 'cp', 'trestbps', 'chol', 'fbs', 'oldpeak', 'slope']"
5736,Naive Bayes,79.52873563,79.64800482,84.88970588,81.96137017,"['age', 'sex', 'cp', 'trestbps', 'chol', 'fbs', 'oldpeak', 'ca']"
5737,Naive Bayes,78.53874676,81.36395145,79.41176471,80.0346166,"['age', 'sex', 'cp', 'trestbps', 'chol', 'fbs', 'oldpeak', 'thal']"
5738,Naive Bayes,78.42825362,78.70248538,84.15441176,81.17498788,"['age', 'sex', 'cp', 'trestbps', 'chol', 'fbs', 'slope', 'ca']"
5739,Naive Bayes,78.85057471,83.12751713,78.01470588,79.81477,"['age', 'sex', 'cp', 'trestbps', 'chol', 'fbs', 'slope', 'thal']"
5740,Naive Bayes,75.84760845,79.03818159,77.46323529,77.65404545,"['age', 'sex', 'cp', 'trestbps', 'chol', 'fbs', 'ca', 'thal']"
5741,Naive Bayes,76.3129403,76.91520704,81.91176471,79.06738187,"['age', 'sex', 'cp', 'trestbps', 'chol', 'restecg', 'thalach', 'exang']"
5742,Naive Bayes,77.25917686,76.41584967,85.55147059,80.39337837,"['age', 'sex', 'cp', 'trestbps', 'chol', 'restecg', 'thalach', 'oldpeak']"
5743,Naive Bayes,75.85910271,77.06980687,79.88970588,78.20957548,"['age', 'sex', 'cp', 'trestbps', 'chol', 'restecg', 'thalach', 'slope']"
5744,Naive Bayes,76.84909158,76.65526003,83.63970588,79.80906701,"['age', 'sex', 'cp', 'trestbps', 'chol', 'restecg', 'thalach', 'ca']"
5745,Naive Bayes,78.86058584,81.99231088,79.92647059,80.41773123,"['age', 'sex', 'cp', 'trestbps', 'chol', 'restecg', 'thalach', 'thal']"
5746,Naive Bayes,77.94809047,78.65009616,82.61029412,80.22267056,"['age', 'sex', 'cp', 'trestbps', 'chol', 'restecg', 'exang', 'oldpeak']"
5747,Naive Bayes,76.28068224,77.00159099,81.21323529,78.92375624,"['age', 'sex', 'cp', 'trestbps', 'chol', 'restecg', 'exang', 'slope']"
5748,Naive Bayes,78.20467186,79.90479876,81.28676471,80.39295366,"['age', 'sex', 'cp', 'trestbps', 'chol', 'restecg', 'exang', 'ca']"
5749,Naive Bayes,77.54801631,80.21266401,78.75,79.17204712,"['age', 'sex', 'cp', 'trestbps', 'chol', 'restecg', 'exang', 'thal']"
5750,Naive Bayes,79.21616611,79.08159492,84.88970588,81.66122428,"['age', 'sex', 'cp', 'trestbps', 'chol', 'restecg', 'oldpeak', 'slope']"
5751,Naive Bayes,80.50797182,80.40652997,86.72794118,83.10789102,"['age', 'sex', 'cp', 'trestbps', 'chol', 'restecg', 'oldpeak', 'ca']"
5752,Naive Bayes,79.52799407,82.45490565,80,80.93599555,"['age', 'sex', 'cp', 'trestbps', 'chol', 'restecg', 'oldpeak', 'thal']"
5753,Naive Bayes,77.77233964,78.40584304,83.52941176,80.63000996,"['age', 'sex', 'cp', 'trestbps', 'chol', 'restecg', 'slope', 'ca']"
5754,Naive Bayes,79.85131628,83.91384192,79.22794118,80.83380649,"['age', 'sex', 'cp', 'trestbps', 'chol', 'restecg', 'slope', 'thal']"
5755,Naive Bayes,77.17093066,79.62254902,79.33823529,79.14335554,"['age', 'sex', 'cp', 'trestbps', 'chol', 'restecg', 'ca', 'thal']"
5756,Naive Bayes,79.27067112,79.09601823,84.41176471,81.51695641,"['age', 'sex', 'cp', 'trestbps', 'chol', 'thalach', 'exang', 'oldpeak']"
5757,Naive Bayes,74.98961809,75.14585483,81.32352941,78.01395358,"['age', 'sex', 'cp', 'trestbps', 'chol', 'thalach', 'exang', 'slope']"
5758,Naive Bayes,79.19466073,80.53022876,82.46323529,81.26919478,"['age', 'sex', 'cp', 'trestbps', 'chol', 'thalach', 'exang', 'ca']"
5759,Naive Bayes,78.87133852,80.92286476,81.17647059,80.70754788,"['age', 'sex', 'cp', 'trestbps', 'chol', 'thalach', 'exang', 'thal']"
5760,Naive Bayes,77.93733778,76.93872549,85.51470588,80.90515364,"['age', 'sex', 'cp', 'trestbps', 'chol', 'thalach', 'oldpeak', 'slope']"
5761,Naive Bayes,81.15239155,80.25434297,87.27941176,83.4995449,"['age', 'sex', 'cp', 'trestbps', 'chol', 'thalach', 'oldpeak', 'ca']"
5762,Naive Bayes,81.84130515,83.98039216,83.01470588,83.04203356,"['age', 'sex', 'cp', 'trestbps', 'chol', 'thalach', 'oldpeak', 'thal']"
5763,Naive Bayes,78.17241379,78.13368593,84.22794118,80.94782913,"['age', 'sex', 'cp', 'trestbps', 'chol', 'thalach', 'slope', 'ca']"
5764,Naive Bayes,79.85131628,82.63422508,80.51470588,81.30041839,"['age', 'sex', 'cp', 'trestbps', 'chol', 'thalach', 'slope', 'thal']"
5765,Naive Bayes,79.11716722,80.34625638,82.31617647,81.04016713,"['age', 'sex', 'cp', 'trestbps', 'chol', 'thalach', 'ca', 'thal']"
5766,Naive Bayes,79.60548758,80.14895081,83.16176471,81.43899006,"['age', 'sex', 'cp', 'trestbps', 'chol', 'exang', 'oldpeak', 'slope']"
5767,Naive Bayes,80.18390805,80.64520984,84.33823529,82.2722392,"['age', 'sex', 'cp', 'trestbps', 'chol', 'exang', 'oldpeak', 'ca']"
5768,Naive Bayes,80.85057471,81.95798319,83.67647059,82.43589862,"['age', 'sex', 'cp', 'trestbps', 'chol', 'exang', 'oldpeak', 'thal']"
5769,Naive Bayes,76.90359659,78.43360853,80.03676471,79.08286722,"['age', 'sex', 'cp', 'trestbps', 'chol', 'exang', 'slope', 'ca']"
5770,Naive Bayes,78.19391917,80.37886383,79.92647059,79.90474391,"['age', 'sex', 'cp', 'trestbps', 'chol', 'exang', 'slope', 'thal']"
5771,Naive Bayes,79.22766036,81.57372456,81.21323529,81.00839137,"['age', 'sex', 'cp', 'trestbps', 'chol', 'exang', 'ca', 'thal']"
5772,Naive Bayes,78.87282165,78.55108359,84.81617647,81.45171222,"['age', 'sex', 'cp', 'trestbps', 'chol', 'oldpeak', 'slope', 'ca']"
5773,Naive Bayes,81.53096033,84.11592329,81.76470588,82.75036653,"['age', 'sex', 'cp', 'trestbps', 'chol', 'oldpeak', 'slope', 'thal']"
5774,Naive Bayes,79.84056359,79.65311005,85.44117647,82.25739482,"['age', 'sex', 'cp', 'trestbps', 'chol', 'oldpeak', 'ca', 'thal']"
5775,Naive Bayes,80.14089729,82.30663055,81.65441176,81.46503212,"['age', 'sex', 'cp', 'trestbps', 'chol', 'slope', 'ca', 'thal']"
5776,Naive Bayes,77.28068224,77.29178952,83.71323529,80.16033399,"['age', 'sex', 'cp', 'trestbps', 'fbs', 'restecg', 'thalach', 'exang']"
5777,Naive Bayes,77.87059696,76.87646867,86.10294118,80.90703423,"['age', 'sex', 'cp', 'trestbps', 'fbs', 'restecg', 'thalach', 'oldpeak']"
5778,Naive Bayes,75.84760845,76.4444249,81.10294118,78.48413712,"['age', 'sex', 'cp', 'trestbps', 'fbs', 'restecg', 'thalach', 'slope']"
5779,Naive Bayes,78.50574713,78.00976092,84.85294118,81.13563239,"['age', 'sex', 'cp', 'trestbps', 'fbs', 'restecg', 'thalach', 'ca']"
5780,Naive Bayes,78.17093066,80.62970019,79.88970588,79.91687148,"['age', 'sex', 'cp', 'trestbps', 'fbs', 'restecg', 'thalach', 'thal']"
5781,Naive Bayes,78.58249907,78.54960317,84.33823529,81.02796987,"['age', 'sex', 'cp', 'trestbps', 'fbs', 'restecg', 'exang', 'oldpeak']"
5782,Naive Bayes,76.92584353,77.27767335,82.38970588,79.54639023,"['age', 'sex', 'cp', 'trestbps', 'fbs', 'restecg', 'exang', 'slope']"
5783,Naive Bayes,78.50500556,79.82738095,82.5,80.83701728,"['age', 'sex', 'cp', 'trestbps', 'fbs', 'restecg', 'exang', 'ca']"
5784,Naive Bayes,77.20393029,79.98634454,78.125,78.67070439,"['age', 'sex', 'cp', 'trestbps', 'fbs', 'restecg', 'exang', 'thal']"
5785,Naive Bayes,79.5609937,78.82260799,86.10294118,82.14767561,"['age', 'sex', 'cp', 'trestbps', 'fbs', 'restecg', 'oldpeak', 'slope']"
5786,Naive Bayes,81.13088617,80.80345979,87.27941176,83.63588915,"['age', 'sex', 'cp', 'trestbps', 'fbs', 'restecg', 'oldpeak', 'ca']"
5787,Naive Bayes,79.1616611,81.7355592,80.55147059,80.62794922,"['age', 'sex', 'cp', 'trestbps', 'fbs', 'restecg', 'oldpeak', 'thal']"
5788,Naive Bayes,78.48424175,78.79982432,84.81617647,81.46295413,"['age', 'sex', 'cp', 'trestbps', 'fbs', 'restecg', 'slope', 'ca']"
5789,Naive Bayes,79.85205784,83.69077577,79.22794118,80.77073408,"['age', 'sex', 'cp', 'trestbps', 'fbs', 'restecg', 'slope', 'thal']"
5790,Naive Bayes,77.80533927,79.96098758,80.51470588,79.80733856,"['age', 'sex', 'cp', 'trestbps', 'fbs', 'restecg', 'ca', 'thal']"
5791,Naive Bayes,79.27067112,78.50941692,85.625,81.76108721,"['age', 'sex', 'cp', 'trestbps', 'fbs', 'thalach', 'exang', 'oldpeak']"
5792,Naive Bayes,74.99035966,75.07335741,81.28676471,77.94018846,"['age', 'sex', 'cp', 'trestbps', 'fbs', 'thalach', 'exang', 'slope']"
5793,Naive Bayes,78.90582128,80.18949948,82.46323529,81.07967626,"['age', 'sex', 'cp', 'trestbps', 'fbs', 'thalach', 'exang', 'ca']"
5794,Naive Bayes,79.18316648,80.94701214,81.72794118,80.94489227,"['age', 'sex', 'cp', 'trestbps', 'fbs', 'thalach', 'exang', 'thal']"
5795,Naive Bayes,79.61624027,77.91405597,87.97794118,82.52943185,"['age', 'sex', 'cp', 'trestbps', 'fbs', 'thalach', 'oldpeak', 'slope']"
5796,Naive Bayes,80.47497219,79.22741345,87.86764706,83.18864005,"['age', 'sex', 'cp', 'trestbps', 'fbs', 'thalach', 'oldpeak', 'ca']"
5797,Naive Bayes,81.80830552,83.00198413,84.19117647,83.253742,"['age', 'sex', 'cp', 'trestbps', 'fbs', 'thalach', 'oldpeak', 'thal']"
5798,Naive Bayes,77.15016685,77.44887341,82.94117647,79.97343282,"['age', 'sex', 'cp', 'trestbps', 'fbs', 'thalach', 'slope', 'ca']"
5799,Naive Bayes,79.49647757,82.54327844,79.85294118,80.83651057,"['age', 'sex', 'cp', 'trestbps', 'fbs', 'thalach', 'slope', 'thal']"
5800,Naive Bayes,79.42899518,80.38232081,82.86764706,81.27210095,"['age', 'sex', 'cp', 'trestbps', 'fbs', 'thalach', 'ca', 'thal']"
5801,Naive Bayes,79.27215425,79.6522925,83.125,81.15232153,"['age', 'sex', 'cp', 'trestbps', 'fbs', 'exang', 'oldpeak', 'slope']"
5802,Naive Bayes,80.47348906,80.81514448,84.88970588,82.67038027,"['age', 'sex', 'cp', 'trestbps', 'fbs', 'exang', 'oldpeak', 'ca']"
5803,Naive Bayes,80.8068224,81.35445845,84.81617647,82.74787654,"['age', 'sex', 'cp', 'trestbps', 'fbs', 'exang', 'oldpeak', 'thal']"
5804,Naive Bayes,77.23767149,79.05265615,80,79.35798078,"['age', 'sex', 'cp', 'trestbps', 'fbs', 'exang', 'slope', 'ca']"
5805,Naive Bayes,77.51649981,80.18984206,78.67647059,79.08234865,"['age', 'sex', 'cp', 'trestbps', 'fbs', 'exang', 'slope', 'thal']"
5806,Naive Bayes,78.19466073,80.43972913,81.13970588,80.17707343,"['age', 'sex', 'cp', 'trestbps', 'fbs', 'exang', 'ca', 'thal']"
5807,Naive Bayes,79.1954023,77.62211902,87.27941176,82.08387532,"['age', 'sex', 'cp', 'trestbps', 'fbs', 'oldpeak', 'slope', 'ca']"
5808,Naive Bayes,80.24137931,81.65939972,82.42647059,81.90503024,"['age', 'sex', 'cp', 'trestbps', 'fbs', 'oldpeak', 'slope', 'thal']"
5809,Naive Bayes,79.51872451,79.59402852,84.85294118,81.90718164,"['age', 'sex', 'cp', 'trestbps', 'fbs', 'oldpeak', 'ca', 'thal']"
5810,Naive Bayes,78.46273637,80.72278736,80.40441176,79.98714126,"['age', 'sex', 'cp', 'trestbps', 'fbs', 'slope', 'ca', 'thal']"
5811,Naive Bayes,79.27067112,79.19405745,84.41176471,81.56737658,"['age', 'sex', 'cp', 'trestbps', 'restecg', 'thalach', 'exang', 'oldpeak']"
5812,Naive Bayes,76.29069336,76.15290678,82.53676471,79.08971115,"['age', 'sex', 'cp', 'trestbps', 'restecg', 'thalach', 'exang', 'slope']"
5813,Naive Bayes,78.58249907,79.96132488,81.91176471,80.72623292,"['age', 'sex', 'cp', 'trestbps', 'restecg', 'thalach', 'exang', 'ca']"
5814,Naive Bayes,78.51501669,80.56593926,80.58823529,80.34775749,"['age', 'sex', 'cp', 'trestbps', 'restecg', 'thalach', 'exang', 'thal']"
5815,Naive Bayes,78.2814238,76.959673,86.80147059,81.36953913,"['age', 'sex', 'cp', 'trestbps', 'restecg', 'thalach', 'oldpeak', 'slope']"
5816,Naive Bayes,80.51872451,78.85228445,88.52941176,83.27401802,"['age', 'sex', 'cp', 'trestbps', 'restecg', 'thalach', 'oldpeak', 'ca']"
5817,Naive Bayes,82.49721913,84.24302413,84.22794118,83.87519127,"['age', 'sex', 'cp', 'trestbps', 'restecg', 'thalach', 'oldpeak', 'thal']"
5818,Naive Bayes,78.48350019,78.10853113,85.47794118,81.42630197,"['age', 'sex', 'cp', 'trestbps', 'restecg', 'thalach', 'slope', 'ca']"
5819,Naive Bayes,80.50797182,83.65018788,81.10294118,81.89262425,"['age', 'sex', 'cp', 'trestbps', 'restecg', 'thalach', 'slope', 'thal']"
5820,Naive Bayes,79.7730812,80.77769178,83.52941176,81.78048101,"['age', 'sex', 'cp', 'trestbps', 'restecg', 'thalach', 'ca', 'thal']"
5821,Naive Bayes,79.58324064,79.54221338,84.33823529,81.56846916,"['age', 'sex', 'cp', 'trestbps', 'restecg', 'exang', 'oldpeak', 'slope']"
5822,Naive Bayes,78.86058584,79.41705366,83.125,81.08645276,"['age', 'sex', 'cp', 'trestbps', 'restecg', 'exang', 'oldpeak', 'ca']"
5823,Naive Bayes,80.84056359,82.52385489,83.05147059,82.3695494,"['age', 'sex', 'cp', 'trestbps', 'restecg', 'exang', 'oldpeak', 'thal']"
5824,Naive Bayes,76.91509084,78.70702492,80.03676471,79.19059393,"['age', 'sex', 'cp', 'trestbps', 'restecg', 'exang', 'slope', 'ca']"
5825,Naive Bayes,79.84056359,82.83766401,79.96323529,81.18225457,"['age', 'sex', 'cp', 'trestbps', 'restecg', 'exang', 'slope', 'thal']"
5826,Naive Bayes,79.55098257,82.18849206,81.80147059,81.28152974,"['age', 'sex', 'cp', 'trestbps', 'restecg', 'exang', 'ca', 'thal']"
5827,Naive Bayes,79.51872451,78.58499859,86.65441176,82.28766574,"['age', 'sex', 'cp', 'trestbps', 'restecg', 'oldpeak', 'slope', 'ca']"
5828,Naive Bayes,80.5524657,82.64974796,81.83823529,81.97486339,"['age', 'sex', 'cp', 'trestbps', 'restecg', 'oldpeak', 'slope', 'thal']"
5829,Naive Bayes,79.51946607,80.08703024,84.22794118,81.82459371,"['age', 'sex', 'cp', 'trestbps', 'restecg', 'oldpeak', 'ca', 'thal']"
5830,Naive Bayes,79.80830552,81.3145073,82.90441176,81.69086273,"['age', 'sex', 'cp', 'trestbps', 'restecg', 'slope', 'ca', 'thal']"
5831,Naive Bayes,80.2836485,80.40647575,84.41176471,82.20284712,"['age', 'sex', 'cp', 'trestbps', 'thalach', 'exang', 'oldpeak', 'slope']"
5832,Naive Bayes,81.54022989,82.11111111,84.92647059,83.43154505,"['age', 'sex', 'cp', 'trestbps', 'thalach', 'exang', 'oldpeak', 'ca']"
5833,Naive Bayes,83.1638858,84.91071429,84.26470588,84.52673797,"['age', 'sex', 'cp', 'trestbps', 'thalach', 'exang', 'oldpeak', 'thal']"
5834,Naive Bayes,77.26992955,78.36552165,81.28676471,79.67948391,"['age', 'sex', 'cp', 'trestbps', 'thalach', 'exang', 'slope', 'ca']"
5835,Naive Bayes,79.87208009,81.64719397,82.42647059,81.82923747,"['age', 'sex', 'cp', 'trestbps', 'thalach', 'exang', 'slope', 'thal']"
5836,Naive Bayes,80.54022989,82.30033417,83.05147059,82.41357981,"['age', 'sex', 'cp', 'trestbps', 'thalach', 'exang', 'ca', 'thal']"
5837,Naive Bayes,79.56173526,78.9869281,86.13970588,82.25964536,"['age', 'sex', 'cp', 'trestbps', 'thalach', 'oldpeak', 'slope', 'ca']"
5838,Naive Bayes,83.54245458,84.58567989,86.10294118,85.1441119,"['age', 'sex', 'cp', 'trestbps', 'thalach', 'oldpeak', 'slope', 'thal']"
5839,Naive Bayes,83.15387468,82.79863261,87.27941176,84.90615185,"['age', 'sex', 'cp', 'trestbps', 'thalach', 'oldpeak', 'ca', 'thal']"
5840,Naive Bayes,82.12013348,82.52622979,85.99264706,83.91647568,"['age', 'sex', 'cp', 'trestbps', 'thalach', 'slope', 'ca', 'thal']"
5841,Naive Bayes,80.57397108,81.64637083,83.08823529,82.27736329,"['age', 'sex', 'cp', 'trestbps', 'exang', 'oldpeak', 'slope', 'ca']"
5842,Naive Bayes,82.4642195,84.34998034,83.60294118,83.80399961,"['age', 'sex', 'cp', 'trestbps', 'exang', 'oldpeak', 'slope', 'thal']"
5843,Naive Bayes,81.80830552,82.79857118,84.85294118,83.64584925,"['age', 'sex', 'cp', 'trestbps', 'exang', 'oldpeak', 'ca', 'thal']"
5844,Naive Bayes,80.81831665,82.93372524,83.01470588,82.66379518,"['age', 'sex', 'cp', 'trestbps', 'exang', 'slope', 'ca', 'thal']"
5845,Naive Bayes,82.78754171,82.89460784,86.65441176,84.63342458,"['age', 'sex', 'cp', 'trestbps', 'oldpeak', 'slope', 'ca', 'thal']"
5846,Naive Bayes,76.33518725,77.44375645,81.32352941,79.01039925,"['age', 'sex', 'cp', 'chol', 'fbs', 'restecg', 'thalach', 'exang']"
5847,Naive Bayes,78.2269188,77.44684682,85.51470588,80.99416226,"['age', 'sex', 'cp', 'chol', 'fbs', 'restecg', 'thalach', 'oldpeak']"
5848,Naive Bayes,74.88060808,75.81502021,79.92647059,77.50107247,"['age', 'sex', 'cp', 'chol', 'fbs', 'restecg', 'thalach', 'slope']"
5849,Naive Bayes,77.50574713,76.75050427,84.85294118,80.4203691,"['age', 'sex', 'cp', 'chol', 'fbs', 'restecg', 'thalach', 'ca']"
5850,Naive Bayes,79.15016685,80.78236031,81.76470588,80.89176113,"['age', 'sex', 'cp', 'chol', 'fbs', 'restecg', 'thalach', 'thal']"
5851,Naive Bayes,78.60474601,79.39444813,82.57352941,80.72077893,"['age', 'sex', 'cp', 'chol', 'fbs', 'restecg', 'exang', 'oldpeak']"
5852,Naive Bayes,75.96959585,76.53242174,81.21323529,78.65761557,"['age', 'sex', 'cp', 'chol', 'fbs', 'restecg', 'exang', 'slope']"
5853,Naive Bayes,78.29365962,79.11167011,82.53676471,80.66690283,"['age', 'sex', 'cp', 'chol', 'fbs', 'restecg', 'exang', 'ca']"
5854,Naive Bayes,77.22543567,79.12895219,80,79.31851549,"['age', 'sex', 'cp', 'chol', 'fbs', 'restecg', 'exang', 'thal']"
5855,Naive Bayes,78.25991843,77.3286151,86.10294118,81.25320293,"['age', 'sex', 'cp', 'chol', 'fbs', 'restecg', 'oldpeak', 'slope']"
5856,Naive Bayes,80.85279941,80.5526428,87.27941176,83.50352777,"['age', 'sex', 'cp', 'chol', 'fbs', 'restecg', 'oldpeak', 'ca']"
5857,Naive Bayes,79.83982202,82.54125132,80.625,81.29805985,"['age', 'sex', 'cp', 'chol', 'fbs', 'restecg', 'oldpeak', 'thal']"
5858,Naive Bayes,79.15164998,78.84077227,85.40441176,81.86489899,"['age', 'sex', 'cp', 'chol', 'fbs', 'restecg', 'slope', 'ca']"
5859,Naive Bayes,80.15239155,83.5147137,79.81617647,81.12940613,"['age', 'sex', 'cp', 'chol', 'fbs', 'restecg', 'slope', 'thal']"
5860,Naive Bayes,78.49499444,80.81030253,81.17647059,80.50657919,"['age', 'sex', 'cp', 'chol', 'fbs', 'restecg', 'ca', 'thal']"
5861,Naive Bayes,79.6154987,79.82391641,83.82352941,81.63956795,"['age', 'sex', 'cp', 'chol', 'fbs', 'thalach', 'exang', 'oldpeak']"
5862,Naive Bayes,74.99035966,75.3993808,80.69852941,77.80336846,"['age', 'sex', 'cp', 'chol', 'fbs', 'thalach', 'exang', 'slope']"
5863,Naive Bayes,78.26065999,79.55301858,81.875,80.52095912,"['age', 'sex', 'cp', 'chol', 'fbs', 'thalach', 'exang', 'ca']"
5864,Naive Bayes,78.25991843,79.60572623,81.80147059,80.4168834,"['age', 'sex', 'cp', 'chol', 'fbs', 'thalach', 'exang', 'thal']"
5865,Naive Bayes,76.92584353,76.30353457,84.30147059,79.9586204,"['age', 'sex', 'cp', 'chol', 'fbs', 'thalach', 'oldpeak', 'slope']"
5866,Naive Bayes,79.5294772,78.9845514,86.10294118,82.22399473,"['age', 'sex', 'cp', 'chol', 'fbs', 'thalach', 'oldpeak', 'ca']"
5867,Naive Bayes,81.87430478,83.26671694,84.26470588,83.4777012,"['age', 'sex', 'cp', 'chol', 'fbs', 'thalach', 'oldpeak', 'thal']"
5868,Naive Bayes,77.51724138,78.05473856,83.01470588,80.25691763,"['age', 'sex', 'cp', 'chol', 'fbs', 'thalach', 'slope', 'ca']"
5869,Naive Bayes,78.86281053,81.65957881,79.30147059,80.1904777,"['age', 'sex', 'cp', 'chol', 'fbs', 'thalach', 'slope', 'thal']"
5870,Naive Bayes,80.15090842,80.75015971,84.19117647,82.2213734,"['age', 'sex', 'cp', 'chol', 'fbs', 'thalach', 'ca', 'thal']"
5871,Naive Bayes,79.2499073,79.71034203,83.08823529,81.14174277,"['age', 'sex', 'cp', 'chol', 'fbs', 'exang', 'oldpeak', 'slope']"
5872,Naive Bayes,78.91657397,80.05718954,81.94852941,80.83348188,"['age', 'sex', 'cp', 'chol', 'fbs', 'exang', 'oldpeak', 'ca']"
5873,Naive Bayes,81.17389692,82.19552558,83.63970588,82.71902852,"['age', 'sex', 'cp', 'chol', 'fbs', 'exang', 'oldpeak', 'thal']"
5874,Naive Bayes,76.62625139,78.51349575,79.44852941,78.7382233,"['age', 'sex', 'cp', 'chol', 'fbs', 'exang', 'slope', 'ca']"
5875,Naive Bayes,78.53874676,81.3714986,78.75,79.81312822,"['age', 'sex', 'cp', 'chol', 'fbs', 'exang', 'slope', 'thal']"
5876,Naive Bayes,78.21616611,80.2893839,80.58823529,80.1075293,"['age', 'sex', 'cp', 'chol', 'fbs', 'exang', 'ca', 'thal']"
5877,Naive Bayes,78.51724138,77.79640891,85.40441176,81.33295304,"['age', 'sex', 'cp', 'chol', 'fbs', 'oldpeak', 'slope', 'ca']"
5878,Naive Bayes,81.19688543,83.28667493,82.42647059,82.61472371,"['age', 'sex', 'cp', 'chol', 'fbs', 'oldpeak', 'slope', 'thal']"
5879,Naive Bayes,80.19614386,80.35517716,84.85294118,82.4045084,"['age', 'sex', 'cp', 'chol', 'fbs', 'oldpeak', 'ca', 'thal']"
5880,Naive Bayes,79.47423063,81.8565196,80.51470588,80.83547479,"['age', 'sex', 'cp', 'chol', 'fbs', 'slope', 'ca', 'thal']"
5881,Naive Bayes,80.62773452,80.51427589,85.07352941,82.56871233,"['age', 'sex', 'cp', 'chol', 'restecg', 'thalach', 'exang', 'oldpeak']"
5882,Naive Bayes,76.01334816,76.39103887,81.32352941,78.72389865,"['age', 'sex', 'cp', 'chol', 'restecg', 'thalach', 'exang', 'slope']"
5883,Naive Bayes,78.93882091,80.60861713,81.91176471,81.05087641,"['age', 'sex', 'cp', 'chol', 'restecg', 'thalach', 'exang', 'ca']"
5884,Naive Bayes,79.59325176,81.16859173,82.5,81.61607362,"['age', 'sex', 'cp', 'chol', 'restecg', 'thalach', 'exang', 'thal']"
5885,Naive Bayes,78.29291806,77.2736442,86.21323529,81.23370091,"['age', 'sex', 'cp', 'chol', 'restecg', 'thalach', 'oldpeak', 'slope']"
5886,Naive Bayes,79.24063775,78.58496732,86.76470588,82.22990523,"['age', 'sex', 'cp', 'chol', 'restecg', 'thalach', 'oldpeak', 'ca']"
5887,Naive Bayes,81.90730441,83.88935574,83.75,83.48420199,"['age', 'sex', 'cp', 'chol', 'restecg', 'thalach', 'oldpeak', 'thal']"
5888,Naive Bayes,78.54022989,78.21232002,85.47794118,81.48601791,"['age', 'sex', 'cp', 'chol', 'restecg', 'thalach', 'slope', 'ca']"
5889,Naive Bayes,80.16314423,82.18174962,81.72794118,81.71551845,"['age', 'sex', 'cp', 'chol', 'restecg', 'thalach', 'slope', 'thal']"
5890,Naive Bayes,80.46199481,81.48174972,83.60294118,82.29543196,"['age', 'sex', 'cp', 'chol', 'restecg', 'thalach', 'ca', 'thal']"
5891,Naive Bayes,79.90582128,80.15624846,83.71323529,81.70940497,"['age', 'sex', 'cp', 'chol', 'restecg', 'exang', 'oldpeak', 'slope']"
5892,Naive Bayes,77.91583241,79.25386997,80.73529412,79.86618284,"['age', 'sex', 'cp', 'chol', 'restecg', 'exang', 'oldpeak', 'ca']"
5893,Naive Bayes,80.22840193,81.74983414,82.53676471,81.80113933,"['age', 'sex', 'cp', 'chol', 'restecg', 'exang', 'oldpeak', 'thal']"
5894,Naive Bayes,77.29291806,79.27960219,80.07352941,79.39658107,"['age', 'sex', 'cp', 'chol', 'restecg', 'exang', 'slope', 'ca']"
5895,Naive Bayes,80.1954023,83.69830827,79.375,81.30908742,"['age', 'sex', 'cp', 'chol', 'restecg', 'exang', 'slope', 'thal']"
5896,Naive Bayes,78.21616611,81.03492186,80.03676471,80.09096214,"['age', 'sex', 'cp', 'chol', 'restecg', 'exang', 'ca', 'thal']"
5897,Naive Bayes,78.52873563,77.54719413,86.61764706,81.63473459,"['age', 'sex', 'cp', 'chol', 'restecg', 'oldpeak', 'slope', 'ca']"
5898,Naive Bayes,80.49647757,82.49815101,81.80147059,82.03229914,"['age', 'sex', 'cp', 'chol', 'restecg', 'oldpeak', 'slope', 'thal']"
5899,Naive Bayes,79.5294772,80.30154486,83.67647059,81.75745849,"['age', 'sex', 'cp', 'chol', 'restecg', 'oldpeak', 'ca', 'thal']"
5900,Naive Bayes,79.81831665,81.66924665,81.72794118,81.41396207,"['age', 'sex', 'cp', 'chol', 'restecg', 'slope', 'ca', 'thal']"
5901,Naive Bayes,78.97107898,79.98813209,82.02205882,80.77187776,"['age', 'sex', 'cp', 'chol', 'thalach', 'exang', 'oldpeak', 'slope']"
5902,Naive Bayes,81.54022989,82.49509804,84.33823529,83.32815824,"['age', 'sex', 'cp', 'chol', 'thalach', 'exang', 'oldpeak', 'ca']"
5903,Naive Bayes,82.85205784,84.94257703,83.67647059,84.23858605,"['age', 'sex', 'cp', 'chol', 'thalach', 'exang', 'oldpeak', 'thal']"
5904,Naive Bayes,77.63700408,78.56006438,81.94852941,80.00486984,"['age', 'sex', 'cp', 'chol', 'thalach', 'exang', 'slope', 'ca']"
5905,Naive Bayes,79.27067112,81.15254435,81.32352941,81.05992945,"['age', 'sex', 'cp', 'chol', 'thalach', 'exang', 'slope', 'thal']"
5906,Naive Bayes,79.23841305,82.00885415,80.66176471,80.99210082,"['age', 'sex', 'cp', 'chol', 'thalach', 'exang', 'ca', 'thal']"
5907,Naive Bayes,78.56173526,78.24925728,84.92647059,81.26244648,"['age', 'sex', 'cp', 'chol', 'thalach', 'oldpeak', 'slope', 'ca']"
5908,Naive Bayes,82.87578791,84.03982382,85.51470588,84.52968969,"['age', 'sex', 'cp', 'chol', 'thalach', 'oldpeak', 'slope', 'thal']"
5909,Naive Bayes,83.48720801,83.4125387,87.27941176,85.2196025,"['age', 'sex', 'cp', 'chol', 'thalach', 'oldpeak', 'ca', 'thal']"
5910,Naive Bayes,81.14089729,82.33030965,83.63970588,82.69948434,"['age', 'sex', 'cp', 'chol', 'thalach', 'slope', 'ca', 'thal']"
5911,Naive Bayes,79.59473489,81.72071723,80.69852941,81.09237537,"['age', 'sex', 'cp', 'chol', 'exang', 'oldpeak', 'slope', 'ca']"
5912,Naive Bayes,80.22766036,82.32959851,81.28676471,81.67055107,"['age', 'sex', 'cp', 'chol', 'exang', 'oldpeak', 'slope', 'thal']"
5913,Naive Bayes,80.8298109,82.09187184,83.63970588,82.72249809,"['age', 'sex', 'cp', 'chol', 'exang', 'oldpeak', 'ca', 'thal']"
5914,Naive Bayes,81.20689655,83.39987223,83.125,82.91739165,"['age', 'sex', 'cp', 'chol', 'exang', 'slope', 'ca', 'thal']"
5915,Naive Bayes,81.84130515,81.95098039,86.10294118,83.88027332,"['age', 'sex', 'cp', 'chol', 'oldpeak', 'slope', 'ca', 'thal']"
5916,Naive Bayes,80.61698183,80.56738046,85.03676471,82.57861175,"['age', 'sex', 'cp', 'fbs', 'restecg', 'thalach', 'exang', 'oldpeak']"
5917,Naive Bayes,76.31368187,76.55641555,81.91176471,79.00573778,"['age', 'sex', 'cp', 'fbs', 'restecg', 'thalach', 'exang', 'slope']"
5918,Naive Bayes,78.27141268,79.53181975,81.91176471,80.50811004,"['age', 'sex', 'cp', 'fbs', 'restecg', 'thalach', 'exang', 'ca']"
5919,Naive Bayes,78.90433815,80.9814388,81.21323529,80.87102589,"['age', 'sex', 'cp', 'fbs', 'restecg', 'thalach', 'exang', 'thal']"
5920,Naive Bayes,78.29291806,76.97952656,86.80147059,81.36815469,"['age', 'sex', 'cp', 'fbs', 'restecg', 'thalach', 'oldpeak', 'slope']"
5921,Naive Bayes,79.87430478,78.60983234,87.94117647,82.84789508,"['age', 'sex', 'cp', 'fbs', 'restecg', 'thalach', 'oldpeak', 'ca']"
5922,Naive Bayes,81.55172414,83.31197479,83.71323529,83.22051675,"['age', 'sex', 'cp', 'fbs', 'restecg', 'thalach', 'oldpeak', 'thal']"
5923,Naive Bayes,76.84983315,76.96141758,83.60294118,79.91531934,"['age', 'sex', 'cp', 'fbs', 'restecg', 'thalach', 'slope', 'ca']"
5924,Naive Bayes,79.48498331,81.89621962,80.47794118,80.98767661,"['age', 'sex', 'cp', 'fbs', 'restecg', 'thalach', 'slope', 'thal']"
5925,Naive Bayes,80.76307008,81.7517077,84.15441176,82.70074697,"['age', 'sex', 'cp', 'fbs', 'restecg', 'thalach', 'ca', 'thal']"
5926,Naive Bayes,79.90582128,79.54221338,84.92647059,81.88173697,"['age', 'sex', 'cp', 'fbs', 'restecg', 'exang', 'oldpeak', 'slope']"
5927,Naive Bayes,78.5609937,80.06631161,81.32352941,80.51453543,"['age', 'sex', 'cp', 'fbs', 'restecg', 'exang', 'oldpeak', 'ca']"
5928,Naive Bayes,80.55098257,81.91750209,83.08823529,82.17217621,"['age', 'sex', 'cp', 'fbs', 'restecg', 'exang', 'oldpeak', 'thal']"
5929,Naive Bayes,77.6154987,79.42666102,80.66176471,79.77091262,"['age', 'sex', 'cp', 'fbs', 'restecg', 'exang', 'slope', 'ca']"
5930,Naive Bayes,79.83982202,82.93663694,80,81.19111692,"['age', 'sex', 'cp', 'fbs', 'restecg', 'exang', 'slope', 'thal']"
5931,Naive Bayes,79.52873563,81.07715603,83.05147059,81.6412618,"['age', 'sex', 'cp', 'fbs', 'restecg', 'exang', 'ca', 'thal']"
5932,Naive Bayes,79.85131628,78.74007937,87.24264706,82.63028647,"['age', 'sex', 'cp', 'fbs', 'restecg', 'oldpeak', 'slope', 'ca']"
5933,Naive Bayes,80.57397108,82.77961448,81.875,82.10914855,"['age', 'sex', 'cp', 'fbs', 'restecg', 'oldpeak', 'slope', 'thal']"
5934,Naive Bayes,80.85279941,81.39304813,85.47794118,83.1422858,"['age', 'sex', 'cp', 'fbs', 'restecg', 'oldpeak', 'ca', 'thal']"
5935,Naive Bayes,79.79681127,81.60676815,82.31617647,81.66287981,"['age', 'sex', 'cp', 'fbs', 'restecg', 'slope', 'ca', 'thal']"
5936,Naive Bayes,79.61624027,80.81723918,81.98529412,81.23453018,"['age', 'sex', 'cp', 'fbs', 'thalach', 'exang', 'oldpeak', 'slope']"
5937,Naive Bayes,81.21764924,82.0375817,84.33823529,83.09286413,"['age', 'sex', 'cp', 'fbs', 'thalach', 'exang', 'oldpeak', 'ca']"
5938,Naive Bayes,82.18539118,84.27591036,83.05147059,83.59342476,"['age', 'sex', 'cp', 'fbs', 'thalach', 'exang', 'oldpeak', 'thal']"
5939,Naive Bayes,77.95958472,79.24311391,81.36029412,80.06889242,"['age', 'sex', 'cp', 'fbs', 'thalach', 'exang', 'slope', 'ca']"
5940,Naive Bayes,78.94883204,80.75217455,81.28676471,80.83595585,"['age', 'sex', 'cp', 'fbs', 'thalach', 'exang', 'slope', 'thal']"
5941,Naive Bayes,79.88431591,81.34445182,83.05147059,81.93563863,"['age', 'sex', 'cp', 'fbs', 'thalach', 'exang', 'ca', 'thal']"
5942,Naive Bayes,79.21764924,78.66666667,85.51470588,81.81809923,"['age', 'sex', 'cp', 'fbs', 'thalach', 'oldpeak', 'slope', 'ca']"
5943,Naive Bayes,83.20912125,84.44143447,85.51470588,84.74890029,"['age', 'sex', 'cp', 'fbs', 'thalach', 'oldpeak', 'slope', 'thal']"
5944,Naive Bayes,82.4979607,82.3002666,86.65441176,84.34675537,"['age', 'sex', 'cp', 'fbs', 'thalach', 'oldpeak', 'ca', 'thal']"
5945,Naive Bayes,81.12013348,81.59912035,84.77941176,82.96699134,"['age', 'sex', 'cp', 'fbs', 'thalach', 'slope', 'ca', 'thal']"
5946,Naive Bayes,80.24063775,81.50351369,82.46323529,81.86876114,"['age', 'sex', 'cp', 'fbs', 'exang', 'oldpeak', 'slope', 'ca']"
5947,Naive Bayes,81.50723026,83.48570427,82.42647059,82.77848787,"['age', 'sex', 'cp', 'fbs', 'exang', 'oldpeak', 'slope', 'thal']"
5948,Naive Bayes,81.14163886,81.98669468,84.85294118,83.21152704,"['age', 'sex', 'cp', 'fbs', 'exang', 'oldpeak', 'ca', 'thal']"
5949,Naive Bayes,81.20689655,83.03222517,83.71323529,83.04216883,"['age', 'sex', 'cp', 'fbs', 'exang', 'slope', 'ca', 'thal']"
5950,Naive Bayes,82.15313311,82.45588235,86.06617647,84.10560539,"['age', 'sex', 'cp', 'fbs', 'oldpeak', 'slope', 'ca', 'thal']"
5951,Naive Bayes,79.95031516,80.36815077,83.78676471,81.80254223,"['age', 'sex', 'cp', 'restecg', 'thalach', 'exang', 'oldpeak', 'slope']"
5952,Naive Bayes,81.20689655,82.09885621,84.33823529,83.09286413,"['age', 'sex', 'cp', 'restecg', 'thalach', 'exang', 'oldpeak', 'ca']"
5953,Naive Bayes,83.1638858,84.22293479,85.47794118,84.73453018,"['age', 'sex', 'cp', 'restecg', 'thalach', 'exang', 'oldpeak', 'thal']"
5954,Naive Bayes,77.30367075,78.35130719,81.32352941,79.70416622,"['age', 'sex', 'cp', 'restecg', 'thalach', 'exang', 'slope', 'ca']"
5955,Naive Bayes,79.25991843,81.22439678,81.28676471,81.14180946,"['age', 'sex', 'cp', 'restecg', 'thalach', 'exang', 'slope', 'thal']"
5956,Naive Bayes,80.22840193,82.37339673,82.46323529,82.10185967,"['age', 'sex', 'cp', 'restecg', 'thalach', 'exang', 'ca', 'thal']"
5957,Naive Bayes,78.56247683,78.08695652,85.51470588,81.43001884,"['age', 'sex', 'cp', 'restecg', 'thalach', 'oldpeak', 'slope', 'ca']"
5958,Naive Bayes,82.21987393,83.38996388,84.88970588,83.92596506,"['age', 'sex', 'cp', 'restecg', 'thalach', 'oldpeak', 'slope', 'thal']"
5959,Naive Bayes,83.13162773,82.30925353,88.45588235,85.16453502,"['age', 'sex', 'cp', 'restecg', 'thalach', 'oldpeak', 'ca', 'thal']"
5960,Naive Bayes,81.13088617,81.9798823,84.19117647,82.90291571,"['age', 'sex', 'cp', 'restecg', 'thalach', 'slope', 'ca', 'thal']"
5961,Naive Bayes,79.89581016,80.78831269,83.08823529,81.81043561,"['age', 'sex', 'cp', 'restecg', 'exang', 'oldpeak', 'slope', 'ca']"
5962,Naive Bayes,81.20689655,82.45451251,83.67647059,82.91729267,"['age', 'sex', 'cp', 'restecg', 'exang', 'oldpeak', 'slope', 'thal']"
5963,Naive Bayes,81.47497219,82.39927638,84.85294118,83.42523979,"['age', 'sex', 'cp', 'restecg', 'exang', 'oldpeak', 'ca', 'thal']"
5964,Naive Bayes,80.84056359,82.74511032,83.08823529,82.6219371,"['age', 'sex', 'cp', 'restecg', 'exang', 'slope', 'ca', 'thal']"
5965,Naive Bayes,82.14238042,82.70759061,86.10294118,84.17323389,"['age', 'sex', 'cp', 'restecg', 'oldpeak', 'slope', 'ca', 'thal']"
5966,Naive Bayes,80.89581016,81.78590471,83.75,82.64033121,"['age', 'sex', 'cp', 'thalach', 'exang', 'oldpeak', 'slope', 'ca']"
5967,Naive Bayes,81.18464961,82.84507838,83.05147059,82.79292245,"['age', 'sex', 'cp', 'thalach', 'exang', 'oldpeak', 'slope', 'thal']"
5968,Naive Bayes,82.10938079,83.54388422,84.81617647,83.95402555,"['age', 'sex', 'cp', 'thalach', 'exang', 'oldpeak', 'ca', 'thal']"
5969,Naive Bayes,82.49721913,83.95774977,85.47794118,84.34802803,"['age', 'sex', 'cp', 'thalach', 'exang', 'slope', 'ca', 'thal']"
5970,Naive Bayes,83.79903597,84.21961153,87.27941176,85.51477028,"['age', 'sex', 'cp', 'thalach', 'oldpeak', 'slope', 'ca', 'thal']"
5971,Naive Bayes,82.47571376,83.03107032,86.06617647,84.31038324,"['age', 'sex', 'cp', 'exang', 'oldpeak', 'slope', 'ca', 'thal']"
5972,Naive Bayes,73.88913608,74.65196078,79.375,76.78173361,"['age', 'sex', 'trestbps', 'chol', 'fbs', 'restecg', 'thalach', 'exang']"
5973,Naive Bayes,75.32443456,74.92533696,82.57352941,78.3965297,"['age', 'sex', 'trestbps', 'chol', 'fbs', 'restecg', 'thalach', 'oldpeak']"
5974,Naive Bayes,70.97812384,72.61074842,75.77205882,73.87005491,"['age', 'sex', 'trestbps', 'chol', 'fbs', 'restecg', 'thalach', 'slope']"
5975,Naive Bayes,73.21245829,74.80565479,77.61029412,75.82165959,"['age', 'sex', 'trestbps', 'chol', 'fbs', 'restecg', 'thalach', 'ca']"
5976,Naive Bayes,72.91138302,76.74575751,73.30882353,74.57137219,"['age', 'sex', 'trestbps', 'chol', 'fbs', 'restecg', 'thalach', 'thal']"
5977,Naive Bayes,74.91360771,77.35474239,77.61029412,77.0395756,"['age', 'sex', 'trestbps', 'chol', 'fbs', 'restecg', 'exang', 'oldpeak']"
5978,Naive Bayes,74.92510197,77.01244533,77.5,76.9909617,"['age', 'sex', 'trestbps', 'chol', 'fbs', 'restecg', 'exang', 'slope']"
5979,Naive Bayes,73.23396366,75.32675439,76.36029412,75.6911621,"['age', 'sex', 'trestbps', 'chol', 'fbs', 'restecg', 'exang', 'ca']"
5980,Naive Bayes,72.94438265,76.84286083,72.68382353,74.42154262,"['age', 'sex', 'trestbps', 'chol', 'fbs', 'restecg', 'exang', 'thal']"
5981,Naive Bayes,73.59102707,72.94179075,81.80147059,77.00476513,"['age', 'sex', 'trestbps', 'chol', 'fbs', 'restecg', 'oldpeak', 'slope']"
5982,Naive Bayes,73.65850945,74.49401691,79.55882353,76.55065839,"['age', 'sex', 'trestbps', 'chol', 'fbs', 'restecg', 'oldpeak', 'ca']"
5983,Naive Bayes,75.8928439,77.94803184,77.57352941,77.52678623,"['age', 'sex', 'trestbps', 'chol', 'fbs', 'restecg', 'oldpeak', 'thal']"
5984,Naive Bayes,73.80311457,74.44083247,79.96323529,76.87595253,"['age', 'sex', 'trestbps', 'chol', 'fbs', 'restecg', 'slope', 'ca']"
5985,Naive Bayes,74.49202818,77.76817137,75.07352941,76.18015387,"['age', 'sex', 'trestbps', 'chol', 'fbs', 'restecg', 'slope', 'thal']"
5986,Naive Bayes,75.12495365,77.32969774,77.5,77.17203699,"['age', 'sex', 'trestbps', 'chol', 'fbs', 'restecg', 'ca', 'thal']"
5987,Naive Bayes,77.90359659,78.18885449,82.53676471,80.24242424,"['age', 'sex', 'trestbps', 'chol', 'fbs', 'thalach', 'exang', 'oldpeak']"
5988,Naive Bayes,75.63626251,77.09583395,78.78676471,77.79635688,"['age', 'sex', 'trestbps', 'chol', 'fbs', 'thalach', 'exang', 'slope']"
5989,Naive Bayes,76.54875788,77.25370411,81.17647059,79.04198498,"['age', 'sex', 'trestbps', 'chol', 'fbs', 'thalach', 'exang', 'ca']"
5990,Naive Bayes,75.84760845,78.54675149,76.83823529,77.4458511,"['age', 'sex', 'trestbps', 'chol', 'fbs', 'thalach', 'exang', 'thal']"
5991,Naive Bayes,74.6807564,74.44564843,81.32352941,77.59342345,"['age', 'sex', 'trestbps', 'chol', 'fbs', 'thalach', 'oldpeak', 'slope']"
5992,Naive Bayes,77.93882091,78.53491572,81.91176471,80.06808633,"['age', 'sex', 'trestbps', 'chol', 'fbs', 'thalach', 'oldpeak', 'ca']"
5993,Naive Bayes,76.22617723,78.09990663,78.16176471,77.90167259,"['age', 'sex', 'trestbps', 'chol', 'fbs', 'thalach', 'oldpeak', 'thal']"
5994,Naive Bayes,75.1931776,75.96739398,79.96323529,77.73601562,"['age', 'sex', 'trestbps', 'chol', 'fbs', 'thalach', 'slope', 'ca']"
5995,Naive Bayes,75.21468298,79.15120689,74.44852941,76.25695738,"['age', 'sex', 'trestbps', 'chol', 'fbs', 'thalach', 'slope', 'thal']"
5996,Naive Bayes,77.11716722,79.33945252,78.67647059,78.76805854,"['age', 'sex', 'trestbps', 'chol', 'fbs', 'thalach', 'ca', 'thal']"
5997,Naive Bayes,77.27141268,79.48419928,79.44852941,79.12293065,"['age', 'sex', 'trestbps', 'chol', 'fbs', 'exang', 'oldpeak', 'slope']"
5998,Naive Bayes,76.20318873,78.09803922,78.86029412,78.33407605,"['age', 'sex', 'trestbps', 'chol', 'fbs', 'exang', 'oldpeak', 'ca']"
5999,Naive Bayes,78.18242492,80.92671016,78.78676471,79.52550552,"['age', 'sex', 'trestbps', 'chol', 'fbs', 'exang', 'oldpeak', 'thal']"
6000,Naive Bayes,75.58249907,77.56911132,78.125,77.65292449,"['age', 'sex', 'trestbps', 'chol', 'fbs', 'exang', 'slope', 'ca']"
6001,Naive Bayes,75.58027438,79.78333702,74.48529412,76.67928402,"['age', 'sex', 'trestbps', 'chol', 'fbs', 'exang', 'slope', 'thal']"
6002,Naive Bayes,77.50500556,81.88690476,75.69852941,78.4463187,"['age', 'sex', 'trestbps', 'chol', 'fbs', 'exang', 'ca', 'thal']"
6003,Naive Bayes,75.26065999,75.52209401,81.83823529,78.34004658,"['age', 'sex', 'trestbps', 'chol', 'fbs', 'oldpeak', 'slope', 'ca']"
6004,Naive Bayes,75.91434928,77.80545113,78.16176471,77.6984878,"['age', 'sex', 'trestbps', 'chol', 'fbs', 'oldpeak', 'slope', 'thal']"
6005,Naive Bayes,76.89358547,78.3120915,80.03676471,78.95564699,"['age', 'sex', 'trestbps', 'chol', 'fbs', 'oldpeak', 'ca', 'thal']"
6006,Naive Bayes,74.13644791,76.56746032,76.91176471,76.20724886,"['age', 'sex', 'trestbps', 'chol', 'fbs', 'slope', 'ca', 'thal']"
6007,Naive Bayes,78.90433815,79.77377881,82.53676471,80.96614183,"['age', 'sex', 'trestbps', 'chol', 'restecg', 'thalach', 'exang', 'oldpeak']"
6008,Naive Bayes,76.63626251,77.42642759,80.69852941,78.89843548,"['age', 'sex', 'trestbps', 'chol', 'restecg', 'thalach', 'exang', 'slope']"
6009,Naive Bayes,77.23692992,78.17088063,81.25,79.59562109,"['age', 'sex', 'trestbps', 'chol', 'restecg', 'thalach', 'exang', 'ca']"
6010,Naive Bayes,76.24694105,79.18838764,77.53676471,77.92937812,"['age', 'sex', 'trestbps', 'chol', 'restecg', 'thalach', 'exang', 'thal']"
6011,Naive Bayes,74.33518725,74.20208275,81.36029412,77.38460371,"['age', 'sex', 'trestbps', 'chol', 'restecg', 'thalach', 'oldpeak', 'slope']"
6012,Naive Bayes,77.9495736,78.41269841,82.57352941,80.21972755,"['age', 'sex', 'trestbps', 'chol', 'restecg', 'thalach', 'oldpeak', 'ca']"
6013,Naive Bayes,75.92584353,77.62098875,78.23529412,77.75175891,"['age', 'sex', 'trestbps', 'chol', 'restecg', 'thalach', 'oldpeak', 'thal']"
6014,Naive Bayes,75.53726363,75.77210182,81.25,78.23137892,"['age', 'sex', 'trestbps', 'chol', 'restecg', 'thalach', 'slope', 'ca']"
6015,Naive Bayes,76.22617723,79.22934174,76.28676471,77.38448302,"['age', 'sex', 'trestbps', 'chol', 'restecg', 'thalach', 'slope', 'thal']"
6016,Naive Bayes,77.43826474,79.70338837,79.33823529,79.21794627,"['age', 'sex', 'trestbps', 'chol', 'restecg', 'thalach', 'ca', 'thal']"
6017,Naive Bayes,76.8928439,78.81741869,80.03676471,78.89664704,"['age', 'sex', 'trestbps', 'chol', 'restecg', 'exang', 'oldpeak', 'slope']"
6018,Naive Bayes,76.90433815,79.16514939,79.44852941,79.12194887,"['age', 'sex', 'trestbps', 'chol', 'restecg', 'exang', 'oldpeak', 'ca']"
6019,Naive Bayes,78.2499073,80.09054778,80.66176471,80.04260136,"['age', 'sex', 'trestbps', 'chol', 'restecg', 'exang', 'oldpeak', 'thal']"
6020,Naive Bayes,75.91509084,77.57149472,79.375,78.19702092,"['age', 'sex', 'trestbps', 'chol', 'restecg', 'exang', 'slope', 'ca']"
6021,Naive Bayes,74.94660734,78.6479604,75.14705882,76.4211352,"['age', 'sex', 'trestbps', 'chol', 'restecg', 'exang', 'slope', 'thal']"
6022,Naive Bayes,76.82684464,81.20130244,75.73529412,77.94879581,"['age', 'sex', 'trestbps', 'chol', 'restecg', 'exang', 'ca', 'thal']"
6023,Naive Bayes,75.57174638,75.38541713,83.05147059,78.80096427,"['age', 'sex', 'trestbps', 'chol', 'restecg', 'oldpeak', 'slope', 'ca']"
6024,Naive Bayes,76.93807935,78.43968377,80.03676471,78.95576564,"['age', 'sex', 'trestbps', 'chol', 'restecg', 'oldpeak', 'slope', 'thal']"
6025,Naive Bayes,77.58324064,79.49754902,79.48529412,79.31454009,"['age', 'sex', 'trestbps', 'chol', 'restecg', 'oldpeak', 'ca', 'thal']"
6026,Naive Bayes,74.46978124,77.463782,76.94852941,76.72793993,"['age', 'sex', 'trestbps', 'chol', 'restecg', 'slope', 'ca', 'thal']"
6027,Naive Bayes,79.60548758,81.33671802,81.32352941,81.1890438,"['age', 'sex', 'trestbps', 'chol', 'thalach', 'exang', 'oldpeak', 'slope']"
6028,Naive Bayes,77.57100482,78.27184383,81.91176471,79.97300738,"['age', 'sex', 'trestbps', 'chol', 'thalach', 'exang', 'oldpeak', 'ca']"
6029,Naive Bayes,79.55098257,82.11466638,80.03676471,80.86146935,"['age', 'sex', 'trestbps', 'chol', 'thalach', 'exang', 'oldpeak', 'thal']"
6030,Naive Bayes,76.26992955,77.31041452,80.03676471,78.55004744,"['age', 'sex', 'trestbps', 'chol', 'thalach', 'exang', 'slope', 'ca']"
6031,Naive Bayes,77.57100482,81.25103981,76.94852941,78.73977555,"['age', 'sex', 'trestbps', 'chol', 'thalach', 'exang', 'slope', 'thal']"
6032,Naive Bayes,80.85205784,83.87657114,80.58823529,82.07724393,"['age', 'sex', 'trestbps', 'chol', 'thalach', 'exang', 'ca', 'thal']"
6033,Naive Bayes,76.315165,76.77932577,81.32352941,78.83208063,"['age', 'sex', 'trestbps', 'chol', 'thalach', 'oldpeak', 'slope', 'ca']"
6034,Naive Bayes,77.6492399,79.69649803,78.86029412,78.94289754,"['age', 'sex', 'trestbps', 'chol', 'thalach', 'oldpeak', 'slope', 'thal']"
6035,Naive Bayes,79.54022989,81.59268269,80.66176471,80.90147203,"['age', 'sex', 'trestbps', 'chol', 'thalach', 'oldpeak', 'ca', 'thal']"
6036,Naive Bayes,79.12940304,81.98594246,79.30147059,80.22395923,"['age', 'sex', 'trestbps', 'chol', 'thalach', 'slope', 'ca', 'thal']"
6037,Naive Bayes,77.5609937,79.69352161,80,79.59741241,"['age', 'sex', 'trestbps', 'chol', 'exang', 'oldpeak', 'slope', 'ca']"
6038,Naive Bayes,78.87282165,82.021153,78.78676471,79.95165223,"['age', 'sex', 'trestbps', 'chol', 'exang', 'oldpeak', 'slope', 'thal']"
6039,Naive Bayes,78.21764924,81.54907348,78.19852941,79.58830808,"['age', 'sex', 'trestbps', 'chol', 'exang', 'oldpeak', 'ca', 'thal']"
6040,Naive Bayes,78.86281053,82.90268117,78.125,79.89692594,"['age', 'sex', 'trestbps', 'chol', 'exang', 'slope', 'ca', 'thal']"
6041,Naive Bayes,77.22840193,79.29645522,78.78676471,78.7628395,"['age', 'sex', 'trestbps', 'chol', 'oldpeak', 'slope', 'ca', 'thal']"
6042,Naive Bayes,77.21468298,77.59803922,81.875,79.62987013,"['age', 'sex', 'trestbps', 'fbs', 'restecg', 'thalach', 'exang', 'oldpeak']"
6043,Naive Bayes,75.95810159,77.2271979,79.44852941,78.17131369,"['age', 'sex', 'trestbps', 'fbs', 'restecg', 'thalach', 'exang', 'slope']"
6044,Naive Bayes,77.19391917,78.09885621,81.17647059,79.54952993,"['age', 'sex', 'trestbps', 'fbs', 'restecg', 'thalach', 'exang', 'ca']"
6045,Naive Bayes,74.88060808,78.08123249,75.66176471,76.52106245,"['age', 'sex', 'trestbps', 'fbs', 'restecg', 'thalach', 'exang', 'thal']"
6046,Naive Bayes,74.65776789,74.88390093,80.69852941,77.5319891,"['age', 'sex', 'trestbps', 'fbs', 'restecg', 'thalach', 'oldpeak', 'slope']"
6047,Naive Bayes,77.93882091,78.75665266,81.91176471,80.13383599,"['age', 'sex', 'trestbps', 'fbs', 'restecg', 'thalach', 'oldpeak', 'ca']"
6048,Naive Bayes,76.24842418,79.49859944,75.77205882,77.4539612,"['age', 'sex', 'trestbps', 'fbs', 'restecg', 'thalach', 'oldpeak', 'thal']"
6049,Naive Bayes,76.18242492,76.50528896,81.83823529,78.93664587,"['age', 'sex', 'trestbps', 'fbs', 'restecg', 'thalach', 'slope', 'ca']"
6050,Naive Bayes,76.54875788,80.12301587,75.69852941,77.46223141,"['age', 'sex', 'trestbps', 'fbs', 'restecg', 'thalach', 'slope', 'thal']"
6051,Naive Bayes,76.74935113,79.26338612,78.05147059,78.50394923,"['age', 'sex', 'trestbps', 'fbs', 'restecg', 'thalach', 'ca', 'thal']"
6052,Naive Bayes,76.8928439,78.80658278,80.03676471,78.92563325,"['age', 'sex', 'trestbps', 'fbs', 'restecg', 'exang', 'oldpeak', 'slope']"
6053,Naive Bayes,76.53726363,78.22478992,80.07352941,78.96441562,"['age', 'sex', 'trestbps', 'fbs', 'restecg', 'exang', 'oldpeak', 'ca']"
6054,Naive Bayes,78.2499073,80.41295306,80.07352941,79.88035748,"['age', 'sex', 'trestbps', 'fbs', 'restecg', 'exang', 'oldpeak', 'thal']"
6055,Naive Bayes,77.21690768,79.15278109,79.96323529,79.21281783,"['age', 'sex', 'trestbps', 'fbs', 'restecg', 'exang', 'slope', 'ca']"
6056,Naive Bayes,75.91434928,79.25572982,76.32352941,77.39073907,"['age', 'sex', 'trestbps', 'fbs', 'restecg', 'exang', 'slope', 'thal']"
6057,Naive Bayes,77.48350019,81.42892157,76.91176471,78.81953857,"['age', 'sex', 'trestbps', 'fbs', 'restecg', 'exang', 'ca', 'thal']"
6058,Naive Bayes,76.22766036,75.98240593,83.63970588,79.36012092,"['age', 'sex', 'trestbps', 'fbs', 'restecg', 'oldpeak', 'slope', 'ca']"
6059,Naive Bayes,75.97033741,77.26576859,79.48529412,78.07858209,"['age', 'sex', 'trestbps', 'fbs', 'restecg', 'oldpeak', 'slope', 'thal']"
6060,Naive Bayes,77.90582128,79.66421569,80.07352941,79.71226736,"['age', 'sex', 'trestbps', 'fbs', 'restecg', 'oldpeak', 'ca', 'thal']"
6061,Naive Bayes,76.12717835,78.65884408,78.75,78.10434995,"['age', 'sex', 'trestbps', 'fbs', 'restecg', 'slope', 'ca', 'thal']"
6062,Naive Bayes,79.61624027,80.99271321,81.94852941,81.2655741,"['age', 'sex', 'trestbps', 'fbs', 'thalach', 'exang', 'oldpeak', 'slope']"
6063,Naive Bayes,77.54875788,77.97772618,82.5,80.09320092,"['age', 'sex', 'trestbps', 'fbs', 'thalach', 'exang', 'oldpeak', 'ca']"
6064,Naive Bayes,78.87282165,81.35400246,80,80.44111029,"['age', 'sex', 'trestbps', 'fbs', 'thalach', 'exang', 'oldpeak', 'thal']"
6065,Naive Bayes,76.91509084,77.9771979,80.625,79.14543647,"['age', 'sex', 'trestbps', 'fbs', 'thalach', 'exang', 'slope', 'ca']"
6066,Naive Bayes,77.87133852,81.48260971,77.5,79.23612994,"['age', 'sex', 'trestbps', 'fbs', 'thalach', 'exang', 'slope', 'thal']"
6067,Naive Bayes,79.85205784,83.19689542,79.33823529,81.04565888,"['age', 'sex', 'trestbps', 'fbs', 'thalach', 'exang', 'ca', 'thal']"
6068,Naive Bayes,75.67000371,75.91412969,81.36029412,78.35510683,"['age', 'sex', 'trestbps', 'fbs', 'thalach', 'oldpeak', 'slope', 'ca']"
6069,Naive Bayes,77.32591769,79.51916556,78.30882353,78.59399333,"['age', 'sex', 'trestbps', 'fbs', 'thalach', 'oldpeak', 'slope', 'thal']"
6070,Naive Bayes,78.21764924,80.33943267,80.07352941,79.76612986,"['age', 'sex', 'trestbps', 'fbs', 'thalach', 'oldpeak', 'ca', 'thal']"
6071,Naive Bayes,78.8068224,81.74421683,79.30147059,80.05396372,"['age', 'sex', 'trestbps', 'fbs', 'thalach', 'slope', 'ca', 'thal']"
6072,Naive Bayes,76.23767149,78.46107161,78.75,78.34868393,"['age', 'sex', 'trestbps', 'fbs', 'exang', 'oldpeak', 'slope', 'ca']"
6073,Naive Bayes,78.87282165,81.55961453,79.375,80.11683577,"['age', 'sex', 'trestbps', 'fbs', 'exang', 'oldpeak', 'slope', 'thal']"
6074,Naive Bayes,78.50723026,81.11134454,79.375,80.03802494,"['age', 'sex', 'trestbps', 'fbs', 'exang', 'oldpeak', 'ca', 'thal']"
6075,Naive Bayes,78.54022989,83.17781612,76.91176471,79.37323198,"['age', 'sex', 'trestbps', 'fbs', 'exang', 'slope', 'ca', 'thal']"
6076,Naive Bayes,77.56173526,80.27727832,78.19852941,78.88243044,"['age', 'sex', 'trestbps', 'fbs', 'oldpeak', 'slope', 'ca', 'thal']"
6077,Naive Bayes,79.28290693,80.77380952,81.32352941,80.92032722,"['age', 'sex', 'trestbps', 'restecg', 'thalach', 'exang', 'oldpeak', 'slope']"
6078,Naive Bayes,78.53800519,78.98198314,83.08823529,80.90710678,"['age', 'sex', 'trestbps', 'restecg', 'thalach', 'exang', 'oldpeak', 'ca']"
6079,Naive Bayes,80.18464961,81.73436041,82.46323529,81.83319471,"['age', 'sex', 'trestbps', 'restecg', 'thalach', 'exang', 'oldpeak', 'thal']"
6080,Naive Bayes,77.21616611,78.39211386,80.625,79.39043902,"['age', 'sex', 'trestbps', 'restecg', 'thalach', 'exang', 'slope', 'ca']"
6081,Naive Bayes,77.57100482,81.04383061,77.53676471,78.88515726,"['age', 'sex', 'trestbps', 'restecg', 'thalach', 'exang', 'slope', 'thal']"
6082,Naive Bayes,79.84056359,82.02281297,81.17647059,81.44555944,"['age', 'sex', 'trestbps', 'restecg', 'thalach', 'exang', 'ca', 'thal']"
6083,Naive Bayes,77.29365962,77.53504472,82.53676471,79.79535905,"['age', 'sex', 'trestbps', 'restecg', 'thalach', 'oldpeak', 'slope', 'ca']"
6084,Naive Bayes,77.31590656,79.06808169,79.48529412,78.84222448,"['age', 'sex', 'trestbps', 'restecg', 'thalach', 'oldpeak', 'slope', 'thal']"
6085,Naive Bayes,78.5294772,79.90781488,81.25,80.35742625,"['age', 'sex', 'trestbps', 'restecg', 'thalach', 'oldpeak', 'ca', 'thal']"
6086,Naive Bayes,77.48350019,80.16882,78.75,78.93794826,"['age', 'sex', 'trestbps', 'restecg', 'thalach', 'slope', 'ca', 'thal']"
6087,Naive Bayes,77.5609937,80.06202866,79.41176471,79.49776042,"['age', 'sex', 'trestbps', 'restecg', 'exang', 'oldpeak', 'slope', 'ca']"
6088,Naive Bayes,78.87282165,81.85053414,79.375,80.17047561,"['age', 'sex', 'trestbps', 'restecg', 'exang', 'oldpeak', 'slope', 'thal']"
6089,Naive Bayes,78.16240267,81.05497199,78.78676471,79.65923706,"['age', 'sex', 'trestbps', 'restecg', 'exang', 'oldpeak', 'ca', 'thal']"
6090,Naive Bayes,78.86281053,83.87682467,76.91176471,79.77775758,"['age', 'sex', 'trestbps', 'restecg', 'exang', 'slope', 'ca', 'thal']"
6091,Naive Bayes,77.5839822,79.43332407,79.41176471,79.08366547,"['age', 'sex', 'trestbps', 'restecg', 'oldpeak', 'slope', 'ca', 'thal']"
6092,Naive Bayes,78.88357434,79.95836405,82.46323529,80.99734742,"['age', 'sex', 'trestbps', 'thalach', 'exang', 'oldpeak', 'slope', 'ca']"
6093,Naive Bayes,79.20689655,81.31333235,80.58823529,80.79532722,"['age', 'sex', 'trestbps', 'thalach', 'exang', 'oldpeak', 'slope', 'thal']"
6094,Naive Bayes,79.20689655,82.30078874,79.41176471,80.68520561,"['age', 'sex', 'trestbps', 'thalach', 'exang', 'oldpeak', 'ca', 'thal']"
6095,Naive Bayes,79.2183908,82.51528945,78.75,80.35159298,"['age', 'sex', 'trestbps', 'thalach', 'exang', 'slope', 'ca', 'thal']"
6096,Naive Bayes,77.55098257,78.72789062,80.58823529,79.38604533,"['age', 'sex', 'trestbps', 'thalach', 'oldpeak', 'slope', 'ca', 'thal']"
6097,Naive Bayes,79.85205784,82.61719863,80.58823529,81.43203073,"['age', 'sex', 'trestbps', 'exang', 'oldpeak', 'slope', 'ca', 'thal']"
6098,Naive Bayes,76.93659622,77.30895253,81.94852941,79.41703803,"['age', 'sex', 'chol', 'fbs', 'restecg', 'thalach', 'exang', 'oldpeak']"
6099,Naive Bayes,77.02632555,78.4511831,79.48529412,78.85665478,"['age', 'sex', 'chol', 'fbs', 'restecg', 'thalach', 'exang', 'slope']"
6100,Naive Bayes,77.27067112,77.27925205,83.08823529,79.91763266,"['age', 'sex', 'chol', 'fbs', 'restecg', 'thalach', 'exang', 'ca']"
6101,Naive Bayes,75.2584353,78.36846405,75.69852941,76.75752037,"['age', 'sex', 'chol', 'fbs', 'restecg', 'thalach', 'exang', 'thal']"
6102,Naive Bayes,74.3466815,74.63622291,80.14705882,77.07275457,"['age', 'sex', 'chol', 'fbs', 'restecg', 'thalach', 'oldpeak', 'slope']"
6103,Naive Bayes,77.62699296,77.91755737,82.61029412,79.92875055,"['age', 'sex', 'chol', 'fbs', 'restecg', 'thalach', 'oldpeak', 'ca']"
6104,Naive Bayes,76.6154987,79.48278029,76.98529412,78.06864547,"['age', 'sex', 'chol', 'fbs', 'restecg', 'thalach', 'oldpeak', 'thal']"
6105,Naive Bayes,75.56025213,76.07749767,80.66176471,78.06777834,"['age', 'sex', 'chol', 'fbs', 'restecg', 'thalach', 'slope', 'ca']"
6106,Naive Bayes,74.28068224,78.46029383,72.68382353,75.21713729,"['age', 'sex', 'chol', 'fbs', 'restecg', 'thalach', 'slope', 'thal']"
6107,Naive Bayes,76.13718947,79.87289916,75.69852941,77.51179797,"['age', 'sex', 'chol', 'fbs', 'restecg', 'thalach', 'ca', 'thal']"
6108,Naive Bayes,76.90359659,78.31661398,80.66176471,79.07099215,"['age', 'sex', 'chol', 'fbs', 'restecg', 'exang', 'oldpeak', 'slope']"
6109,Naive Bayes,77.5272525,79.1022409,80.625,79.69449871,"['age', 'sex', 'chol', 'fbs', 'restecg', 'exang', 'oldpeak', 'ca']"
6110,Naive Bayes,79.20615499,81.48694933,80.625,80.7065535,"['age', 'sex', 'chol', 'fbs', 'restecg', 'exang', 'oldpeak', 'thal']"
6111,Naive Bayes,74.90359659,76.60937128,78.78676471,77.44637369,"['age', 'sex', 'chol', 'fbs', 'restecg', 'exang', 'slope', 'ca']"
6112,Naive Bayes,74.61327401,78.77801146,74.48529412,75.9906071,"['age', 'sex', 'chol', 'fbs', 'restecg', 'exang', 'slope', 'thal']"
6113,Naive Bayes,76.53800519,81.76805187,73.93382353,77.29606036,"['age', 'sex', 'chol', 'fbs', 'restecg', 'exang', 'ca', 'thal']"
6114,Naive Bayes,75.91583241,75.94072698,83.08823529,79.07422402,"['age', 'sex', 'chol', 'fbs', 'restecg', 'oldpeak', 'slope', 'ca']"
6115,Naive Bayes,76.27067112,77.62416458,80,78.47857369,"['age', 'sex', 'chol', 'fbs', 'restecg', 'oldpeak', 'slope', 'thal']"
6116,Naive Bayes,77.89432703,80.39635854,78.86029412,79.39530744,"['age', 'sex', 'chol', 'fbs', 'restecg', 'oldpeak', 'ca', 'thal']"
6117,Naive Bayes,74.84835002,78.580124,75.77205882,76.47638366,"['age', 'sex', 'chol', 'fbs', 'restecg', 'slope', 'ca', 'thal']"
6118,Naive Bayes,79.27141268,80.17163478,82.53676471,81.14159269,"['age', 'sex', 'chol', 'fbs', 'thalach', 'exang', 'oldpeak', 'slope']"
6119,Naive Bayes,77.88283278,78.68442552,81.91176471,80.15584416,"['age', 'sex', 'chol', 'fbs', 'thalach', 'exang', 'oldpeak', 'ca']"
6120,Naive Bayes,78.85057471,80.67234262,80.625,80.52437119,"['age', 'sex', 'chol', 'fbs', 'thalach', 'exang', 'oldpeak', 'thal']"
6121,Naive Bayes,76.90433815,78.03361345,80.625,79.14272024,"['age', 'sex', 'chol', 'fbs', 'thalach', 'exang', 'slope', 'ca']"
6122,Naive Bayes,77.92658509,80.96650327,78.16176471,79.21629831,"['age', 'sex', 'chol', 'fbs', 'thalach', 'exang', 'slope', 'thal']"
6123,Naive Bayes,80.1638858,82.47560691,81.17647059,81.68978926,"['age', 'sex', 'chol', 'fbs', 'thalach', 'exang', 'ca', 'thal']"
6124,Naive Bayes,76.29291806,77.11703334,81.36029412,78.89199647,"['age', 'sex', 'chol', 'fbs', 'thalach', 'oldpeak', 'slope', 'ca']"
6125,Naive Bayes,76.98183166,78.99805131,78.86029412,78.48829061,"['age', 'sex', 'chol', 'fbs', 'thalach', 'oldpeak', 'slope', 'thal']"
6126,Naive Bayes,79.1954023,80.88530149,81.28676471,80.77199208,"['age', 'sex', 'chol', 'fbs', 'thalach', 'oldpeak', 'ca', 'thal']"
6127,Naive Bayes,78.46199481,81.04127168,79.30147059,79.61955691,"['age', 'sex', 'chol', 'fbs', 'thalach', 'slope', 'ca', 'thal']"
6128,Naive Bayes,76.57100482,77.7066365,80.625,78.93677136,"['age', 'sex', 'chol', 'fbs', 'exang', 'oldpeak', 'slope', 'ca']"
6129,Naive Bayes,79.20615499,81.56354688,80,80.41250594,"['age', 'sex', 'chol', 'fbs', 'exang', 'oldpeak', 'slope', 'thal']"
6130,Naive Bayes,78.21690768,80.07598039,80.625,80.21501098,"['age', 'sex', 'chol', 'fbs', 'exang', 'oldpeak', 'ca', 'thal']"
6131,Naive Bayes,78.84056359,82.4682422,78.125,79.72986962,"['age', 'sex', 'chol', 'fbs', 'exang', 'slope', 'ca', 'thal']"
6132,Naive Bayes,77.57248795,79.5899893,79.41176471,79.21203736,"['age', 'sex', 'chol', 'fbs', 'oldpeak', 'slope', 'ca', 'thal']"
6133,Naive Bayes,78.60474601,79.67413632,81.94852941,80.5750573,"['age', 'sex', 'chol', 'restecg', 'thalach', 'exang', 'oldpeak', 'slope']"
6134,Naive Bayes,77.87133852,78.35762814,82.5,80.27371403,"['age', 'sex', 'chol', 'restecg', 'thalach', 'exang', 'oldpeak', 'ca']"
6135,Naive Bayes,78.87208009,79.86764706,81.91176471,80.68484212,"['age', 'sex', 'chol', 'restecg', 'thalach', 'exang', 'oldpeak', 'thal']"
6136,Naive Bayes,76.90433815,77.59313725,81.25,79.26906432,"['age', 'sex', 'chol', 'restecg', 'thalach', 'exang', 'slope', 'ca']"
6137,Naive Bayes,77.60400445,80.4370915,78.19852941,78.97791556,"['age', 'sex', 'chol', 'restecg', 'thalach', 'exang', 'slope', 'thal']"
6138,Naive Bayes,80.17389692,82.49089636,80.625,81.43953769,"['age', 'sex', 'chol', 'restecg', 'thalach', 'exang', 'ca', 'thal']"
6139,Naive Bayes,76.93807935,77.45015167,82.57352941,79.64268682,"['age', 'sex', 'chol', 'restecg', 'thalach', 'oldpeak', 'slope', 'ca']"
6140,Naive Bayes,77.99332592,80.00283136,79.52205882,79.45815216,"['age', 'sex', 'chol', 'restecg', 'thalach', 'oldpeak', 'slope', 'thal']"
6141,Naive Bayes,77.89506859,79.39729225,80.69852941,79.74339491,"['age', 'sex', 'chol', 'restecg', 'thalach', 'oldpeak', 'ca', 'thal']"
6142,Naive Bayes,77.51575825,80.0917745,78.78676471,79.04765191,"['age', 'sex', 'chol', 'restecg', 'thalach', 'slope', 'ca', 'thal']"
6143,Naive Bayes,76.56025213,78.18959635,80.03676471,78.83528638,"['age', 'sex', 'chol', 'restecg', 'exang', 'oldpeak', 'slope', 'ca']"
6144,Naive Bayes,78.86206897,81.50924445,79.375,80.02540917,"['age', 'sex', 'chol', 'restecg', 'exang', 'oldpeak', 'slope', 'thal']"
6145,Naive Bayes,78.50648869,80.7762605,80.03676471,80.20580568,"['age', 'sex', 'chol', 'restecg', 'exang', 'oldpeak', 'ca', 'thal']"
6146,Naive Bayes,77.87282165,81.49080138,77.53676471,79.03436634,"['age', 'sex', 'chol', 'restecg', 'exang', 'slope', 'ca', 'thal']"
6147,Naive Bayes,78.23989618,79.67168865,80.625,79.85912801,"['age', 'sex', 'chol', 'restecg', 'oldpeak', 'slope', 'ca', 'thal']"
6148,Naive Bayes,78.22840193,79.13552263,81.83823529,80.33409728,"['age', 'sex', 'chol', 'thalach', 'exang', 'oldpeak', 'slope', 'ca']"
6149,Naive Bayes,80.20763812,82.41247585,81.21323529,81.62886032,"['age', 'sex', 'chol', 'thalach', 'exang', 'oldpeak', 'slope', 'thal']"
6150,Naive Bayes,79.51798294,81.44177847,81.25,81.20974724,"['age', 'sex', 'chol', 'thalach', 'exang', 'oldpeak', 'ca', 'thal']"
6151,Naive Bayes,79.88505747,82.56905839,80,81.03809031,"['age', 'sex', 'chol', 'thalach', 'exang', 'slope', 'ca', 'thal']"
6152,Naive Bayes,78.25064887,80.1391346,80.03676471,79.75519063,"['age', 'sex', 'chol', 'thalach', 'oldpeak', 'slope', 'ca', 'thal']"
6153,Naive Bayes,78.86206897,81.61258397,80,80.51155462,"['age', 'sex', 'chol', 'exang', 'oldpeak', 'slope', 'ca', 'thal']"
6154,Naive Bayes,78.94883204,80.34810537,81.36029412,80.6216347,"['age', 'sex', 'fbs', 'restecg', 'thalach', 'exang', 'oldpeak', 'slope']"
6155,Naive Bayes,77.86058584,78.42298762,82.46323529,80.304781,"['age', 'sex', 'fbs', 'restecg', 'thalach', 'exang', 'oldpeak', 'ca']"
6156,Naive Bayes,78.8613274,79.77112512,82.5,80.88942973,"['age', 'sex', 'fbs', 'restecg', 'thalach', 'exang', 'oldpeak', 'thal']"
6157,Naive Bayes,77.21616611,78.16339869,81.21323529,79.52800984,"['age', 'sex', 'fbs', 'restecg', 'thalach', 'exang', 'slope', 'ca']"
6158,Naive Bayes,77.87208009,79.82774338,79.92647059,79.62360765,"['age', 'sex', 'fbs', 'restecg', 'thalach', 'exang', 'slope', 'thal']"
6159,Naive Bayes,79.47423063,81.31302521,81.13970588,81.13881462,"['age', 'sex', 'fbs', 'restecg', 'thalach', 'exang', 'ca', 'thal']"
6160,Naive Bayes,76.93807935,77.02368108,83.16176471,79.75409502,"['age', 'sex', 'fbs', 'restecg', 'thalach', 'oldpeak', 'slope', 'ca']"
6161,Naive Bayes,77.33741194,79.06060967,79.52205882,78.86112714,"['age', 'sex', 'fbs', 'restecg', 'thalach', 'oldpeak', 'slope', 'thal']"
6162,Naive Bayes,77.87282165,79.49307091,80.66176471,79.77244011,"['age', 'sex', 'fbs', 'restecg', 'thalach', 'oldpeak', 'ca', 'thal']"
6163,Naive Bayes,78.15016685,80.48373384,79.96323529,79.80101269,"['age', 'sex', 'fbs', 'restecg', 'thalach', 'slope', 'ca', 'thal']"
6164,Naive Bayes,76.88283278,78.43877936,80.625,79.26105669,"['age', 'sex', 'fbs', 'restecg', 'exang', 'oldpeak', 'slope', 'ca']"
6165,Naive Bayes,79.1954023,81.60448255,80,80.41250594,"['age', 'sex', 'fbs', 'restecg', 'exang', 'oldpeak', 'slope', 'thal']"
6166,Naive Bayes,79.47423063,81.99754902,80.58823529,81.11194967,"['age', 'sex', 'fbs', 'restecg', 'exang', 'oldpeak', 'ca', 'thal']"
6167,Naive Bayes,77.86206897,82.22766333,76.32352941,78.71770363,"['age', 'sex', 'fbs', 'restecg', 'exang', 'slope', 'ca', 'thal']"
6168,Naive Bayes,77.90656285,79.54260368,80.03676471,79.50943256,"['age', 'sex', 'fbs', 'restecg', 'oldpeak', 'slope', 'ca', 'thal']"
6169,Naive Bayes,78.53948832,79.4939602,82.42647059,80.72142462,"['age', 'sex', 'fbs', 'thalach', 'exang', 'oldpeak', 'slope', 'ca']"
6170,Naive Bayes,79.18464961,80.92817829,81.21323529,80.9223644,"['age', 'sex', 'fbs', 'thalach', 'exang', 'oldpeak', 'slope', 'thal']"
6171,Naive Bayes,79.51798294,81.13050396,81.83823529,81.37574546,"['age', 'sex', 'fbs', 'thalach', 'exang', 'oldpeak', 'ca', 'thal']"
6172,Naive Bayes,78.87430478,81.71191554,78.71323529,79.95614741,"['age', 'sex', 'fbs', 'thalach', 'exang', 'slope', 'ca', 'thal']"
6173,Naive Bayes,78.90656285,80.8090064,80.625,80.45406902,"['age', 'sex', 'fbs', 'thalach', 'oldpeak', 'slope', 'ca', 'thal']"
6174,Naive Bayes,78.52873563,81.50269386,79.375,80.09776152,"['age', 'sex', 'fbs', 'exang', 'oldpeak', 'slope', 'ca', 'thal']"
6175,Naive Bayes,77.90582128,78.74336577,81.83823529,80.1324166,"['age', 'sex', 'restecg', 'thalach', 'exang', 'oldpeak', 'slope', 'ca']"
6176,Naive Bayes,79.22914349,81.47152194,80.66176471,80.85184832,"['age', 'sex', 'restecg', 'thalach', 'exang', 'oldpeak', 'slope', 'thal']"
6177,Naive Bayes,80.18539118,81.81677847,82.46323529,82.01898457,"['age', 'sex', 'restecg', 'thalach', 'exang', 'oldpeak', 'ca', 'thal']"
6178,Naive Bayes,79.5524657,81.74429333,80.58823529,80.95265614,"['age', 'sex', 'restecg', 'thalach', 'exang', 'slope', 'ca', 'thal']"
6179,Naive Bayes,78.25064887,79.7748108,80.66176471,79.90170765,"['age', 'sex', 'restecg', 'thalach', 'oldpeak', 'slope', 'ca', 'thal']"
6180,Naive Bayes,79.85279941,82.48011431,80.55147059,81.32217152,"['age', 'sex', 'restecg', 'exang', 'oldpeak', 'slope', 'ca', 'thal']"
6181,Naive Bayes,80.83055247,82.0375387,83.67647059,82.66187012,"['age', 'sex', 'thalach', 'exang', 'oldpeak', 'slope', 'ca', 'thal']"
6182,Naive Bayes,75.2562106,75.41911765,81.32352941,78.18228618,"['age', 'cp', 'trestbps', 'chol', 'fbs', 'restecg', 'thalach', 'exang']"
6183,Naive Bayes,76.93585465,76.51162219,84.33823529,79.97378612,"['age', 'cp', 'trestbps', 'chol', 'fbs', 'restecg', 'thalach', 'oldpeak']"
6184,Naive Bayes,72.98887653,73.72416335,78.82352941,76.07567384,"['age', 'cp', 'trestbps', 'chol', 'fbs', 'restecg', 'thalach', 'slope']"
6185,Naive Bayes,75.88134965,77.28146961,80.03676471,78.40091295,"['age', 'cp', 'trestbps', 'chol', 'fbs', 'restecg', 'thalach', 'ca']"
6186,Naive Bayes,77.50352243,80.37292609,78.05147059,78.88855,"['age', 'cp', 'trestbps', 'chol', 'fbs', 'restecg', 'thalach', 'thal']"
6187,Naive Bayes,78.60474601,78.57623504,84.375,81.0583417,"['age', 'cp', 'trestbps', 'chol', 'fbs', 'restecg', 'exang', 'oldpeak']"
6188,Naive Bayes,74.92361884,76.10203818,79.44852941,77.56097617,"['age', 'cp', 'trestbps', 'chol', 'fbs', 'restecg', 'exang', 'slope']"
6189,Naive Bayes,76.61475714,77.62719298,81.32352941,79.21885088,"['age', 'cp', 'trestbps', 'chol', 'fbs', 'restecg', 'exang', 'ca']"
6190,Naive Bayes,77.84909158,78.4812753,82.38970588,80.01270662,"['age', 'cp', 'trestbps', 'chol', 'fbs', 'restecg', 'exang', 'thal']"
6191,Naive Bayes,76.60326288,75.72641664,84.30147059,79.59303736,"['age', 'cp', 'trestbps', 'chol', 'fbs', 'restecg', 'oldpeak', 'slope']"
6192,Naive Bayes,78.23915462,77.47838239,86.10294118,81.38125532,"['age', 'cp', 'trestbps', 'chol', 'fbs', 'restecg', 'oldpeak', 'ca']"
6193,Naive Bayes,80.25139043,80.71407739,84.88970588,82.36818737,"['age', 'cp', 'trestbps', 'chol', 'fbs', 'restecg', 'oldpeak', 'thal']"
6194,Naive Bayes,73.25695217,74.55749054,78.125,76.18607497,"['age', 'cp', 'trestbps', 'chol', 'fbs', 'restecg', 'slope', 'ca']"
6195,Naive Bayes,77.21542455,81.0006913,76.28676471,78.41319207,"['age', 'cp', 'trestbps', 'chol', 'fbs', 'restecg', 'slope', 'thal']"
6196,Naive Bayes,76.54949944,78.41270349,80.55147059,78.94259687,"['age', 'cp', 'trestbps', 'chol', 'fbs', 'restecg', 'ca', 'thal']"
6197,Naive Bayes,78.31442343,78.20712934,83.86029412,80.73333065,"['age', 'cp', 'trestbps', 'chol', 'fbs', 'thalach', 'exang', 'oldpeak']"
6198,Naive Bayes,74.28921023,75.65441176,78.27205882,76.81906465,"['age', 'cp', 'trestbps', 'chol', 'fbs', 'thalach', 'exang', 'slope']"
6199,Naive Bayes,77.94883204,79.49587203,80.69852941,79.99497345,"['age', 'cp', 'trestbps', 'chol', 'fbs', 'thalach', 'exang', 'ca']"
6200,Naive Bayes,77.90507972,79.47211779,81.17647059,80.04568746,"['age', 'cp', 'trestbps', 'chol', 'fbs', 'thalach', 'exang', 'thal']"
6201,Naive Bayes,76.30144605,76.76770357,81.94852941,79.07714576,"['age', 'cp', 'trestbps', 'chol', 'fbs', 'thalach', 'oldpeak', 'slope']"
6202,Naive Bayes,79.25064887,78.97794118,84.92647059,81.73758709,"['age', 'cp', 'trestbps', 'chol', 'fbs', 'thalach', 'oldpeak', 'ca']"
6203,Naive Bayes,81.54097145,82.9873581,83.63970588,83.19327047,"['age', 'cp', 'trestbps', 'chol', 'fbs', 'thalach', 'oldpeak', 'thal']"
6204,Naive Bayes,75.58027438,77.26912492,78.78676471,77.84110483,"['age', 'cp', 'trestbps', 'chol', 'fbs', 'thalach', 'slope', 'ca']"
6205,Naive Bayes,77.89358547,81.54908576,77.5,79.2680881,"['age', 'cp', 'trestbps', 'chol', 'fbs', 'thalach', 'slope', 'thal']"
6206,Naive Bayes,78.52799407,80.24951708,81.13970588,80.52642544,"['age', 'cp', 'trestbps', 'chol', 'fbs', 'thalach', 'ca', 'thal']"
6207,Naive Bayes,78.27141268,79.17005135,81.94852941,80.25873199,"['age', 'cp', 'trestbps', 'chol', 'fbs', 'exang', 'oldpeak', 'slope']"
6208,Naive Bayes,78.88283278,79.98542312,82.5,81.03431646,"['age', 'cp', 'trestbps', 'chol', 'fbs', 'exang', 'oldpeak', 'ca']"
6209,Naive Bayes,80.50723026,81.58825987,83.63970588,82.3083666,"['age', 'cp', 'trestbps', 'chol', 'fbs', 'exang', 'oldpeak', 'thal']"
6210,Naive Bayes,76.91509084,77.84372082,81.83823529,79.5204148,"['age', 'cp', 'trestbps', 'chol', 'fbs', 'exang', 'slope', 'ca']"
6211,Naive Bayes,77.21616611,78.90953345,80.55147059,79.39633521,"['age', 'cp', 'trestbps', 'chol', 'fbs', 'exang', 'slope', 'thal']"
6212,Naive Bayes,78.5609937,81.27259939,80,80.30282871,"['age', 'cp', 'trestbps', 'chol', 'fbs', 'exang', 'ca', 'thal']"
6213,Naive Bayes,76.58175751,76.15021008,83.63970588,79.56159535,"['age', 'cp', 'trestbps', 'chol', 'fbs', 'oldpeak', 'slope', 'ca']"
6214,Naive Bayes,80.55172414,82.75787366,81.83823529,82.02856214,"['age', 'cp', 'trestbps', 'chol', 'fbs', 'oldpeak', 'slope', 'thal']"
6215,Naive Bayes,78.85205784,79.37862319,84.19117647,81.42317725,"['age', 'cp', 'trestbps', 'chol', 'fbs', 'oldpeak', 'ca', 'thal']"
6216,Naive Bayes,79.5294772,81.0517794,82.94117647,81.51373544,"['age', 'cp', 'trestbps', 'chol', 'fbs', 'slope', 'ca', 'thal']"
6217,Naive Bayes,77.65850945,77.58212934,83.23529412,80.1239278,"['age', 'cp', 'trestbps', 'chol', 'restecg', 'thalach', 'exang', 'oldpeak']"
6218,Naive Bayes,74.97812384,75.66842965,80.14705882,77.69774369,"['age', 'cp', 'trestbps', 'chol', 'restecg', 'thalach', 'exang', 'slope']"
6219,Naive Bayes,78.27141268,80.05387857,80.69852941,80.26257595,"['age', 'cp', 'trestbps', 'chol', 'restecg', 'thalach', 'exang', 'ca']"
6220,Naive Bayes,77.8928439,79.43253968,81.21323529,80.07391327,"['age', 'cp', 'trestbps', 'chol', 'restecg', 'thalach', 'exang', 'thal']"
6221,Naive Bayes,76.30218762,75.83137992,83.75,79.33541496,"['age', 'cp', 'trestbps', 'chol', 'restecg', 'thalach', 'oldpeak', 'slope']"
6222,Naive Bayes,79.55098257,79.67813585,84.92647059,81.99929916,"['age', 'cp', 'trestbps', 'chol', 'restecg', 'thalach', 'oldpeak', 'ca']"
6223,Naive Bayes,83.53021876,84.42327019,86.13970588,85.04412039,"['age', 'cp', 'trestbps', 'chol', 'restecg', 'thalach', 'oldpeak', 'thal']"
6224,Naive Bayes,73.9558769,75.45210453,78.27205882,76.64392878,"['age', 'cp', 'trestbps', 'chol', 'restecg', 'thalach', 'slope', 'ca']"
6225,Naive Bayes,77.58175751,80.95439201,77.57352941,79.07127349,"['age', 'cp', 'trestbps', 'chol', 'restecg', 'thalach', 'slope', 'thal']"
6226,Naive Bayes,79.18390805,80.36991612,82.97794118,81.36943652,"['age', 'cp', 'trestbps', 'chol', 'restecg', 'thalach', 'ca', 'thal']"
6227,Naive Bayes,76.67000371,77.78806977,80.77205882,78.840149,"['age', 'cp', 'trestbps', 'chol', 'restecg', 'exang', 'oldpeak', 'slope']"
6228,Naive Bayes,78.90507972,79.92905057,82.53676471,81.04092395,"['age', 'cp', 'trestbps', 'chol', 'restecg', 'exang', 'oldpeak', 'ca']"
6229,Naive Bayes,80.56173526,81.17503931,84.33823529,82.47702903,"['age', 'cp', 'trestbps', 'chol', 'restecg', 'exang', 'oldpeak', 'thal']"
6230,Naive Bayes,75.59176863,77.23893066,79.41176471,78.12688835,"['age', 'cp', 'trestbps', 'chol', 'restecg', 'exang', 'slope', 'ca']"
6231,Naive Bayes,77.86058584,79.72299244,80.55147059,79.86749266,"['age', 'cp', 'trestbps', 'chol', 'restecg', 'exang', 'slope', 'thal']"
6232,Naive Bayes,79.21690768,81.4682809,81.21323529,81.05187825,"['age', 'cp', 'trestbps', 'chol', 'restecg', 'exang', 'ca', 'thal']"
6233,Naive Bayes,76.23767149,75.8771182,83.67647059,79.38627112,"['age', 'cp', 'trestbps', 'chol', 'restecg', 'oldpeak', 'slope', 'ca']"
6234,Naive Bayes,79.93956248,81.85830999,81.91176471,81.63554841,"['age', 'cp', 'trestbps', 'chol', 'restecg', 'oldpeak', 'slope', 'thal']"
6235,Naive Bayes,79.54097145,79.57091765,85.44117647,82.14385105,"['age', 'cp', 'trestbps', 'chol', 'restecg', 'oldpeak', 'ca', 'thal']"
6236,Naive Bayes,79.82906934,81.4379945,82.94117647,81.81997713,"['age', 'cp', 'trestbps', 'chol', 'restecg', 'slope', 'ca', 'thal']"
6237,Naive Bayes,78.25917686,78.63850189,82.57352941,80.32779378,"['age', 'cp', 'trestbps', 'chol', 'thalach', 'exang', 'oldpeak', 'slope']"
6238,Naive Bayes,78.60400445,79.49604403,81.94852941,80.63002928,"['age', 'cp', 'trestbps', 'chol', 'thalach', 'exang', 'oldpeak', 'ca']"
6239,Naive Bayes,79.2269188,79.88656691,83.125,81.32331795,"['age', 'cp', 'trestbps', 'chol', 'thalach', 'exang', 'oldpeak', 'thal']"
6240,Naive Bayes,76.59176863,77.53848469,80.66176471,78.98989899,"['age', 'cp', 'trestbps', 'chol', 'thalach', 'exang', 'slope', 'ca']"
6241,Naive Bayes,77.52576937,79.43989262,80,79.55425123,"['age', 'cp', 'trestbps', 'chol', 'thalach', 'exang', 'slope', 'thal']"
6242,Naive Bayes,78.87208009,80.88547963,81.25,80.81798022,"['age', 'cp', 'trestbps', 'chol', 'thalach', 'exang', 'ca', 'thal']"
6243,Naive Bayes,77.91509084,78.36783134,83.08823529,80.4343892,"['age', 'cp', 'trestbps', 'chol', 'thalach', 'oldpeak', 'slope', 'ca']"
6244,Naive Bayes,80.53874676,81.68467124,83.63970588,82.42326456,"['age', 'cp', 'trestbps', 'chol', 'thalach', 'oldpeak', 'slope', 'thal']"
6245,Naive Bayes,81.49721913,82.38223623,84.88970588,83.38638731,"['age', 'cp', 'trestbps', 'chol', 'thalach', 'oldpeak', 'ca', 'thal']"
6246,Naive Bayes,79.79458658,81.50326419,82.38970588,81.63925474,"['age', 'cp', 'trestbps', 'chol', 'thalach', 'slope', 'ca', 'thal']"
6247,Naive Bayes,77.61475714,78.53083075,81.36029412,79.67790201,"['age', 'cp', 'trestbps', 'chol', 'exang', 'oldpeak', 'slope', 'ca']"
6248,Naive Bayes,79.57174638,80.69444444,82.53676471,81.35208077,"['age', 'cp', 'trestbps', 'chol', 'exang', 'oldpeak', 'slope', 'thal']"
6249,Naive Bayes,80.18390805,82.1835471,81.875,81.81703693,"['age', 'cp', 'trestbps', 'chol', 'exang', 'oldpeak', 'ca', 'thal']"
6250,Naive Bayes,78.8613274,81.03281488,81.21323529,80.8498639,"['age', 'cp', 'trestbps', 'chol', 'exang', 'slope', 'ca', 'thal']"
6251,Naive Bayes,82.48646644,82.42860493,87.27941176,84.57545429,"['age', 'cp', 'trestbps', 'chol', 'oldpeak', 'slope', 'ca', 'thal']"
6252,Naive Bayes,77.9810901,77.74552804,83.82352941,80.4936757,"['age', 'cp', 'trestbps', 'fbs', 'restecg', 'thalach', 'exang', 'oldpeak']"
6253,Naive Bayes,74.95661846,75.90114379,79.48529412,77.55171577,"['age', 'cp', 'trestbps', 'fbs', 'restecg', 'thalach', 'exang', 'slope']"
6254,Naive Bayes,78.27141268,79.75976092,81.28676471,80.39702973,"['age', 'cp', 'trestbps', 'fbs', 'restecg', 'thalach', 'exang', 'ca']"
6255,Naive Bayes,78.88283278,80.0428338,82.42647059,80.9743023,"['age', 'cp', 'trestbps', 'fbs', 'restecg', 'thalach', 'exang', 'thal']"
6256,Naive Bayes,76.62476826,76.56070323,83.125,79.48682953,"['age', 'cp', 'trestbps', 'fbs', 'restecg', 'thalach', 'oldpeak', 'slope']"
6257,Naive Bayes,79.54022989,79.66837437,84.88970588,82.02765304,"['age', 'cp', 'trestbps', 'fbs', 'restecg', 'thalach', 'oldpeak', 'ca']"
6258,Naive Bayes,81.22914349,82.51180033,84.30147059,83.04508118,"['age', 'cp', 'trestbps', 'fbs', 'restecg', 'thalach', 'oldpeak', 'thal']"
6259,Naive Bayes,74.61327401,75.93023613,78.78676471,77.22454588,"['age', 'cp', 'trestbps', 'fbs', 'restecg', 'thalach', 'slope', 'ca']"
6260,Naive Bayes,77.25917686,80.30377272,78.16176471,78.95522342,"['age', 'cp', 'trestbps', 'fbs', 'restecg', 'thalach', 'slope', 'thal']"
6261,Naive Bayes,79.50723026,80.42762166,83.56617647,81.74434946,"['age', 'cp', 'trestbps', 'fbs', 'restecg', 'thalach', 'ca', 'thal']"
6262,Naive Bayes,76.97033741,77.66948901,81.94852941,79.38139365,"['age', 'cp', 'trestbps', 'fbs', 'restecg', 'exang', 'oldpeak', 'slope']"
6263,Naive Bayes,79.55024101,80.51728586,83.125,81.62915924,"['age', 'cp', 'trestbps', 'fbs', 'restecg', 'exang', 'oldpeak', 'ca']"
6264,Naive Bayes,79.86206897,81.36487051,82.42647059,81.55714471,"['age', 'cp', 'trestbps', 'fbs', 'restecg', 'exang', 'oldpeak', 'thal']"
6265,Naive Bayes,76.92658509,77.75438596,81.83823529,79.56064034,"['age', 'cp', 'trestbps', 'fbs', 'restecg', 'exang', 'slope', 'ca']"
6266,Naive Bayes,76.89358547,79.0534618,79.33823529,78.88137972,"['age', 'cp', 'trestbps', 'fbs', 'restecg', 'exang', 'slope', 'thal']"
6267,Naive Bayes,79.20615499,81.53489729,81.17647059,80.98610021,"['age', 'cp', 'trestbps', 'fbs', 'restecg', 'exang', 'ca', 'thal']"
6268,Naive Bayes,76.88283278,76.43267376,84.26470588,79.95769969,"['age', 'cp', 'trestbps', 'fbs', 'restecg', 'oldpeak', 'slope', 'ca']"
6269,Naive Bayes,78.27215425,80.62248617,80.03676471,79.96627834,"['age', 'cp', 'trestbps', 'fbs', 'restecg', 'oldpeak', 'slope', 'thal']"
6270,Naive Bayes,78.87430478,79.33562353,84.19117647,81.40093805,"['age', 'cp', 'trestbps', 'fbs', 'restecg', 'oldpeak', 'ca', 'thal']"
6271,Naive Bayes,78.81831665,80.82356068,81.69117647,80.85086134,"['age', 'cp', 'trestbps', 'fbs', 'restecg', 'slope', 'ca', 'thal']"
6272,Naive Bayes,77.93733778,78.3862782,82.53676471,80.18249823,"['age', 'cp', 'trestbps', 'fbs', 'thalach', 'exang', 'oldpeak', 'slope']"
6273,Naive Bayes,79.90582128,81.21977124,82.53676471,81.76903489,"['age', 'cp', 'trestbps', 'fbs', 'thalach', 'exang', 'oldpeak', 'ca']"
6274,Naive Bayes,79.53874676,80.70751634,82.46323529,81.4703993,"['age', 'cp', 'trestbps', 'fbs', 'thalach', 'exang', 'oldpeak', 'thal']"
6275,Naive Bayes,77.59325176,77.96633127,82.46323529,80.06300399,"['age', 'cp', 'trestbps', 'fbs', 'thalach', 'exang', 'slope', 'ca']"
6276,Naive Bayes,77.18168335,79.34465453,79.33823529,79.16358939,"['age', 'cp', 'trestbps', 'fbs', 'thalach', 'exang', 'slope', 'thal']"
6277,Naive Bayes,78.83982202,81.37915726,80.55147059,80.61426128,"['age', 'cp', 'trestbps', 'fbs', 'thalach', 'exang', 'ca', 'thal']"
6278,Naive Bayes,77.88283278,78.36885105,83.01470588,80.50201957,"['age', 'cp', 'trestbps', 'fbs', 'thalach', 'oldpeak', 'slope', 'ca']"
6279,Naive Bayes,79.5272525,81.05954224,82.38970588,81.49249782,"['age', 'cp', 'trestbps', 'fbs', 'thalach', 'oldpeak', 'slope', 'thal']"
6280,Naive Bayes,82.13162773,83.41004472,84.81617647,83.94551985,"['age', 'cp', 'trestbps', 'fbs', 'thalach', 'oldpeak', 'ca', 'thal']"
6281,Naive Bayes,79.44048943,81.9248366,81.10294118,81.22230813,"['age', 'cp', 'trestbps', 'fbs', 'thalach', 'slope', 'ca', 'thal']"
6282,Naive Bayes,78.27141268,79.31695046,81.94852941,80.37782137,"['age', 'cp', 'trestbps', 'fbs', 'exang', 'oldpeak', 'slope', 'ca']"
6283,Naive Bayes,79.57174638,80.39578112,83.125,81.44029681,"['age', 'cp', 'trestbps', 'fbs', 'exang', 'oldpeak', 'slope', 'thal']"
6284,Naive Bayes,80.86281053,82.37908497,83.08823529,82.55695988,"['age', 'cp', 'trestbps', 'fbs', 'exang', 'oldpeak', 'ca', 'thal']"
6285,Naive Bayes,79.52873563,81.30100373,82.42647059,81.55557649,"['age', 'cp', 'trestbps', 'fbs', 'exang', 'slope', 'ca', 'thal']"
6286,Naive Bayes,81.49721913,81.79560421,86.06617647,83.65115555,"['age', 'cp', 'trestbps', 'fbs', 'oldpeak', 'slope', 'ca', 'thal']"
6287,Naive Bayes,77.95884316,78.71856725,81.98529412,80.08805538,"['age', 'cp', 'trestbps', 'restecg', 'thalach', 'exang', 'oldpeak', 'slope']"
6288,Naive Bayes,79.62699296,80.27377881,83.23529412,81.57120576,"['age', 'cp', 'trestbps', 'restecg', 'thalach', 'exang', 'oldpeak', 'ca']"
6289,Naive Bayes,79.91657397,80.0752494,84.375,82.06654783,"['age', 'cp', 'trestbps', 'restecg', 'thalach', 'exang', 'oldpeak', 'thal']"
6290,Naive Bayes,75.61327401,77.63132095,78.27205882,77.82957831,"['age', 'cp', 'trestbps', 'restecg', 'thalach', 'exang', 'slope', 'ca']"
6291,Naive Bayes,75.85761958,78.76662716,76.94852941,77.65582111,"['age', 'cp', 'trestbps', 'restecg', 'thalach', 'exang', 'slope', 'thal']"
6292,Naive Bayes,79.55098257,81.63651162,81.875,81.45262875,"['age', 'cp', 'trestbps', 'restecg', 'thalach', 'exang', 'ca', 'thal']"
6293,Naive Bayes,78.23841305,78.34329362,84.30147059,80.95147375,"['age', 'cp', 'trestbps', 'restecg', 'thalach', 'oldpeak', 'slope', 'ca']"
6294,Naive Bayes,79.56025213,80.68255811,83.05147059,81.62204964,"['age', 'cp', 'trestbps', 'restecg', 'thalach', 'oldpeak', 'slope', 'thal']"
6295,Naive Bayes,82.17612162,82.41430169,86.69117647,84.29656019,"['age', 'cp', 'trestbps', 'restecg', 'thalach', 'oldpeak', 'ca', 'thal']"
6296,Naive Bayes,78.44975899,80.45579257,81.13970588,80.51811655,"['age', 'cp', 'trestbps', 'restecg', 'thalach', 'slope', 'ca', 'thal']"
6297,Naive Bayes,77.59325176,78.71826625,81.32352941,79.7725356,"['age', 'cp', 'trestbps', 'restecg', 'exang', 'oldpeak', 'slope', 'ca']"
6298,Naive Bayes,79.5609937,81.2394528,81.91176471,81.22115098,"['age', 'cp', 'trestbps', 'restecg', 'exang', 'oldpeak', 'slope', 'thal']"
6299,Naive Bayes,81.20763812,82.47381321,83.71323529,82.91578978,"['age', 'cp', 'trestbps', 'restecg', 'exang', 'oldpeak', 'ca', 'thal']"
6300,Naive Bayes,78.8613274,80.67721623,81.80147059,80.92585966,"['age', 'cp', 'trestbps', 'restecg', 'exang', 'slope', 'ca', 'thal']"
6301,Naive Bayes,81.16462736,81.58061714,86.02941176,83.41472927,"['age', 'cp', 'trestbps', 'restecg', 'oldpeak', 'slope', 'ca', 'thal']"
6302,Naive Bayes,80.60548758,80.50266598,85.03676471,82.56630379,"['age', 'cp', 'trestbps', 'thalach', 'exang', 'oldpeak', 'slope', 'ca']"
6303,Naive Bayes,79.60474601,80.61073026,83.16176471,81.6188033,"['age', 'cp', 'trestbps', 'thalach', 'exang', 'oldpeak', 'slope', 'thal']"
6304,Naive Bayes,81.56247683,82.54325765,84.375,83.30199323,"['age', 'cp', 'trestbps', 'thalach', 'exang', 'oldpeak', 'ca', 'thal']"
6305,Naive Bayes,79.22766036,80.19008305,83.08823529,81.41530855,"['age', 'cp', 'trestbps', 'thalach', 'exang', 'slope', 'ca', 'thal']"
6306,Naive Bayes,81.19614386,80.85324832,86.69117647,83.45330203,"['age', 'cp', 'trestbps', 'thalach', 'oldpeak', 'slope', 'ca', 'thal']"
6307,Naive Bayes,80.88431591,81.32811195,84.92647059,82.8331845,"['age', 'cp', 'trestbps', 'exang', 'oldpeak', 'slope', 'ca', 'thal']"
6308,Naive Bayes,77.9810901,78.09017028,83.23529412,80.3971962,"['age', 'cp', 'chol', 'fbs', 'restecg', 'thalach', 'exang', 'oldpeak']"
6309,Naive Bayes,74.31145717,75.59477124,78.30882353,76.84049632,"['age', 'cp', 'chol', 'fbs', 'restecg', 'thalach', 'exang', 'slope']"
6310,Naive Bayes,77.96032629,79.90595975,80.11029412,79.8623977,"['age', 'cp', 'chol', 'fbs', 'restecg', 'thalach', 'exang', 'ca']"
6311,Naive Bayes,78.23767149,79.55831368,81.83823529,80.43041951,"['age', 'cp', 'chol', 'fbs', 'restecg', 'thalach', 'exang', 'thal']"
6312,Naive Bayes,77.28068224,77.64912281,82.5,79.79008905,"['age', 'cp', 'chol', 'fbs', 'restecg', 'thalach', 'oldpeak', 'slope']"
6313,Naive Bayes,79.24063775,79.01168809,85.51470588,81.90304139,"['age', 'cp', 'chol', 'fbs', 'restecg', 'thalach', 'oldpeak', 'ca']"
6314,Naive Bayes,82.19688543,83.31508305,84.85294118,83.87791468,"['age', 'cp', 'chol', 'fbs', 'restecg', 'thalach', 'oldpeak', 'thal']"
6315,Naive Bayes,74.61327401,76.22235736,78.23529412,77.09835752,"['age', 'cp', 'chol', 'fbs', 'restecg', 'thalach', 'slope', 'ca']"
6316,Naive Bayes,78.54875788,81.27406988,79.41176471,80.18089197,"['age', 'cp', 'chol', 'fbs', 'restecg', 'thalach', 'slope', 'thal']"
6317,Naive Bayes,78.51724138,79.51874785,82.38970588,80.78679859,"['age', 'cp', 'chol', 'fbs', 'restecg', 'thalach', 'ca', 'thal']"
6318,Naive Bayes,76.65925102,77.94790993,80.14705882,78.60579654,"['age', 'cp', 'chol', 'fbs', 'restecg', 'exang', 'oldpeak', 'slope']"
6319,Naive Bayes,79.59473489,80.42578259,83.16176471,81.61579026,"['age', 'cp', 'chol', 'fbs', 'restecg', 'exang', 'oldpeak', 'ca']"
6320,Naive Bayes,80.22840193,81.12640056,83.67647059,82.15321354,"['age', 'cp', 'chol', 'fbs', 'restecg', 'exang', 'oldpeak', 'thal']"
6321,Naive Bayes,76.315165,77.64047988,80.03676471,78.65428552,"['age', 'cp', 'chol', 'fbs', 'restecg', 'exang', 'slope', 'ca']"
6322,Naive Bayes,76.88209121,79.13651398,79.375,78.97343518,"['age', 'cp', 'chol', 'fbs', 'restecg', 'exang', 'slope', 'thal']"
6323,Naive Bayes,79.90656285,82.02383646,81.83823529,81.64011354,"['age', 'cp', 'chol', 'fbs', 'restecg', 'exang', 'ca', 'thal']"
6324,Naive Bayes,75.92732666,76.035143,83.01470588,79.08340688,"['age', 'cp', 'chol', 'fbs', 'restecg', 'oldpeak', 'slope', 'ca']"
6325,Naive Bayes,80.2183908,82.29909332,81.83823529,81.85427807,"['age', 'cp', 'chol', 'fbs', 'restecg', 'oldpeak', 'slope', 'thal']"
6326,Naive Bayes,81.20986281,81.70133561,86.02941176,83.55242206,"['age', 'cp', 'chol', 'fbs', 'restecg', 'oldpeak', 'ca', 'thal']"
6327,Naive Bayes,79.80830552,80.80473856,83.52941176,81.90832955,"['age', 'cp', 'chol', 'fbs', 'restecg', 'slope', 'ca', 'thal']"
6328,Naive Bayes,78.93807935,79.30568455,83.16176471,81.01225393,"['age', 'cp', 'chol', 'fbs', 'thalach', 'exang', 'oldpeak', 'slope']"
6329,Naive Bayes,78.94883204,79.88970588,81.98529412,80.85227273,"['age', 'cp', 'chol', 'fbs', 'thalach', 'exang', 'oldpeak', 'ca']"
6330,Naive Bayes,78.89358547,80.55228758,81.28676471,80.8169743,"['age', 'cp', 'chol', 'fbs', 'thalach', 'exang', 'oldpeak', 'thal']"
6331,Naive Bayes,76.93733778,78.18287754,80.625,79.27635874,"['age', 'cp', 'chol', 'fbs', 'thalach', 'exang', 'slope', 'ca']"
6332,Naive Bayes,76.24694105,78.47664126,78.78676471,78.45776616,"['age', 'cp', 'chol', 'fbs', 'thalach', 'exang', 'slope', 'thal']"
6333,Naive Bayes,77.90507972,80.214126,80.03676471,79.86148247,"['age', 'cp', 'chol', 'fbs', 'thalach', 'exang', 'ca', 'thal']"
6334,Naive Bayes,77.59325176,77.82249742,83.08823529,80.15600692,"['age', 'cp', 'chol', 'fbs', 'thalach', 'oldpeak', 'slope', 'ca']"
6335,Naive Bayes,78.88209121,80.24605017,81.80147059,80.85734376,"['age', 'cp', 'chol', 'fbs', 'thalach', 'oldpeak', 'slope', 'thal']"
6336,Naive Bayes,81.52020764,82.28616271,84.85294118,83.374451,"['age', 'cp', 'chol', 'fbs', 'thalach', 'oldpeak', 'ca', 'thal']"
6337,Naive Bayes,79.48424175,80.56654504,82.97794118,81.55351912,"['age', 'cp', 'chol', 'fbs', 'thalach', 'slope', 'ca', 'thal']"
6338,Naive Bayes,78.63848721,80.29824561,80.77205882,80.31390518,"['age', 'cp', 'chol', 'fbs', 'exang', 'oldpeak', 'slope', 'ca']"
6339,Naive Bayes,79.28290693,81.03594771,81.32352941,80.91726535,"['age', 'cp', 'chol', 'fbs', 'exang', 'oldpeak', 'slope', 'thal']"
6340,Naive Bayes,79.87282165,81.70074697,81.875,81.61115458,"['age', 'cp', 'chol', 'fbs', 'exang', 'oldpeak', 'ca', 'thal']"
6341,Naive Bayes,79.22840193,80.85562558,82.46323529,81.29767153,"['age', 'cp', 'chol', 'fbs', 'exang', 'slope', 'ca', 'thal']"
6342,Naive Bayes,82.1868743,81.92320261,87.27941176,84.34614357,"['age', 'cp', 'chol', 'fbs', 'oldpeak', 'slope', 'ca', 'thal']"
6343,Naive Bayes,77.62550983,79.64936238,79.55882353,79.36437943,"['age', 'cp', 'chol', 'restecg', 'thalach', 'exang', 'oldpeak', 'slope']"
6344,Naive Bayes,78.99332592,79.92152563,82.02205882,80.83734403,"['age', 'cp', 'chol', 'restecg', 'thalach', 'exang', 'oldpeak', 'ca']"
6345,Naive Bayes,78.96032629,80.26782643,81.94852941,80.93053433,"['age', 'cp', 'chol', 'restecg', 'thalach', 'exang', 'oldpeak', 'thal']"
6346,Naive Bayes,75.99110122,77.62968696,78.93382353,78.18186336,"['age', 'cp', 'chol', 'restecg', 'thalach', 'exang', 'slope', 'ca']"
6347,Naive Bayes,76.92510197,79.27815485,78.82352941,78.89745719,"['age', 'cp', 'chol', 'restecg', 'thalach', 'exang', 'slope', 'thal']"
6348,Naive Bayes,78.58324064,80.72960588,80.66176471,80.46249257,"['age', 'cp', 'chol', 'restecg', 'thalach', 'exang', 'ca', 'thal']"
6349,Naive Bayes,76.61475714,77.62222401,81.91176471,79.32569525,"['age', 'cp', 'chol', 'restecg', 'thalach', 'oldpeak', 'slope', 'ca']"
6350,Naive Bayes,79.90507972,81.62038911,82.46323529,81.77032281,"['age', 'cp', 'chol', 'restecg', 'thalach', 'oldpeak', 'slope', 'thal']"
6351,Naive Bayes,81.85354097,82.67047521,85.51470588,83.78023367,"['age', 'cp', 'chol', 'restecg', 'thalach', 'oldpeak', 'ca', 'thal']"
6352,Naive Bayes,79.83982202,80.85122119,83.01470588,81.75680326,"['age', 'cp', 'chol', 'restecg', 'thalach', 'slope', 'ca', 'thal']"
6353,Naive Bayes,78.32740082,79.70334537,80.77205882,80.05130014,"['age', 'cp', 'chol', 'restecg', 'exang', 'oldpeak', 'slope', 'ca']"
6354,Naive Bayes,79.29365962,81.09535481,81.36029412,80.93159439,"['age', 'cp', 'chol', 'restecg', 'exang', 'oldpeak', 'slope', 'thal']"
6355,Naive Bayes,80.88505747,82.38476092,83.125,82.58178799,"['age', 'cp', 'chol', 'restecg', 'exang', 'oldpeak', 'ca', 'thal']"
6356,Naive Bayes,79.56173526,81.33356676,82.46323529,81.54388365,"['age', 'cp', 'chol', 'restecg', 'exang', 'slope', 'ca', 'thal']"
6357,Naive Bayes,81.83129403,82.47124607,86.06617647,83.94488923,"['age', 'cp', 'chol', 'restecg', 'oldpeak', 'slope', 'ca', 'thal']"
6358,Naive Bayes,79.63774564,80.12835397,83.27205882,81.50213267,"['age', 'cp', 'chol', 'thalach', 'exang', 'oldpeak', 'slope', 'ca']"
6359,Naive Bayes,79.26065999,81.12952111,81.32352941,81.02896613,"['age', 'cp', 'chol', 'thalach', 'exang', 'oldpeak', 'slope', 'thal']"
6360,Naive Bayes,80.90656285,81.90793774,83.75,82.67471202,"['age', 'cp', 'chol', 'thalach', 'exang', 'oldpeak', 'ca', 'thal']"
6361,Naive Bayes,79.23915462,80.73471055,82.46323529,81.2812786,"['age', 'cp', 'chol', 'thalach', 'exang', 'slope', 'ca', 'thal']"
6362,Naive Bayes,80.86281053,80.68744779,86.06617647,83.09002142,"['age', 'cp', 'chol', 'thalach', 'oldpeak', 'slope', 'ca', 'thal']"
6363,Naive Bayes,80.56173526,81.55536513,83.71323529,82.41394974,"['age', 'cp', 'chol', 'exang', 'oldpeak', 'slope', 'ca', 'thal']"
6364,Naive Bayes,77.31442343,78.82949408,80.14705882,79.23200607,"['age', 'cp', 'fbs', 'restecg', 'thalach', 'exang', 'oldpeak', 'slope']"
6365,Naive Bayes,80.61698183,81.75404197,83.23529412,82.34491979,"['age', 'cp', 'fbs', 'restecg', 'thalach', 'exang', 'oldpeak', 'ca']"
6366,Naive Bayes,79.95031516,81.3129085,82.53676471,81.81405817,"['age', 'cp', 'fbs', 'restecg', 'thalach', 'exang', 'oldpeak', 'thal']"
6367,Naive Bayes,75.62476826,78.08696988,77.64705882,77.73494398,"['age', 'cp', 'fbs', 'restecg', 'thalach', 'exang', 'slope', 'ca']"
6368,Naive Bayes,76.21394142,79.15441176,77.53676471,78.11349877,"['age', 'cp', 'fbs', 'restecg', 'thalach', 'exang', 'slope', 'thal']"
6369,Naive Bayes,79.58472377,81.7892894,81.25,81.29962816,"['age', 'cp', 'fbs', 'restecg', 'thalach', 'exang', 'ca', 'thal']"
6370,Naive Bayes,76.90507972,78.18386546,81.83823529,79.5703489,"['age', 'cp', 'fbs', 'restecg', 'thalach', 'oldpeak', 'slope', 'ca']"
6371,Naive Bayes,79.5609937,81.37843005,81.80147059,81.3625989,"['age', 'cp', 'fbs', 'restecg', 'thalach', 'oldpeak', 'slope', 'thal']"
6372,Naive Bayes,81.17612162,81.94281046,84.81617647,83.15775646,"['age', 'cp', 'fbs', 'restecg', 'thalach', 'oldpeak', 'ca', 'thal']"
6373,Naive Bayes,79.47423063,81.14719397,81.72794118,81.30955667,"['age', 'cp', 'fbs', 'restecg', 'thalach', 'slope', 'ca', 'thal']"
6374,Naive Bayes,78.62773452,80.72807018,80.11029412,80.27018285,"['age', 'cp', 'fbs', 'restecg', 'exang', 'oldpeak', 'slope', 'ca']"
6375,Naive Bayes,79.28290693,81.11904762,81.32352941,80.90818019,"['age', 'cp', 'fbs', 'restecg', 'exang', 'oldpeak', 'slope', 'thal']"
6376,Naive Bayes,81.20763812,82.51547988,83.71323529,82.93472917,"['age', 'cp', 'fbs', 'restecg', 'exang', 'oldpeak', 'ca', 'thal']"
6377,Naive Bayes,79.88431591,81.09663866,83.67647059,82.010684,"['age', 'cp', 'fbs', 'restecg', 'exang', 'slope', 'ca', 'thal']"
6378,Naive Bayes,80.83129403,81.16708945,86.02941176,83.19631484,"['age', 'cp', 'fbs', 'restecg', 'oldpeak', 'slope', 'ca', 'thal']"
6379,Naive Bayes,79.29365962,80.12181803,82.61029412,81.1903694,"['age', 'cp', 'fbs', 'thalach', 'exang', 'oldpeak', 'slope', 'ca']"
6380,Naive Bayes,78.91583241,80.75198413,81.28676471,80.82054763,"['age', 'cp', 'fbs', 'thalach', 'exang', 'oldpeak', 'slope', 'thal']"
6381,Naive Bayes,80.90656285,81.95747334,83.75,82.70990742,"['age', 'cp', 'fbs', 'thalach', 'exang', 'oldpeak', 'ca', 'thal']"
6382,Naive Bayes,78.90582128,80.11480294,82.46323529,81.02431956,"['age', 'cp', 'fbs', 'thalach', 'exang', 'slope', 'ca', 'thal']"
6383,Naive Bayes,79.56173526,79.22257236,85.47794118,81.99165943,"['age', 'cp', 'fbs', 'thalach', 'oldpeak', 'slope', 'ca', 'thal']"
6384,Naive Bayes,80.87356322,81.76055949,84.30147059,82.79166667,"['age', 'cp', 'fbs', 'exang', 'oldpeak', 'slope', 'ca', 'thal']"
6385,Naive Bayes,79.93882091,80.85221018,83.19852941,81.82985247,"['age', 'cp', 'restecg', 'thalach', 'exang', 'oldpeak', 'slope', 'ca']"
6386,Naive Bayes,79.9495736,81.32000958,82.57352941,81.72311623,"['age', 'cp', 'restecg', 'thalach', 'exang', 'oldpeak', 'slope', 'thal']"
6387,Naive Bayes,81.55172414,82.65436877,84.33823529,83.30651425,"['age', 'cp', 'restecg', 'thalach', 'exang', 'oldpeak', 'ca', 'thal']"
6388,Naive Bayes,79.91731554,80.65216238,84.30147059,82.07385134,"['age', 'cp', 'restecg', 'thalach', 'exang', 'slope', 'ca', 'thal']"
6389,Naive Bayes,81.86355209,81.43413681,87.31617647,84.05491193,"['age', 'cp', 'restecg', 'thalach', 'oldpeak', 'slope', 'ca', 'thal']"
6390,Naive Bayes,80.23915462,81.51288147,83.125,82.12210339,"['age', 'cp', 'restecg', 'exang', 'oldpeak', 'slope', 'ca', 'thal']"
6391,Naive Bayes,79.90582128,81.65017937,81.91176471,81.58329021,"['age', 'cp', 'thalach', 'exang', 'oldpeak', 'slope', 'ca', 'thal']"
6392,Naive Bayes,76.6470152,78.05142759,79.59558824,78.61556744,"['age', 'trestbps', 'chol', 'fbs', 'restecg', 'thalach', 'exang', 'oldpeak']"
6393,Naive Bayes,73.02187616,74.68279154,76.50735294,75.4631268,"['age', 'trestbps', 'chol', 'fbs', 'restecg', 'thalach', 'exang', 'slope']"
6394,Naive Bayes,72.67779014,76.30462185,72.86764706,74.40633086,"['age', 'trestbps', 'chol', 'fbs', 'restecg', 'thalach', 'exang', 'ca']"
6395,Naive Bayes,72.35520949,75.52944957,72.83088235,73.92352654,"['age', 'trestbps', 'chol', 'fbs', 'restecg', 'thalach', 'exang', 'thal']"
6396,Naive Bayes,74.7122729,75.53275345,79.55882353,77.28074063,"['age', 'trestbps', 'chol', 'fbs', 'restecg', 'thalach', 'oldpeak', 'slope']"
6397,Naive Bayes,73.6785317,75.2394098,77.79411765,76.19999124,"['age', 'trestbps', 'chol', 'fbs', 'restecg', 'thalach', 'oldpeak', 'ca']"
6398,Naive Bayes,73.10011123,74.64374785,75.99264706,75.16225038,"['age', 'trestbps', 'chol', 'fbs', 'restecg', 'thalach', 'oldpeak', 'thal']"
6399,Naive Bayes,71.94512421,74.03765541,75.22058824,74.39468212,"['age', 'trestbps', 'chol', 'fbs', 'restecg', 'thalach', 'slope', 'ca']"
6400,Naive Bayes,72.33296255,75.95593648,72.79411765,73.95813527,"['age', 'trestbps', 'chol', 'fbs', 'restecg', 'thalach', 'slope', 'thal']"
6401,Naive Bayes,76.2499073,80.39365292,74.55882353,77.05228279,"['age', 'trestbps', 'chol', 'fbs', 'restecg', 'thalach', 'ca', 'thal']"
6402,Naive Bayes,76.03633667,78.5211615,77.75735294,77.74051227,"['age', 'trestbps', 'chol', 'fbs', 'restecg', 'exang', 'oldpeak', 'slope']"
6403,Naive Bayes,74.96885428,77.60365989,77.09558824,77.11737872,"['age', 'trestbps', 'chol', 'fbs', 'restecg', 'exang', 'oldpeak', 'ca']"
6404,Naive Bayes,76.59325176,79.10752509,78.27205882,78.20222678,"['age', 'trestbps', 'chol', 'fbs', 'restecg', 'exang', 'oldpeak', 'thal']"
6405,Naive Bayes,74.01334816,76.22943388,76.43382353,76.17511178,"['age', 'trestbps', 'chol', 'fbs', 'restecg', 'exang', 'slope', 'ca']"
6406,Naive Bayes,75.5925102,78.47355616,76.39705882,76.96906035,"['age', 'trestbps', 'chol', 'fbs', 'restecg', 'exang', 'slope', 'thal']"
6407,Naive Bayes,75.93807935,79.48809524,75.77205882,77.23374296,"['age', 'trestbps', 'chol', 'fbs', 'restecg', 'exang', 'ca', 'thal']"
6408,Naive Bayes,73.31442343,73.69094304,81.25,76.90871789,"['age', 'trestbps', 'chol', 'fbs', 'restecg', 'oldpeak', 'slope', 'ca']"
6409,Naive Bayes,77.2836485,78.58583818,80.625,79.28670036,"['age', 'trestbps', 'chol', 'fbs', 'restecg', 'oldpeak', 'slope', 'thal']"
6410,Naive Bayes,76.24916574,76.27226209,82.46323529,79.06793722,"['age', 'trestbps', 'chol', 'fbs', 'restecg', 'oldpeak', 'ca', 'thal']"
6411,Naive Bayes,76.89358547,79.12630228,78.78676471,78.58776507,"['age', 'trestbps', 'chol', 'fbs', 'restecg', 'slope', 'ca', 'thal']"
6412,Naive Bayes,75.65776789,76.65273478,79.55882353,77.91933807,"['age', 'trestbps', 'chol', 'fbs', 'thalach', 'exang', 'oldpeak', 'slope']"
6413,Naive Bayes,76.58101594,79.071662,78.27205882,78.53291419,"['age', 'trestbps', 'chol', 'fbs', 'thalach', 'exang', 'oldpeak', 'ca']"
6414,Naive Bayes,77.24916574,80.16835452,77.61029412,78.67256109,"['age', 'trestbps', 'chol', 'fbs', 'thalach', 'exang', 'oldpeak', 'thal']"
6415,Naive Bayes,74.30292918,77.03384687,75.80882353,76.31439394,"['age', 'trestbps', 'chol', 'fbs', 'thalach', 'exang', 'slope', 'ca']"
6416,Naive Bayes,75.30367075,78.82050573,75.18382353,76.77020772,"['age', 'trestbps', 'chol', 'fbs', 'thalach', 'exang', 'slope', 'thal']"
6417,Naive Bayes,75.91434928,79.3569203,75.77205882,77.3660619,"['age', 'trestbps', 'chol', 'fbs', 'thalach', 'exang', 'ca', 'thal']"
6418,Naive Bayes,75.02484242,75.49195906,80.69852941,77.88009409,"['age', 'trestbps', 'chol', 'fbs', 'thalach', 'oldpeak', 'slope', 'ca']"
6419,Naive Bayes,76.31590656,77.34407096,80.07352941,78.50475005,"['age', 'trestbps', 'chol', 'fbs', 'thalach', 'oldpeak', 'slope', 'thal']"
6420,Naive Bayes,75.9495736,77.59111627,78.82352941,77.99978498,"['age', 'trestbps', 'chol', 'fbs', 'thalach', 'oldpeak', 'ca', 'thal']"
6421,Naive Bayes,75.56025213,78.88185018,75.73529412,76.95110874,"['age', 'trestbps', 'chol', 'fbs', 'thalach', 'slope', 'ca', 'thal']"
6422,Naive Bayes,75.93659622,78.04135338,78.86029412,78.22619048,"['age', 'trestbps', 'chol', 'fbs', 'exang', 'oldpeak', 'slope', 'ca']"
6423,Naive Bayes,77.25991843,80.56616749,77.02205882,78.41516456,"['age', 'trestbps', 'chol', 'fbs', 'exang', 'oldpeak', 'slope', 'thal']"
6424,Naive Bayes,75.25991843,79.19230769,74.55882353,76.60716593,"['age', 'trestbps', 'chol', 'fbs', 'exang', 'oldpeak', 'ca', 'thal']"
6425,Naive Bayes,77.88357434,82.24153379,76.28676471,78.90330646,"['age', 'trestbps', 'chol', 'fbs', 'exang', 'slope', 'ca', 'thal']"
6426,Naive Bayes,75.94883204,76.30349157,81.21323529,78.51336774,"['age', 'trestbps', 'chol', 'fbs', 'oldpeak', 'slope', 'ca', 'thal']"
6427,Naive Bayes,77.35965888,78.67929628,80.18382353,79.2016064,"['age', 'trestbps', 'chol', 'restecg', 'thalach', 'exang', 'oldpeak', 'slope']"
6428,Naive Bayes,76.63700408,78.93191312,78.93382353,78.71759716,"['age', 'trestbps', 'chol', 'restecg', 'thalach', 'exang', 'oldpeak', 'ca']"
6429,Naive Bayes,77.59325176,80.20864756,78.27205882,79.04334344,"['age', 'trestbps', 'chol', 'restecg', 'thalach', 'exang', 'oldpeak', 'thal']"
6430,Naive Bayes,74.66926214,76.93494766,77.05882353,76.85781131,"['age', 'trestbps', 'chol', 'restecg', 'thalach', 'exang', 'slope', 'ca']"
6431,Naive Bayes,75.94809047,79.09951349,76.39705882,77.55294166,"['age', 'trestbps', 'chol', 'restecg', 'thalach', 'exang', 'slope', 'thal']"
6432,Naive Bayes,77.88283278,81.32906881,77.57352941,79.19300064,"['age', 'trestbps', 'chol', 'restecg', 'thalach', 'exang', 'ca', 'thal']"
6433,Naive Bayes,73.4011865,74.67883557,77.75735294,75.98597249,"['age', 'trestbps', 'chol', 'restecg', 'thalach', 'oldpeak', 'slope', 'ca']"
6434,Naive Bayes,76.32665925,77.6144098,79.48529412,78.38428162,"['age', 'trestbps', 'chol', 'restecg', 'thalach', 'oldpeak', 'slope', 'thal']"
6435,Naive Bayes,75.92732666,77.23249914,79.44852941,78.147653,"['age', 'trestbps', 'chol', 'restecg', 'thalach', 'oldpeak', 'ca', 'thal']"
6436,Naive Bayes,77.56173526,80.79924242,77.53676471,78.855714,"['age', 'trestbps', 'chol', 'restecg', 'thalach', 'slope', 'ca', 'thal']"
6437,Naive Bayes,76.33667037,78.17798172,79.52205882,78.61784968,"['age', 'trestbps', 'chol', 'restecg', 'exang', 'oldpeak', 'slope', 'ca']"
6438,Naive Bayes,78.59473489,80.74112979,80.11029412,80.09296583,"['age', 'trestbps', 'chol', 'restecg', 'exang', 'oldpeak', 'slope', 'thal']"
6439,Naive Bayes,76.92732666,80.35329132,77.02205882,78.47146033,"['age', 'trestbps', 'chol', 'restecg', 'exang', 'oldpeak', 'ca', 'thal']"
6440,Naive Bayes,77.91657397,82.36518547,76.36029412,78.95616107,"['age', 'trestbps', 'chol', 'restecg', 'exang', 'slope', 'ca', 'thal']"
6441,Naive Bayes,77.27289581,77.9862524,81.25,79.38541521,"['age', 'trestbps', 'chol', 'restecg', 'oldpeak', 'slope', 'ca', 'thal']"
6442,Naive Bayes,76.65850945,78.14701582,79.55882353,78.73405271,"['age', 'trestbps', 'chol', 'thalach', 'exang', 'oldpeak', 'slope', 'ca']"
6443,Naive Bayes,78.9495736,80.7641346,80.73529412,80.55913978,"['age', 'trestbps', 'chol', 'thalach', 'exang', 'oldpeak', 'slope', 'thal']"
6444,Naive Bayes,78.23841305,80.24346405,80.07352941,80.074931,"['age', 'trestbps', 'chol', 'thalach', 'exang', 'oldpeak', 'ca', 'thal']"
6445,Naive Bayes,78.30589544,80.76798614,79.48529412,79.91055718,"['age', 'trestbps', 'chol', 'thalach', 'exang', 'slope', 'ca', 'thal']"
6446,Naive Bayes,77.32740082,78.09150327,81.36029412,79.52421272,"['age', 'trestbps', 'chol', 'thalach', 'oldpeak', 'slope', 'ca', 'thal']"
6447,Naive Bayes,77.60548758,80.8424554,77.64705882,79.05659742,"['age', 'trestbps', 'chol', 'exang', 'oldpeak', 'slope', 'ca', 'thal']"
6448,Naive Bayes,76.33667037,76.95201238,80.77205882,78.62267395,"['age', 'trestbps', 'fbs', 'restecg', 'thalach', 'exang', 'oldpeak', 'slope']"
6449,Naive Bayes,76.29217649,78.25137599,78.89705882,78.40836941,"['age', 'trestbps', 'fbs', 'restecg', 'thalach', 'exang', 'oldpeak', 'ca']"
6450,Naive Bayes,77.6154987,80.34952058,78.30882353,79.05063169,"['age', 'trestbps', 'fbs', 'restecg', 'thalach', 'exang', 'oldpeak', 'thal']"
6451,Naive Bayes,74.64775677,77.19638557,76.43382353,76.66275146,"['age', 'trestbps', 'fbs', 'restecg', 'thalach', 'exang', 'slope', 'ca']"
6452,Naive Bayes,74.63626251,78.15960102,74.59558824,76.15584986,"['age', 'trestbps', 'fbs', 'restecg', 'thalach', 'exang', 'slope', 'thal']"
6453,Naive Bayes,77.26065999,79.88637506,78.16176471,78.86912828,"['age', 'trestbps', 'fbs', 'restecg', 'thalach', 'exang', 'ca', 'thal']"
6454,Naive Bayes,73.71301446,74.68234926,78.93382353,76.51066525,"['age', 'trestbps', 'fbs', 'restecg', 'thalach', 'oldpeak', 'slope', 'ca']"
6455,Naive Bayes,76.97182054,78.70961718,79.44852941,78.83986591,"['age', 'trestbps', 'fbs', 'restecg', 'thalach', 'oldpeak', 'slope', 'thal']"
6456,Naive Bayes,75.99332592,76.89992751,80.14705882,78.26581757,"['age', 'trestbps', 'fbs', 'restecg', 'thalach', 'oldpeak', 'ca', 'thal']"
6457,Naive Bayes,75.93807935,78.85067448,76.36029412,77.32293113,"['age', 'trestbps', 'fbs', 'restecg', 'thalach', 'slope', 'ca', 'thal']"
6458,Naive Bayes,75.95884316,77.66063443,79.48529412,78.3223835,"['age', 'trestbps', 'fbs', 'restecg', 'exang', 'oldpeak', 'slope', 'ca']"
6459,Naive Bayes,78.57248795,81.07515442,79.44852941,79.86811847,"['age', 'trestbps', 'fbs', 'restecg', 'exang', 'oldpeak', 'slope', 'thal']"
6460,Naive Bayes,75.9495736,79.56302521,76.39705882,77.62411337,"['age', 'trestbps', 'fbs', 'restecg', 'exang', 'oldpeak', 'ca', 'thal']"
6461,Naive Bayes,77.5839822,81.31819324,76.91176471,78.69355409,"['age', 'trestbps', 'fbs', 'restecg', 'exang', 'slope', 'ca', 'thal']"
6462,Naive Bayes,77.9180571,78.2747678,82.42647059,80.1419847,"['age', 'trestbps', 'fbs', 'restecg', 'oldpeak', 'slope', 'ca', 'thal']"
6463,Naive Bayes,76.29291806,78.44113347,78.27205882,78.24497072,"['age', 'trestbps', 'fbs', 'thalach', 'exang', 'oldpeak', 'slope', 'ca']"
6464,Naive Bayes,77.62699296,80.36741363,78.27205882,79.08639732,"['age', 'trestbps', 'fbs', 'thalach', 'exang', 'oldpeak', 'slope', 'thal']"
6465,Naive Bayes,79.18464961,81.67640774,79.96323529,80.69560975,"['age', 'trestbps', 'fbs', 'thalach', 'exang', 'oldpeak', 'ca', 'thal']"
6466,Naive Bayes,77.26140156,79.98856209,78.19852941,78.77030812,"['age', 'trestbps', 'fbs', 'thalach', 'exang', 'slope', 'ca', 'thal']"
6467,Naive Bayes,76.62773452,77.86694678,80.07352941,78.77000042,"['age', 'trestbps', 'fbs', 'thalach', 'oldpeak', 'slope', 'ca', 'thal']"
6468,Naive Bayes,77.2499073,80.46650327,76.98529412,78.45501162,"['age', 'trestbps', 'fbs', 'exang', 'oldpeak', 'slope', 'ca', 'thal']"
6469,Naive Bayes,77.99332592,79.3303725,80.80882353,79.86836788,"['age', 'trestbps', 'restecg', 'thalach', 'exang', 'oldpeak', 'slope', 'ca']"
6470,Naive Bayes,78.98257323,80.88890117,80.80882353,80.57473693,"['age', 'trestbps', 'restecg', 'thalach', 'exang', 'oldpeak', 'slope', 'thal']"
6471,Naive Bayes,78.56173526,81.07551354,80,80.37777134,"['age', 'trestbps', 'restecg', 'thalach', 'exang', 'oldpeak', 'ca', 'thal']"
6472,Naive Bayes,78.60622914,80.95704949,80.07352941,80.28849692,"['age', 'trestbps', 'restecg', 'thalach', 'exang', 'slope', 'ca', 'thal']"
6473,Naive Bayes,76.98331479,77.56870172,81.94852941,79.50023287,"['age', 'trestbps', 'restecg', 'thalach', 'oldpeak', 'slope', 'ca', 'thal']"
6474,Naive Bayes,77.92806822,81.04098481,78.23529412,79.47103592,"['age', 'trestbps', 'restecg', 'exang', 'oldpeak', 'slope', 'ca', 'thal']"
6475,Naive Bayes,78.9495736,81.12418301,80.14705882,80.51599965,"['age', 'trestbps', 'thalach', 'exang', 'oldpeak', 'slope', 'ca', 'thal']"
6476,Naive Bayes,77.69225065,79.26821201,80.22058824,79.46177985,"['age', 'chol', 'fbs', 'restecg', 'thalach', 'exang', 'oldpeak', 'slope']"
6477,Naive Bayes,75.96959585,78.82850509,77.13235294,77.75425507,"['age', 'chol', 'fbs', 'restecg', 'thalach', 'exang', 'oldpeak', 'ca']"
6478,Naive Bayes,77.92658509,79.88958917,79.52205882,79.55673912,"['age', 'chol', 'fbs', 'restecg', 'thalach', 'exang', 'oldpeak', 'thal']"
6479,Naive Bayes,75.00259548,77.56613347,76.47058824,76.89172047,"['age', 'chol', 'fbs', 'restecg', 'thalach', 'exang', 'slope', 'ca']"
6480,Naive Bayes,75.63700408,79.32679739,75.22058824,76.99157302,"['age', 'chol', 'fbs', 'restecg', 'thalach', 'exang', 'slope', 'thal']"
6481,Naive Bayes,77.29291806,79.69253403,78.89705882,79.11905789,"['age', 'chol', 'fbs', 'restecg', 'thalach', 'exang', 'ca', 'thal']"
6482,Naive Bayes,73.06711161,73.60703843,79.00735294,75.96686106,"['age', 'chol', 'fbs', 'restecg', 'thalach', 'oldpeak', 'slope', 'ca']"
6483,Naive Bayes,77.3381535,78.8146162,80.11029412,79.3153475,"['age', 'chol', 'fbs', 'restecg', 'thalach', 'oldpeak', 'slope', 'thal']"
6484,Naive Bayes,77.30515387,79.17865129,79.55882353,79.17116304,"['age', 'chol', 'fbs', 'restecg', 'thalach', 'oldpeak', 'ca', 'thal']"
6485,Naive Bayes,76.93882091,79.25283136,78.23529412,78.4501934,"['age', 'chol', 'fbs', 'restecg', 'thalach', 'slope', 'ca', 'thal']"
6486,Naive Bayes,77.31590656,79.48256529,79.48529412,79.25176051,"['age', 'chol', 'fbs', 'restecg', 'exang', 'oldpeak', 'slope', 'ca']"
6487,Naive Bayes,79.26140156,83.03089313,78.27205882,80.24616131,"['age', 'chol', 'fbs', 'restecg', 'exang', 'oldpeak', 'slope', 'thal']"
6488,Naive Bayes,76.28216537,79.38888889,77.09558824,78.00711096,"['age', 'chol', 'fbs', 'restecg', 'exang', 'oldpeak', 'ca', 'thal']"
6489,Naive Bayes,77.27141268,82.25354466,75.14705882,78.18563891,"['age', 'chol', 'fbs', 'restecg', 'exang', 'slope', 'ca', 'thal']"
6490,Naive Bayes,76.96106785,78.19972442,80.03676471,78.79419192,"['age', 'chol', 'fbs', 'restecg', 'oldpeak', 'slope', 'ca', 'thal']"
6491,Naive Bayes,75.6807564,78.02283282,77.13235294,77.4352323,"['age', 'chol', 'fbs', 'thalach', 'exang', 'oldpeak', 'slope', 'ca']"
6492,Naive Bayes,76.95958472,80.054155,77.09558824,78.37647346,"['age', 'chol', 'fbs', 'thalach', 'exang', 'oldpeak', 'slope', 'thal']"
6493,Naive Bayes,78.2499073,81.01633987,78.86029412,79.83328302,"['age', 'chol', 'fbs', 'thalach', 'exang', 'oldpeak', 'ca', 'thal']"
6494,Naive Bayes,77.30515387,79.99626517,78.27205882,78.91037749,"['age', 'chol', 'fbs', 'thalach', 'exang', 'slope', 'ca', 'thal']"
6495,Naive Bayes,77.62773452,79.16138999,80.11029412,79.43788248,"['age', 'chol', 'fbs', 'thalach', 'oldpeak', 'slope', 'ca', 'thal']"
6496,Naive Bayes,77.28216537,80.79563492,77.05882353,78.73546662,"['age', 'chol', 'fbs', 'exang', 'oldpeak', 'slope', 'ca', 'thal']"
6497,Naive Bayes,76.01408973,78.39981694,77.75735294,77.87779085,"['age', 'chol', 'restecg', 'thalach', 'exang', 'oldpeak', 'slope', 'ca']"
6498,Naive Bayes,78.315165,80.22977788,80.22058824,79.95167759,"['age', 'chol', 'restecg', 'thalach', 'exang', 'oldpeak', 'slope', 'thal']"
6499,Naive Bayes,77.62699296,80.19603543,78.93382353,79.39076965,"['age', 'chol', 'restecg', 'thalach', 'exang', 'oldpeak', 'ca', 'thal']"
6500,Naive Bayes,77.66073415,80.69777857,77.68382353,78.94319265,"['age', 'chol', 'restecg', 'thalach', 'exang', 'slope', 'ca', 'thal']"
6501,Naive Bayes,76.64998146,78.57433743,78.93382353,78.42674835,"['age', 'chol', 'restecg', 'thalach', 'oldpeak', 'slope', 'ca', 'thal']"
6502,Naive Bayes,77.58324064,80.59408939,78.23529412,79.24376319,"['age', 'chol', 'restecg', 'exang', 'oldpeak', 'slope', 'ca', 'thal']"
6503,Naive Bayes,79.26065999,80.88639491,81.36029412,80.95774908,"['age', 'chol', 'thalach', 'exang', 'oldpeak', 'slope', 'ca', 'thal']"
6504,Naive Bayes,76.00333704,78.35324832,77.72058824,77.85083726,"['age', 'fbs', 'restecg', 'thalach', 'exang', 'oldpeak', 'slope', 'ca']"
6505,Naive Bayes,77.97107898,80.10068062,79.55882353,79.55988216,"['age', 'fbs', 'restecg', 'thalach', 'exang', 'oldpeak', 'slope', 'thal']"
6506,Naive Bayes,77.2499073,80.07761438,78.23529412,79.03243776,"['age', 'fbs', 'restecg', 'thalach', 'exang', 'oldpeak', 'ca', 'thal']"
6507,Naive Bayes,77.29440119,80.30753968,77.64705882,78.73888074,"['age', 'fbs', 'restecg', 'thalach', 'exang', 'slope', 'ca', 'thal']"
6508,Naive Bayes,77.29440119,78.76007421,80.11029412,79.24951843,"['age', 'fbs', 'restecg', 'thalach', 'oldpeak', 'slope', 'ca', 'thal']"
6509,Naive Bayes,77.89506859,81.1312581,78.19852941,79.43157437,"['age', 'fbs', 'restecg', 'exang', 'oldpeak', 'slope', 'ca', 'thal']"
6510,Naive Bayes,79.58324064,81.04570863,81.94852941,81.35245242,"['age', 'fbs', 'thalach', 'exang', 'oldpeak', 'slope', 'ca', 'thal']"
6511,Naive Bayes,79.90582128,81.52364981,81.94852941,81.58418147,"['age', 'restecg', 'thalach', 'exang', 'oldpeak', 'slope', 'ca', 'thal']"
6512,Naive Bayes,77.96959585,76.92659624,86.13970588,81.06306599,"['sex', 'cp', 'trestbps', 'chol', 'fbs', 'restecg', 'thalach', 'exang']"
6513,Naive Bayes,79.26065999,77.28615096,88.56617647,82.29535321,"['sex', 'cp', 'trestbps', 'chol', 'fbs', 'restecg', 'thalach', 'oldpeak']"
6514,Naive Bayes,75.90285502,75.91991479,82.94117647,78.92138798,"['sex', 'cp', 'trestbps', 'chol', 'fbs', 'restecg', 'thalach', 'slope']"
6515,Naive Bayes,79.80756396,78.15207806,88.49264706,82.86596061,"['sex', 'cp', 'trestbps', 'chol', 'fbs', 'restecg', 'thalach', 'ca']"
6516,Naive Bayes,79.52873563,82.25484904,81.10294118,81.16611547,"['sex', 'cp', 'trestbps', 'chol', 'fbs', 'restecg', 'thalach', 'thal']"
6517,Naive Bayes,76.56952169,76.63305266,83.125,79.39280169,"['sex', 'cp', 'trestbps', 'chol', 'fbs', 'restecg', 'exang', 'oldpeak']"
6518,Naive Bayes,75.59102707,76.61813234,80.55147059,78.2985253,"['sex', 'cp', 'trestbps', 'chol', 'fbs', 'restecg', 'exang', 'slope']"
6519,Naive Bayes,78.19466073,79.44183375,83.08823529,80.88189243,"['sex', 'cp', 'trestbps', 'chol', 'fbs', 'restecg', 'exang', 'ca']"
6520,Naive Bayes,75.91360771,78.35338346,78.67647059,78.0004636,"['sex', 'cp', 'trestbps', 'chol', 'fbs', 'restecg', 'exang', 'thal']"
6521,Naive Bayes,77.54875788,76.19355374,86.02941176,80.70594712,"['sex', 'cp', 'trestbps', 'chol', 'fbs', 'restecg', 'oldpeak', 'slope']"
6522,Naive Bayes,81.46496107,80.91538789,87.86764706,83.97739201,"['sex', 'cp', 'trestbps', 'chol', 'fbs', 'restecg', 'oldpeak', 'ca']"
6523,Naive Bayes,80.48498331,82.46872065,82.35294118,81.86009764,"['sex', 'cp', 'trestbps', 'chol', 'fbs', 'restecg', 'oldpeak', 'thal']"
6524,Naive Bayes,78.79532814,78.72721018,84.77941176,81.49559,"['sex', 'cp', 'trestbps', 'chol', 'fbs', 'restecg', 'slope', 'ca']"
6525,Naive Bayes,78.57322951,83.47540042,76.83823529,79.33792443,"['sex', 'cp', 'trestbps', 'chol', 'fbs', 'restecg', 'slope', 'thal']"
6526,Naive Bayes,78.47200593,81.52294953,80,80.23944321,"['sex', 'cp', 'trestbps', 'chol', 'fbs', 'restecg', 'ca', 'thal']"
6527,Naive Bayes,80.25991843,79.34180427,86.83823529,82.70390799,"['sex', 'cp', 'trestbps', 'chol', 'fbs', 'thalach', 'exang', 'oldpeak']"
6528,Naive Bayes,75.99035966,75.60758514,83.125,78.99020836,"['sex', 'cp', 'trestbps', 'chol', 'fbs', 'thalach', 'exang', 'slope']"
6529,Naive Bayes,79.28290693,79.72381321,84.33823529,81.74343193,"['sex', 'cp', 'trestbps', 'chol', 'fbs', 'thalach', 'exang', 'ca']"
6530,Naive Bayes,78.57100482,80.67958594,81.13970588,80.49716299,"['sex', 'cp', 'trestbps', 'chol', 'fbs', 'thalach', 'exang', 'thal']"
6531,Naive Bayes,77.60326288,76.55610729,85.55147059,80.59241017,"['sex', 'cp', 'trestbps', 'chol', 'fbs', 'thalach', 'oldpeak', 'slope']"
6532,Naive Bayes,81.51946607,79.53511899,89.74264706,84.21621308,"['sex', 'cp', 'trestbps', 'chol', 'fbs', 'thalach', 'oldpeak', 'ca']"
6533,Naive Bayes,81.51872451,83.45812684,83.56617647,82.966546,"['sex', 'cp', 'trestbps', 'chol', 'fbs', 'thalach', 'oldpeak', 'thal']"
6534,Naive Bayes,77.8613274,77.43008256,84.81617647,80.76824129,"['sex', 'cp', 'trestbps', 'chol', 'fbs', 'thalach', 'slope', 'ca']"
6535,Naive Bayes,79.85205784,83.25929123,79.85294118,81.00624227,"['sex', 'cp', 'trestbps', 'chol', 'fbs', 'thalach', 'slope', 'thal']"
6536,Naive Bayes,80.81831665,81.95963307,84.70588235,82.80260398,"['sex', 'cp', 'trestbps', 'chol', 'fbs', 'thalach', 'ca', 'thal']"
6537,Naive Bayes,79.54949944,80.23088831,83.125,81.36198994,"['sex', 'cp', 'trestbps', 'chol', 'fbs', 'exang', 'oldpeak', 'slope']"
6538,Naive Bayes,79.51724138,80.30370657,83.71323529,81.75473334,"['sex', 'cp', 'trestbps', 'chol', 'fbs', 'exang', 'oldpeak', 'ca']"
6539,Naive Bayes,80.83982202,83.31578947,82.38970588,82.27832614,"['sex', 'cp', 'trestbps', 'chol', 'fbs', 'exang', 'oldpeak', 'thal']"
6540,Naive Bayes,78.21616611,79.09074671,83.05147059,80.64546281,"['sex', 'cp', 'trestbps', 'chol', 'fbs', 'exang', 'slope', 'ca']"
6541,Naive Bayes,77.19391917,80.70068983,77.38970588,78.43976055,"['sex', 'cp', 'trestbps', 'chol', 'fbs', 'exang', 'slope', 'thal']"
6542,Naive Bayes,79.20615499,82.66258642,80.51470588,80.96646364,"['sex', 'cp', 'trestbps', 'chol', 'fbs', 'exang', 'ca', 'thal']"
6543,Naive Bayes,79.83982202,78.92036464,86.65441176,82.4579002,"['sex', 'cp', 'trestbps', 'chol', 'fbs', 'oldpeak', 'slope', 'ca']"
6544,Naive Bayes,80.17389692,82.43977591,81.76470588,81.6802989,"['sex', 'cp', 'trestbps', 'chol', 'fbs', 'oldpeak', 'slope', 'thal']"
6545,Naive Bayes,80.84130515,81.90070387,84.22794118,82.76121141,"['sex', 'cp', 'trestbps', 'chol', 'fbs', 'oldpeak', 'ca', 'thal']"
6546,Naive Bayes,79.13014461,82.64335664,79.77941176,80.37736045,"['sex', 'cp', 'trestbps', 'chol', 'fbs', 'slope', 'ca', 'thal']"
6547,Naive Bayes,79.92658509,78.83406433,86.80147059,82.45180715,"['sex', 'cp', 'trestbps', 'chol', 'restecg', 'thalach', 'exang', 'oldpeak']"
6548,Naive Bayes,76.31219874,75.95073468,83.71323529,79.454965,"['sex', 'cp', 'trestbps', 'chol', 'restecg', 'thalach', 'exang', 'slope']"
6549,Naive Bayes,78.93882091,79.64619883,83.71323529,81.3869257,"['sex', 'cp', 'trestbps', 'chol', 'restecg', 'thalach', 'exang', 'ca']"
6550,Naive Bayes,77.88134965,79.50167321,81.13970588,80.00661372,"['sex', 'cp', 'trestbps', 'chol', 'restecg', 'thalach', 'exang', 'thal']"
6551,Naive Bayes,77.2584353,76.04210334,86.10294118,80.54981568,"['sex', 'cp', 'trestbps', 'chol', 'restecg', 'thalach', 'oldpeak', 'slope']"
6552,Naive Bayes,82.50945495,80.14915408,90.91911765,85.10230085,"['sex', 'cp', 'trestbps', 'chol', 'restecg', 'thalach', 'oldpeak', 'ca']"
6553,Naive Bayes,83.14312199,84.67022193,85.36764706,84.55859589,"['sex', 'cp', 'trestbps', 'chol', 'restecg', 'thalach', 'oldpeak', 'thal']"
6554,Naive Bayes,77.86058584,77.03627998,86.02941176,81.06512766,"['sex', 'cp', 'trestbps', 'chol', 'restecg', 'thalach', 'slope', 'ca']"
6555,Naive Bayes,80.81905821,84.27276997,81.06617647,81.97141793,"['sex', 'cp', 'trestbps', 'chol', 'restecg', 'thalach', 'slope', 'thal']"
6556,Naive Bayes,80.79606971,82.61714807,83.49264706,82.54256839,"['sex', 'cp', 'trestbps', 'chol', 'restecg', 'thalach', 'ca', 'thal']"
6557,Naive Bayes,79.58249907,79.76326232,84.33823529,81.69135852,"['sex', 'cp', 'trestbps', 'chol', 'restecg', 'exang', 'oldpeak', 'slope']"
6558,Naive Bayes,79.18316648,79.76449088,83.75,81.49435646,"['sex', 'cp', 'trestbps', 'chol', 'restecg', 'exang', 'oldpeak', 'ca']"
6559,Naive Bayes,80.85057471,83.31787803,82.42647059,82.38670052,"['sex', 'cp', 'trestbps', 'chol', 'restecg', 'exang', 'oldpeak', 'thal']"
6560,Naive Bayes,78.53874676,80.52990933,81.76470588,80.74803681,"['sex', 'cp', 'trestbps', 'chol', 'restecg', 'exang', 'slope', 'ca']"
6561,Naive Bayes,79.19466073,81.74112601,80.51470588,80.76505339,"['sex', 'cp', 'trestbps', 'chol', 'restecg', 'exang', 'slope', 'thal']"
6562,Naive Bayes,79.88431591,83.1095447,81.76470588,81.75750533,"['sex', 'cp', 'trestbps', 'chol', 'restecg', 'exang', 'ca', 'thal']"
6563,Naive Bayes,78.86206897,78.64702704,85.40441176,81.65070216,"['sex', 'cp', 'trestbps', 'chol', 'restecg', 'oldpeak', 'slope', 'ca']"
6564,Naive Bayes,79.86281053,83.02022307,79.96323529,81.14087697,"['sex', 'cp', 'trestbps', 'chol', 'restecg', 'oldpeak', 'slope', 'thal']"
6565,Naive Bayes,80.86355209,81.68110897,84.85294118,82.9584204,"['sex', 'cp', 'trestbps', 'chol', 'restecg', 'oldpeak', 'ca', 'thal']"
6566,Naive Bayes,79.17389692,82.03410277,80.51470588,80.68745986,"['sex', 'cp', 'trestbps', 'chol', 'restecg', 'slope', 'ca', 'thal']"
6567,Naive Bayes,80.61698183,80.47459335,85,82.49231814,"['sex', 'cp', 'trestbps', 'chol', 'thalach', 'exang', 'oldpeak', 'slope']"
6568,Naive Bayes,80.56173526,81.09717922,84.33823529,82.58662527,"['sex', 'cp', 'trestbps', 'chol', 'thalach', 'exang', 'oldpeak', 'ca']"
6569,Naive Bayes,80.8613274,82.02038184,83.67647059,82.65861721,"['sex', 'cp', 'trestbps', 'chol', 'thalach', 'exang', 'oldpeak', 'thal']"
6570,Naive Bayes,79.26065999,79.45747334,84.30147059,81.67297164,"['sex', 'cp', 'trestbps', 'chol', 'thalach', 'exang', 'slope', 'ca']"
6571,Naive Bayes,79.90582128,81.23667625,82.97794118,81.87024561,"['sex', 'cp', 'trestbps', 'chol', 'thalach', 'exang', 'slope', 'thal']"
6572,Naive Bayes,80.21764924,81.89078702,83.05147059,82.19961138,"['sex', 'cp', 'trestbps', 'chol', 'thalach', 'exang', 'ca', 'thal']"
6573,Naive Bayes,80.87430478,79.48968008,87.94117647,83.37823844,"['sex', 'cp', 'trestbps', 'chol', 'thalach', 'oldpeak', 'slope', 'ca']"
6574,Naive Bayes,83.19836856,84.10434174,86.06617647,84.79839169,"['sex', 'cp', 'trestbps', 'chol', 'thalach', 'oldpeak', 'slope', 'thal']"
6575,Naive Bayes,83.77678902,83.27008084,88.45588235,85.65413692,"['sex', 'cp', 'trestbps', 'chol', 'thalach', 'oldpeak', 'ca', 'thal']"
6576,Naive Bayes,83.46570263,84.24801209,86.58088235,85.1325193,"['sex', 'cp', 'trestbps', 'chol', 'thalach', 'slope', 'ca', 'thal']"
6577,Naive Bayes,79.19466073,80.52990933,82.46323529,81.24953246,"['sex', 'cp', 'trestbps', 'chol', 'exang', 'oldpeak', 'slope', 'ca']"
6578,Naive Bayes,79.8383389,81.51683366,82.42647059,81.51236652,"['sex', 'cp', 'trestbps', 'chol', 'exang', 'oldpeak', 'slope', 'thal']"
6579,Naive Bayes,82.46347794,83.90254435,84.85294118,84.22737883,"['sex', 'cp', 'trestbps', 'chol', 'exang', 'oldpeak', 'ca', 'thal']"
6580,Naive Bayes,81.5294772,82.87040518,84.26470588,83.31072771,"['sex', 'cp', 'trestbps', 'chol', 'exang', 'slope', 'ca', 'thal']"
6581,Naive Bayes,82.47497219,82.11549708,87.27941176,84.47582185,"['sex', 'cp', 'trestbps', 'chol', 'oldpeak', 'slope', 'ca', 'thal']"
6582,Naive Bayes,80.23841305,78.89748882,87.38970588,82.79713013,"['sex', 'cp', 'trestbps', 'fbs', 'restecg', 'thalach', 'exang', 'oldpeak']"
6583,Naive Bayes,76.94660734,76.67629859,83.67647059,79.7971136,"['sex', 'cp', 'trestbps', 'fbs', 'restecg', 'thalach', 'exang', 'slope']"
6584,Naive Bayes,78.93882091,79.64619883,83.71323529,81.3869257,"['sex', 'cp', 'trestbps', 'fbs', 'restecg', 'thalach', 'exang', 'ca']"
6585,Naive Bayes,78.20393029,79.56786433,81.72794118,80.27618093,"['sex', 'cp', 'trestbps', 'fbs', 'restecg', 'thalach', 'exang', 'thal']"
6586,Naive Bayes,78.24842418,76.69088215,87.31617647,81.41560497,"['sex', 'cp', 'trestbps', 'fbs', 'restecg', 'thalach', 'oldpeak', 'slope']"
6587,Naive Bayes,81.51946607,79.22225349,90.33088235,84.32861119,"['sex', 'cp', 'trestbps', 'fbs', 'restecg', 'thalach', 'oldpeak', 'ca']"
6588,Naive Bayes,83.47645532,84.17898914,86.58088235,84.93841607,"['sex', 'cp', 'trestbps', 'fbs', 'restecg', 'thalach', 'oldpeak', 'thal']"
6589,Naive Bayes,77.86058584,77.45540936,84.81617647,80.78038119,"['sex', 'cp', 'trestbps', 'fbs', 'restecg', 'thalach', 'slope', 'ca']"
6590,Naive Bayes,80.19614386,83.20565743,81.10294118,81.59799092,"['sex', 'cp', 'trestbps', 'fbs', 'restecg', 'thalach', 'slope', 'thal']"
6591,Naive Bayes,80.79681127,82.42063114,84.08088235,82.67666801,"['sex', 'cp', 'trestbps', 'fbs', 'restecg', 'thalach', 'ca', 'thal']"
6592,Naive Bayes,79.8613274,79.56136412,85.47794118,81.99353539,"['sex', 'cp', 'trestbps', 'fbs', 'restecg', 'exang', 'oldpeak', 'slope']"
6593,Naive Bayes,79.17241379,80.16726866,83.125,81.36604605,"['sex', 'cp', 'trestbps', 'fbs', 'restecg', 'exang', 'oldpeak', 'ca']"
6594,Naive Bayes,80.51724138,82.83822537,82.38970588,82.08301714,"['sex', 'cp', 'trestbps', 'fbs', 'restecg', 'exang', 'oldpeak', 'thal']"
6595,Naive Bayes,78.52799407,79.47934174,82.97794118,80.93904453,"['sex', 'cp', 'trestbps', 'fbs', 'restecg', 'exang', 'slope', 'ca']"
6596,Naive Bayes,78.85131628,82.00765115,79.22794118,80.00615823,"['sex', 'cp', 'trestbps', 'fbs', 'restecg', 'exang', 'slope', 'thal']"
6597,Naive Bayes,79.52873563,82.49383876,81.72794118,81.4422697,"['sex', 'cp', 'trestbps', 'fbs', 'restecg', 'exang', 'ca', 'thal']"
6598,Naive Bayes,79.48498331,78.2218665,87.20588235,82.34331678,"['sex', 'cp', 'trestbps', 'fbs', 'restecg', 'oldpeak', 'slope', 'ca']"
6599,Naive Bayes,79.51872451,82.7061205,79.92647059,80.87179603,"['sex', 'cp', 'trestbps', 'fbs', 'restecg', 'oldpeak', 'slope', 'thal']"
6600,Naive Bayes,80.49721913,81.61939454,84.19117647,82.50830146,"['sex', 'cp', 'trestbps', 'fbs', 'restecg', 'oldpeak', 'ca', 'thal']"
6601,Naive Bayes,78.83055247,82.19641796,79.85294118,80.15223379,"['sex', 'cp', 'trestbps', 'fbs', 'restecg', 'slope', 'ca', 'thal']"
6602,Naive Bayes,79.59399333,79.21519343,84.96323529,81.68250717,"['sex', 'cp', 'trestbps', 'fbs', 'thalach', 'exang', 'oldpeak', 'slope']"
6603,Naive Bayes,80.86206897,81.48606811,84.33823529,82.78921569,"['sex', 'cp', 'trestbps', 'fbs', 'thalach', 'exang', 'oldpeak', 'ca']"
6604,Naive Bayes,81.48498331,82.77614379,83.63970588,83.04240083,"['sex', 'cp', 'trestbps', 'fbs', 'thalach', 'exang', 'oldpeak', 'thal']"
6605,Naive Bayes,78.91583241,78.87414001,84.30147059,81.39071357,"['sex', 'cp', 'trestbps', 'fbs', 'thalach', 'exang', 'slope', 'ca']"
6606,Naive Bayes,79.53948832,80.95585164,82.90441176,81.46554095,"['sex', 'cp', 'trestbps', 'fbs', 'thalach', 'exang', 'slope', 'thal']"
6607,Naive Bayes,79.54022989,81.92876422,81.80147059,81.49562241,"['sex', 'cp', 'trestbps', 'fbs', 'thalach', 'exang', 'ca', 'thal']"
6608,Naive Bayes,80.51872451,79.0878483,87.90441176,83.14062066,"['sex', 'cp', 'trestbps', 'fbs', 'thalach', 'oldpeak', 'slope', 'ca']"
6609,Naive Bayes,81.53096033,81.74377119,85.99264706,83.45111879,"['sex', 'cp', 'trestbps', 'fbs', 'thalach', 'oldpeak', 'slope', 'thal']"
6610,Naive Bayes,82.44345569,82.0120399,87.16911765,84.37111697,"['sex', 'cp', 'trestbps', 'fbs', 'thalach', 'oldpeak', 'ca', 'thal']"
6611,Naive Bayes,82.44419726,83.17546317,85.88235294,84.10190562,"['sex', 'cp', 'trestbps', 'fbs', 'thalach', 'slope', 'ca', 'thal']"
6612,Naive Bayes,79.19466073,79.57752838,83.71323529,81.40639521,"['sex', 'cp', 'trestbps', 'fbs', 'exang', 'oldpeak', 'slope', 'ca']"
6613,Naive Bayes,79.48350019,80.90500147,82.38970588,81.33083595,"['sex', 'cp', 'trestbps', 'fbs', 'exang', 'oldpeak', 'slope', 'thal']"
6614,Naive Bayes,82.11939192,83.40826331,84.81617647,83.95532001,"['sex', 'cp', 'trestbps', 'fbs', 'exang', 'oldpeak', 'ca', 'thal']"
6615,Naive Bayes,80.86281053,82.44862155,83.63970588,82.74949838,"['sex', 'cp', 'trestbps', 'fbs', 'exang', 'slope', 'ca', 'thal']"
6616,Naive Bayes,81.47497219,81.57273699,86.02941176,83.5566272,"['sex', 'cp', 'trestbps', 'fbs', 'oldpeak', 'slope', 'ca', 'thal']"
6617,Naive Bayes,81.28439006,81.18129269,85.625,83.1309736,"['sex', 'cp', 'trestbps', 'restecg', 'thalach', 'exang', 'oldpeak', 'slope']"
6618,Naive Bayes,79.5609937,80.03921569,83.75,81.72665733,"['sex', 'cp', 'trestbps', 'restecg', 'thalach', 'exang', 'oldpeak', 'ca']"
6619,Naive Bayes,81.53948832,83.02831834,84.26470588,83.34737048,"['sex', 'cp', 'trestbps', 'restecg', 'thalach', 'exang', 'oldpeak', 'thal']"
6620,Naive Bayes,78.27067112,79.02180083,82.5,80.64422861,"['sex', 'cp', 'trestbps', 'restecg', 'thalach', 'exang', 'slope', 'ca']"
6621,Naive Bayes,79.21616611,80.77119883,82.38970588,81.31300478,"['sex', 'cp', 'trestbps', 'restecg', 'thalach', 'exang', 'slope', 'thal']"
6622,Naive Bayes,80.54022989,82.80828911,83.05147059,82.54512607,"['sex', 'cp', 'trestbps', 'restecg', 'thalach', 'exang', 'ca', 'thal']"
6623,Naive Bayes,80.20763812,79.13569519,87.31617647,82.87611467,"['sex', 'cp', 'trestbps', 'restecg', 'thalach', 'oldpeak', 'slope', 'ca']"
6624,Naive Bayes,81.252132,82.24972357,84.85294118,83.1762223,"['sex', 'cp', 'trestbps', 'restecg', 'thalach', 'oldpeak', 'slope', 'thal']"
6625,Naive Bayes,84.432703,84.00608752,89.04411765,86.26704015,"['sex', 'cp', 'trestbps', 'restecg', 'thalach', 'oldpeak', 'ca', 'thal']"
6626,Naive Bayes,82.12087505,82.79678363,85.99264706,83.9708641,"['sex', 'cp', 'trestbps', 'restecg', 'thalach', 'slope', 'ca', 'thal']"
6627,Naive Bayes,79.87356322,80.48344513,83.71323529,81.87023529,"['sex', 'cp', 'trestbps', 'restecg', 'exang', 'oldpeak', 'slope', 'ca']"
6628,Naive Bayes,81.18464961,81.81862745,84.85294118,82.95743193,"['sex', 'cp', 'trestbps', 'restecg', 'exang', 'oldpeak', 'slope', 'thal']"
6629,Naive Bayes,83.1638858,84.94852941,84.88970588,84.75813468,"['sex', 'cp', 'trestbps', 'restecg', 'exang', 'oldpeak', 'ca', 'thal']"
6630,Naive Bayes,81.49647757,83.16710281,84.19117647,83.37159903,"['sex', 'cp', 'trestbps', 'restecg', 'exang', 'slope', 'ca', 'thal']"
6631,Naive Bayes,84.45494994,84.57137943,88.45588235,86.29739224,"['sex', 'cp', 'trestbps', 'restecg', 'oldpeak', 'slope', 'ca', 'thal']"
6632,Naive Bayes,81.23989618,81.62053418,84.96323529,83.08225108,"['sex', 'cp', 'trestbps', 'thalach', 'exang', 'oldpeak', 'slope', 'ca']"
6633,Naive Bayes,81.51872451,82.54332381,84.22794118,83.15939952,"['sex', 'cp', 'trestbps', 'thalach', 'exang', 'oldpeak', 'slope', 'thal']"
6634,Naive Bayes,82.4979607,83.62835397,85.47794118,84.30421181,"['sex', 'cp', 'trestbps', 'thalach', 'exang', 'oldpeak', 'ca', 'thal']"
6635,Naive Bayes,80.85131628,82.4178338,83.63970588,82.74987239,"['sex', 'cp', 'trestbps', 'thalach', 'exang', 'slope', 'ca', 'thal']"
6636,Naive Bayes,82.7982944,82.72610448,87.24264706,84.68577759,"['sex', 'cp', 'trestbps', 'thalach', 'oldpeak', 'slope', 'ca', 'thal']"
6637,Naive Bayes,81.84130515,83.29337437,84.26470588,83.50431839,"['sex', 'cp', 'trestbps', 'exang', 'oldpeak', 'slope', 'ca', 'thal']"
6638,Naive Bayes,80.61624027,80.07967836,86.21323529,82.8049287,"['sex', 'cp', 'chol', 'fbs', 'restecg', 'thalach', 'exang', 'oldpeak']"
6639,Naive Bayes,75.67927327,76.23665782,81.28676471,78.47870729,"['sex', 'cp', 'chol', 'fbs', 'restecg', 'thalach', 'exang', 'slope']"
6640,Naive Bayes,78.63848721,79.05873753,83.71323529,81.14568981,"['sex', 'cp', 'chol', 'fbs', 'restecg', 'thalach', 'exang', 'ca']"
6641,Naive Bayes,77.90433815,79.06309892,81.76470588,80.09856916,"['sex', 'cp', 'chol', 'fbs', 'restecg', 'thalach', 'exang', 'thal']"
6642,Naive Bayes,77.58175751,76.97694658,84.88970588,80.49484173,"['sex', 'cp', 'chol', 'fbs', 'restecg', 'thalach', 'oldpeak', 'slope']"
6643,Naive Bayes,81.54245458,79.97987616,89.74264706,84.39355857,"['sex', 'cp', 'chol', 'fbs', 'restecg', 'thalach', 'oldpeak', 'ca']"
6644,Naive Bayes,82.19762699,83.61082712,84.81617647,83.83333223,"['sex', 'cp', 'chol', 'fbs', 'restecg', 'thalach', 'oldpeak', 'thal']"
6645,Naive Bayes,77.53874676,76.31625074,86.02941176,80.69540713,"['sex', 'cp', 'chol', 'fbs', 'restecg', 'thalach', 'slope', 'ca']"
6646,Naive Bayes,80.49647757,83.02748529,81.72794118,81.8669789,"['sex', 'cp', 'chol', 'fbs', 'restecg', 'thalach', 'slope', 'thal']"
6647,Naive Bayes,81.15164998,81.86443673,85.36764706,83.22028576,"['sex', 'cp', 'chol', 'fbs', 'restecg', 'thalach', 'ca', 'thal']"
6648,Naive Bayes,79.88283278,80.64712498,83.08823529,81.57794118,"['sex', 'cp', 'chol', 'fbs', 'restecg', 'exang', 'oldpeak', 'slope']"
6649,Naive Bayes,77.88283278,78.69757169,82.53676471,80.31462681,"['sex', 'cp', 'chol', 'fbs', 'restecg', 'exang', 'oldpeak', 'ca']"
6650,Naive Bayes,80.21690768,82.17521368,82.42647059,81.7724378,"['sex', 'cp', 'chol', 'fbs', 'restecg', 'exang', 'oldpeak', 'thal']"
6651,Naive Bayes,78.2499073,80.09536709,81.80147059,80.46055031,"['sex', 'cp', 'chol', 'fbs', 'restecg', 'exang', 'slope', 'ca']"
6652,Naive Bayes,78.90582128,81.38921167,80,80.19459573,"['sex', 'cp', 'chol', 'fbs', 'restecg', 'exang', 'slope', 'thal']"
6653,Naive Bayes,79.22840193,81.88419815,81.17647059,81.13956181,"['sex', 'cp', 'chol', 'fbs', 'restecg', 'exang', 'ca', 'thal']"
6654,Naive Bayes,79.17315536,78.59937276,85.99264706,81.93279545,"['sex', 'cp', 'chol', 'fbs', 'restecg', 'oldpeak', 'slope', 'ca']"
6655,Naive Bayes,79.85131628,82.61958204,80.58823529,81.26095086,"['sex', 'cp', 'chol', 'fbs', 'restecg', 'oldpeak', 'slope', 'thal']"
6656,Naive Bayes,81.84278828,83.12545135,84.81617647,83.64819935,"['sex', 'cp', 'chol', 'fbs', 'restecg', 'oldpeak', 'ca', 'thal']"
6657,Naive Bayes,79.12940304,82.4543384,79.88970588,80.57423662,"['sex', 'cp', 'chol', 'fbs', 'restecg', 'slope', 'ca', 'thal']"
6658,Naive Bayes,80.2836485,80.519158,84.375,82.13722239,"['sex', 'cp', 'chol', 'fbs', 'thalach', 'exang', 'oldpeak', 'slope']"
6659,Naive Bayes,80.21764924,81.08006536,83.75,82.22893067,"['sex', 'cp', 'chol', 'fbs', 'thalach', 'exang', 'oldpeak', 'ca']"
6660,Naive Bayes,81.20615499,82.75234655,83.08823529,82.80494016,"['sex', 'cp', 'chol', 'fbs', 'thalach', 'exang', 'oldpeak', 'thal']"
6661,Naive Bayes,79.93882091,79.98840238,84.96323529,82.25504235,"['sex', 'cp', 'chol', 'fbs', 'thalach', 'exang', 'slope', 'ca']"
6662,Naive Bayes,79.61624027,80.67140891,83.60294118,81.80263686,"['sex', 'cp', 'chol', 'fbs', 'thalach', 'exang', 'slope', 'thal']"
6663,Naive Bayes,78.89506859,81.12260667,81.17647059,80.83416472,"['sex', 'cp', 'chol', 'fbs', 'thalach', 'exang', 'ca', 'thal']"
6664,Naive Bayes,80.2183908,79.29166667,86.72794118,82.70092963,"['sex', 'cp', 'chol', 'fbs', 'thalach', 'oldpeak', 'slope', 'ca']"
6665,Naive Bayes,81.90804598,82.8173006,84.88970588,83.58568984,"['sex', 'cp', 'chol', 'fbs', 'thalach', 'oldpeak', 'slope', 'thal']"
6666,Naive Bayes,82.78754171,82.97704433,86.58088235,84.56322783,"['sex', 'cp', 'chol', 'fbs', 'thalach', 'oldpeak', 'ca', 'thal']"
6667,Naive Bayes,80.84204672,81.99058544,83.56617647,82.40173183,"['sex', 'cp', 'chol', 'fbs', 'thalach', 'slope', 'ca', 'thal']"
6668,Naive Bayes,80.55172414,81.78431373,83.08823529,82.28561024,"['sex', 'cp', 'chol', 'fbs', 'exang', 'oldpeak', 'slope', 'ca']"
6669,Naive Bayes,80.51724138,81.85633201,83.01470588,82.09020143,"['sex', 'cp', 'chol', 'fbs', 'exang', 'oldpeak', 'slope', 'thal']"
6670,Naive Bayes,81.81905821,82.36036169,85.44117647,83.72010016,"['sex', 'cp', 'chol', 'fbs', 'exang', 'oldpeak', 'ca', 'thal']"
6671,Naive Bayes,81.88579904,82.14353899,86.10294118,83.80704491,"['sex', 'cp', 'chol', 'fbs', 'exang', 'slope', 'ca', 'thal']"
6672,Naive Bayes,82.14238042,81.81811146,87.24264706,84.24702039,"['sex', 'cp', 'chol', 'fbs', 'oldpeak', 'slope', 'ca', 'thal']"
6673,Naive Bayes,80.63922877,81.04975674,84.44852941,82.45596724,"['sex', 'cp', 'chol', 'restecg', 'thalach', 'exang', 'oldpeak', 'slope']"
6674,Naive Bayes,80.56247683,80.84227726,84.96323529,82.68525866,"['sex', 'cp', 'chol', 'restecg', 'thalach', 'exang', 'oldpeak', 'ca']"
6675,Naive Bayes,80.89506859,81.61802791,84.88970588,82.97838926,"['sex', 'cp', 'chol', 'restecg', 'thalach', 'exang', 'oldpeak', 'thal']"
6676,Naive Bayes,79.29440119,80.3732063,83.125,81.51922559,"['sex', 'cp', 'chol', 'restecg', 'thalach', 'exang', 'slope', 'ca']"
6677,Naive Bayes,79.62699296,81.23910266,82.46323529,81.64208162,"['sex', 'cp', 'chol', 'restecg', 'thalach', 'exang', 'slope', 'thal']"
6678,Naive Bayes,79.90656285,82.1841491,82.46323529,81.96419067,"['sex', 'cp', 'chol', 'restecg', 'thalach', 'exang', 'ca', 'thal']"
6679,Naive Bayes,79.24063775,79.00607417,85.51470588,81.90541355,"['sex', 'cp', 'chol', 'restecg', 'thalach', 'oldpeak', 'slope', 'ca']"
6680,Naive Bayes,81.24137931,82.5673006,84.26470588,83.10218214,"['sex', 'cp', 'chol', 'restecg', 'thalach', 'oldpeak', 'slope', 'thal']"
6681,Naive Bayes,84.1323693,83.99447762,88.45588235,85.97663611,"['sex', 'cp', 'chol', 'restecg', 'thalach', 'oldpeak', 'ca', 'thal']"
6682,Naive Bayes,81.82054134,83.43325461,84.19117647,83.51915909,"['sex', 'cp', 'chol', 'restecg', 'thalach', 'slope', 'ca', 'thal']"
6683,Naive Bayes,79.56247683,80.16073271,83.08823529,81.47436482,"['sex', 'cp', 'chol', 'restecg', 'exang', 'oldpeak', 'slope', 'ca']"
6684,Naive Bayes,80.56173526,80.74918301,84.88970588,82.42296007,"['sex', 'cp', 'chol', 'restecg', 'exang', 'oldpeak', 'slope', 'thal']"
6685,Naive Bayes,82.15239155,83.66725023,84.26470588,83.79177277,"['sex', 'cp', 'chol', 'restecg', 'exang', 'oldpeak', 'ca', 'thal']"
6686,Naive Bayes,82.50871339,83.66885965,85.47794118,84.31597077,"['sex', 'cp', 'chol', 'restecg', 'exang', 'slope', 'ca', 'thal']"
6687,Naive Bayes,83.14238042,83.62336601,86.69117647,84.98792662,"['sex', 'cp', 'chol', 'restecg', 'oldpeak', 'slope', 'ca', 'thal']"
6688,Naive Bayes,81.89581016,82.24273306,85.58823529,83.73927401,"['sex', 'cp', 'chol', 'thalach', 'exang', 'oldpeak', 'slope', 'ca']"
6689,Naive Bayes,81.51872451,82.83666746,83.60294118,83.01498369,"['sex', 'cp', 'chol', 'thalach', 'exang', 'oldpeak', 'slope', 'thal']"
6690,Naive Bayes,82.1868743,82.87336601,85.47794118,84.01862382,"['sex', 'cp', 'chol', 'thalach', 'exang', 'oldpeak', 'ca', 'thal']"
6691,Naive Bayes,81.5524657,82.60301489,84.88970588,83.38799562,"['sex', 'cp', 'chol', 'thalach', 'exang', 'slope', 'ca', 'thal']"
6692,Naive Bayes,82.52020764,82.41405597,87.24264706,84.50097119,"['sex', 'cp', 'chol', 'thalach', 'oldpeak', 'slope', 'ca', 'thal']"
6693,Naive Bayes,81.18539118,82.22964888,84.26470588,82.97258297,"['sex', 'cp', 'chol', 'exang', 'oldpeak', 'slope', 'ca', 'thal']"
6694,Naive Bayes,80.62847608,81.10326533,84.41176471,82.41192203,"['sex', 'cp', 'fbs', 'restecg', 'thalach', 'exang', 'oldpeak', 'slope']"
6695,Naive Bayes,80.88505747,81.2997936,84.96323529,82.92055278,"['sex', 'cp', 'fbs', 'restecg', 'thalach', 'exang', 'oldpeak', 'ca']"
6696,Naive Bayes,82.18539118,83.07657624,85.47794118,84.0250746,"['sex', 'cp', 'fbs', 'restecg', 'thalach', 'exang', 'oldpeak', 'thal']"
6697,Naive Bayes,78.28290693,79.13872918,82.46323529,80.57302291,"['sex', 'cp', 'fbs', 'restecg', 'thalach', 'exang', 'slope', 'ca']"
6698,Naive Bayes,79.27215425,80.73619191,82.38970588,81.230415,"['sex', 'cp', 'fbs', 'restecg', 'thalach', 'exang', 'slope', 'thal']"
6699,Naive Bayes,79.22840193,80.97778383,82.42647059,81.35859033,"['sex', 'cp', 'fbs', 'restecg', 'thalach', 'exang', 'ca', 'thal']"
6700,Naive Bayes,79.55172414,78.93961676,86.10294118,82.20129929,"['sex', 'cp', 'fbs', 'restecg', 'thalach', 'oldpeak', 'slope', 'ca']"
6701,Naive Bayes,81.57471264,82.90676725,84.88970588,83.48763496,"['sex', 'cp', 'fbs', 'restecg', 'thalach', 'oldpeak', 'slope', 'thal']"
6702,Naive Bayes,83.77678902,83.52320139,88.41911765,85.70390884,"['sex', 'cp', 'fbs', 'restecg', 'thalach', 'oldpeak', 'ca', 'thal']"
6703,Naive Bayes,82.11012236,83.0217049,85.36764706,83.89238444,"['sex', 'cp', 'fbs', 'restecg', 'thalach', 'slope', 'ca', 'thal']"
6704,Naive Bayes,80.21913237,80.76133962,83.67647059,82.04991087,"['sex', 'cp', 'fbs', 'restecg', 'exang', 'oldpeak', 'slope', 'ca']"
6705,Naive Bayes,81.5294772,82.23453713,84.85294118,83.15568782,"['sex', 'cp', 'fbs', 'restecg', 'exang', 'oldpeak', 'slope', 'thal']"
6706,Naive Bayes,82.15239155,83.29796919,84.85294118,83.91744122,"['sex', 'cp', 'fbs', 'restecg', 'exang', 'oldpeak', 'ca', 'thal']"
6707,Naive Bayes,82.83129403,83.77412281,86.06617647,84.63128608,"['sex', 'cp', 'fbs', 'restecg', 'exang', 'slope', 'ca', 'thal']"
6708,Naive Bayes,83.15387468,82.94878741,87.86764706,85.18451537,"['sex', 'cp', 'fbs', 'restecg', 'oldpeak', 'slope', 'ca', 'thal']"
6709,Naive Bayes,81.56247683,82.1801747,84.96323529,83.36898396,"['sex', 'cp', 'fbs', 'thalach', 'exang', 'oldpeak', 'slope', 'ca']"
6710,Naive Bayes,81.51872451,82.83666746,83.60294118,83.01498369,"['sex', 'cp', 'fbs', 'thalach', 'exang', 'oldpeak', 'slope', 'thal']"
6711,Naive Bayes,82.8320356,83.51320089,86.06617647,84.62086472,"['sex', 'cp', 'fbs', 'thalach', 'exang', 'oldpeak', 'ca', 'thal']"
6712,Naive Bayes,82.1868743,83.21661998,85.44117647,83.99507481,"['sex', 'cp', 'fbs', 'thalach', 'exang', 'slope', 'ca', 'thal']"
6713,Naive Bayes,81.18613274,81.53414787,85.40441176,83.19969872,"['sex', 'cp', 'fbs', 'thalach', 'oldpeak', 'slope', 'ca', 'thal']"
6714,Naive Bayes,81.49721913,82.70492407,84.22794118,83.24879043,"['sex', 'cp', 'fbs', 'exang', 'oldpeak', 'slope', 'ca', 'thal']"
6715,Naive Bayes,81.22914349,82.06321564,84.33823529,83.0328495,"['sex', 'cp', 'restecg', 'thalach', 'exang', 'oldpeak', 'slope', 'ca']"
6716,Naive Bayes,81.87430478,82.91293184,84.26470588,83.45834668,"['sex', 'cp', 'restecg', 'thalach', 'exang', 'oldpeak', 'slope', 'thal']"
6717,Naive Bayes,82.52020764,82.94689542,86.10294118,84.35953291,"['sex', 'cp', 'restecg', 'thalach', 'exang', 'oldpeak', 'ca', 'thal']"
6718,Naive Bayes,81.22988506,82.71435943,84.26470588,83.07205262,"['sex', 'cp', 'restecg', 'thalach', 'exang', 'slope', 'ca', 'thal']"
6719,Naive Bayes,82.1868743,81.7983869,87.24264706,84.26108966,"['sex', 'cp', 'restecg', 'thalach', 'oldpeak', 'slope', 'ca', 'thal']"
6720,Naive Bayes,80.51872451,81.72964888,83.63970588,82.41702742,"['sex', 'cp', 'restecg', 'exang', 'oldpeak', 'slope', 'ca', 'thal']"
6721,Naive Bayes,81.17463849,82.2717824,84.26470588,83.04289849,"['sex', 'cp', 'thalach', 'exang', 'oldpeak', 'slope', 'ca', 'thal']"
6722,Naive Bayes,77.54801631,77.27833677,83.125,79.92783932,"['sex', 'trestbps', 'chol', 'fbs', 'restecg', 'thalach', 'exang', 'oldpeak']"
6723,Naive Bayes,76.60326288,77.43426676,80.58823529,78.70296518,"['sex', 'trestbps', 'chol', 'fbs', 'restecg', 'thalach', 'exang', 'slope']"
6724,Naive Bayes,76.60326288,77.79459064,80.66176471,79.02539867,"['sex', 'trestbps', 'chol', 'fbs', 'restecg', 'thalach', 'exang', 'ca']"
6725,Naive Bayes,75.27994067,78.34950288,76.91176471,77.09718281,"['sex', 'trestbps', 'chol', 'fbs', 'restecg', 'thalach', 'exang', 'thal']"
6726,Naive Bayes,75.99258435,75.55142198,83.125,78.79366226,"['sex', 'trestbps', 'chol', 'fbs', 'restecg', 'thalach', 'oldpeak', 'slope']"
6727,Naive Bayes,77.24842418,77.18290825,83.19852941,79.82400563,"['sex', 'trestbps', 'chol', 'fbs', 'restecg', 'thalach', 'oldpeak', 'ca']"
6728,Naive Bayes,76.93733778,79.02651708,78.78676471,78.61297497,"['sex', 'trestbps', 'chol', 'fbs', 'restecg', 'thalach', 'oldpeak', 'thal']"
6729,Naive Bayes,77.83982202,77.03405573,84.85294118,80.61836856,"['sex', 'trestbps', 'chol', 'fbs', 'restecg', 'thalach', 'slope', 'ca']"
6730,Naive Bayes,75.61475714,78.30521067,76.875,77.02916179,"['sex', 'trestbps', 'chol', 'fbs', 'restecg', 'thalach', 'slope', 'thal']"
6731,Naive Bayes,77.10493141,80.71890064,77.5,78.64945071,"['sex', 'trestbps', 'chol', 'fbs', 'restecg', 'thalach', 'ca', 'thal']"
6732,Naive Bayes,76.57026326,78.79074142,78.82352941,78.30211027,"['sex', 'trestbps', 'chol', 'fbs', 'restecg', 'exang', 'oldpeak', 'slope']"
6733,Naive Bayes,75.51427512,77.4265443,78.78676471,77.8987902,"['sex', 'trestbps', 'chol', 'fbs', 'restecg', 'exang', 'oldpeak', 'ca']"
6734,Naive Bayes,78.19466073,79.91703733,81.17647059,80.07225617,"['sex', 'trestbps', 'chol', 'fbs', 'restecg', 'exang', 'oldpeak', 'thal']"
6735,Naive Bayes,74.25917686,76.12302816,77.53676471,76.60011081,"['sex', 'trestbps', 'chol', 'fbs', 'restecg', 'exang', 'slope', 'ca']"
6736,Naive Bayes,75.61401557,78.25572982,78.16176471,77.58930948,"['sex', 'trestbps', 'chol', 'fbs', 'restecg', 'exang', 'slope', 'thal']"
6737,Naive Bayes,76.2269188,80.53641624,75.77205882,77.57256707,"['sex', 'trestbps', 'chol', 'fbs', 'restecg', 'exang', 'ca', 'thal']"
6738,Naive Bayes,75.25991843,75.24093829,82.5,78.45374234,"['sex', 'trestbps', 'chol', 'fbs', 'restecg', 'oldpeak', 'slope', 'ca']"
6739,Naive Bayes,77.24916574,77.89066416,81.80147059,79.42785389,"['sex', 'trestbps', 'chol', 'fbs', 'restecg', 'oldpeak', 'slope', 'thal']"
6740,Naive Bayes,77.52799407,79.57703081,79.41176471,79.25227882,"['sex', 'trestbps', 'chol', 'fbs', 'restecg', 'oldpeak', 'ca', 'thal']"
6741,Naive Bayes,75.83759733,79.09381485,77.57352941,77.73507757,"['sex', 'trestbps', 'chol', 'fbs', 'restecg', 'slope', 'ca', 'thal']"
6742,Naive Bayes,78.54949944,79.39705882,81.875,80.45099682,"['sex', 'trestbps', 'chol', 'fbs', 'thalach', 'exang', 'oldpeak', 'slope']"
6743,Naive Bayes,77.504264,78.01771586,82.46323529,80.06926407,"['sex', 'trestbps', 'chol', 'fbs', 'thalach', 'exang', 'oldpeak', 'ca']"
6744,Naive Bayes,79.49499444,81.30205415,81.83823529,81.26655213,"['sex', 'trestbps', 'chol', 'fbs', 'thalach', 'exang', 'oldpeak', 'thal']"
6745,Naive Bayes,76.61624027,77.57168043,80.625,78.98688669,"['sex', 'trestbps', 'chol', 'fbs', 'thalach', 'exang', 'slope', 'ca']"
6746,Naive Bayes,77.22617723,80.01144122,78.125,78.75459175,"['sex', 'trestbps', 'chol', 'fbs', 'thalach', 'exang', 'slope', 'thal']"
6747,Naive Bayes,79.51798294,81.88065611,80.55147059,81.05315614,"['sex', 'trestbps', 'chol', 'fbs', 'thalach', 'exang', 'ca', 'thal']"
6748,Naive Bayes,76.92732666,76.41361369,83.67647059,79.76293511,"['sex', 'trestbps', 'chol', 'fbs', 'thalach', 'oldpeak', 'slope', 'ca']"
6749,Naive Bayes,78.2499073,79.74335962,80.58823529,79.90429093,"['sex', 'trestbps', 'chol', 'fbs', 'thalach', 'oldpeak', 'slope', 'thal']"
6750,Naive Bayes,79.54022989,80.5621775,82.46323529,81.3151661,"['sex', 'trestbps', 'chol', 'fbs', 'thalach', 'oldpeak', 'ca', 'thal']"
6751,Naive Bayes,79.12940304,81.10604944,81.10294118,80.55970737,"['sex', 'trestbps', 'chol', 'fbs', 'thalach', 'slope', 'ca', 'thal']"
6752,Naive Bayes,73.86837227,75.9273613,76.94852941,76.23959232,"['sex', 'trestbps', 'chol', 'fbs', 'exang', 'oldpeak', 'slope', 'ca']"
6753,Naive Bayes,78.20393029,81.88715614,77.61029412,79.07663508,"['sex', 'trestbps', 'chol', 'fbs', 'exang', 'oldpeak', 'slope', 'thal']"
6754,Naive Bayes,77.20541342,79.46650327,78.78676471,78.95799072,"['sex', 'trestbps', 'chol', 'fbs', 'exang', 'oldpeak', 'ca', 'thal']"
6755,Naive Bayes,77.88357434,82.78384335,76.28676471,78.80297018,"['sex', 'trestbps', 'chol', 'fbs', 'exang', 'slope', 'ca', 'thal']"
6756,Naive Bayes,76.89358547,79.1162791,78.75,78.58007817,"['sex', 'trestbps', 'chol', 'fbs', 'oldpeak', 'slope', 'ca', 'thal']"
6757,Naive Bayes,78.60474601,79.87524571,81.28676471,80.42674577,"['sex', 'trestbps', 'chol', 'restecg', 'thalach', 'exang', 'oldpeak', 'slope']"
6758,Naive Bayes,77.52651094,78.26367389,81.875,79.93481029,"['sex', 'trestbps', 'chol', 'restecg', 'thalach', 'exang', 'oldpeak', 'ca']"
6759,Naive Bayes,80.52873563,81.85247432,83.08823529,82.23181531,"['sex', 'trestbps', 'chol', 'restecg', 'thalach', 'exang', 'oldpeak', 'thal']"
6760,Naive Bayes,76.6154987,77.67892157,80.03676471,78.75303318,"['sex', 'trestbps', 'chol', 'restecg', 'thalach', 'exang', 'slope', 'ca']"
6761,Naive Bayes,75.26918799,77.98721162,76.94852941,76.9795744,"['sex', 'trestbps', 'chol', 'restecg', 'thalach', 'exang', 'slope', 'thal']"
6762,Naive Bayes,79.55098257,81.47089538,81.21323529,81.19674962,"['sex', 'trestbps', 'chol', 'restecg', 'thalach', 'exang', 'ca', 'thal']"
6763,Naive Bayes,76.29291806,76.49767802,81.91176471,78.97366637,"['sex', 'trestbps', 'chol', 'restecg', 'thalach', 'oldpeak', 'slope', 'ca']"
6764,Naive Bayes,76.30367075,77.82379828,79.44852941,78.26408529,"['sex', 'trestbps', 'chol', 'restecg', 'thalach', 'oldpeak', 'slope', 'thal']"
6765,Naive Bayes,78.89581016,79.59490024,82.46323529,80.8311346,"['sex', 'trestbps', 'chol', 'restecg', 'thalach', 'oldpeak', 'ca', 'thal']"
6766,Naive Bayes,77.81683352,80.01944813,79.92647059,79.40106209,"['sex', 'trestbps', 'chol', 'restecg', 'thalach', 'slope', 'ca', 'thal']"
6767,Naive Bayes,76.23767149,78.96488015,78.19852941,78.27048959,"['sex', 'trestbps', 'chol', 'restecg', 'exang', 'oldpeak', 'slope', 'ca']"
6768,Naive Bayes,78.54949944,82.42104696,77.61029412,79.36080634,"['sex', 'trestbps', 'chol', 'restecg', 'exang', 'oldpeak', 'slope', 'thal']"
6769,Naive Bayes,76.8613274,79.5280112,78.16176471,78.63070853,"['sex', 'trestbps', 'chol', 'restecg', 'exang', 'oldpeak', 'ca', 'thal']"
6770,Naive Bayes,77.53874676,82.44084643,75.73529412,78.44159703,"['sex', 'trestbps', 'chol', 'restecg', 'exang', 'slope', 'ca', 'thal']"
6771,Naive Bayes,77.57248795,79.7287662,79.375,79.16653093,"['sex', 'trestbps', 'chol', 'restecg', 'oldpeak', 'slope', 'ca', 'thal']"
6772,Naive Bayes,77.89358547,78.82817337,81.875,80.19962159,"['sex', 'trestbps', 'chol', 'thalach', 'exang', 'oldpeak', 'slope', 'ca']"
6773,Naive Bayes,80.87430478,82.52890191,82.46323529,82.33222028,"['sex', 'trestbps', 'chol', 'thalach', 'exang', 'oldpeak', 'slope', 'thal']"
6774,Naive Bayes,80.17463849,82.24815101,81.83823529,81.90534821,"['sex', 'trestbps', 'chol', 'thalach', 'exang', 'oldpeak', 'ca', 'thal']"
6775,Naive Bayes,78.55172414,82.36344538,77.53676471,79.6056468,"['sex', 'trestbps', 'chol', 'thalach', 'exang', 'slope', 'ca', 'thal']"
6776,Naive Bayes,78.20689655,79.33692073,81.17647059,80.01073626,"['sex', 'trestbps', 'chol', 'thalach', 'oldpeak', 'slope', 'ca', 'thal']"
6777,Naive Bayes,80.20763812,83.4747455,80.03676471,81.45981193,"['sex', 'trestbps', 'chol', 'exang', 'oldpeak', 'slope', 'ca', 'thal']"
6778,Naive Bayes,78.92732666,79.63487764,82.5,80.84515253,"['sex', 'trestbps', 'fbs', 'restecg', 'thalach', 'exang', 'oldpeak', 'slope']"
6779,Naive Bayes,77.84909158,78.42707258,82.46323529,80.30455819,"['sex', 'trestbps', 'fbs', 'restecg', 'thalach', 'exang', 'oldpeak', 'ca']"
6780,Naive Bayes,79.51724138,81.05545113,82.46323529,81.39947803,"['sex', 'trestbps', 'fbs', 'restecg', 'thalach', 'exang', 'oldpeak', 'thal']"
6781,Naive Bayes,76.59399333,77.51449088,80.625,78.95702929,"['sex', 'trestbps', 'fbs', 'restecg', 'thalach', 'exang', 'slope', 'ca']"
6782,Naive Bayes,76.8928439,79.85157842,77.53676471,78.32304353,"['sex', 'trestbps', 'fbs', 'restecg', 'thalach', 'exang', 'slope', 'thal']"
6783,Naive Bayes,79.5294772,81.56443664,81.13970588,81.19516685,"['sex', 'trestbps', 'fbs', 'restecg', 'thalach', 'exang', 'ca', 'thal']"
6784,Naive Bayes,76.29291806,76.22248022,82.5,79.10531903,"['sex', 'trestbps', 'fbs', 'restecg', 'thalach', 'oldpeak', 'slope', 'ca']"
6785,Naive Bayes,76.95958472,78.82006345,79.44852941,78.7406372,"['sex', 'trestbps', 'fbs', 'restecg', 'thalach', 'oldpeak', 'slope', 'thal']"
6786,Naive Bayes,79.20689655,79.78619342,83.05147059,81.19692726,"['sex', 'trestbps', 'fbs', 'restecg', 'thalach', 'oldpeak', 'ca', 'thal']"
6787,Naive Bayes,78.4727475,80.73093272,80.51470588,80.16837592,"['sex', 'trestbps', 'fbs', 'restecg', 'thalach', 'slope', 'ca', 'thal']"
6788,Naive Bayes,75.53652206,77.74270093,78.82352941,77.97206382,"['sex', 'trestbps', 'fbs', 'restecg', 'exang', 'oldpeak', 'slope', 'ca']"
6789,Naive Bayes,78.8613274,83.01854887,78.19852941,79.84547556,"['sex', 'trestbps', 'fbs', 'restecg', 'exang', 'oldpeak', 'slope', 'thal']"
6790,Naive Bayes,77.19466073,79.53046218,78.78676471,78.95290907,"['sex', 'trestbps', 'fbs', 'restecg', 'exang', 'oldpeak', 'ca', 'thal']"
6791,Naive Bayes,77.20541342,82.0286059,75.69852941,78.22594917,"['sex', 'trestbps', 'fbs', 'restecg', 'exang', 'slope', 'ca', 'thal']"
6792,Naive Bayes,77.23915462,79.20725929,79.375,78.99604318,"['sex', 'trestbps', 'fbs', 'restecg', 'oldpeak', 'slope', 'ca', 'thal']"
6793,Naive Bayes,77.87208009,78.39843481,82.42647059,80.26288912,"['sex', 'trestbps', 'fbs', 'thalach', 'exang', 'oldpeak', 'slope', 'ca']"
6794,Naive Bayes,79.55172414,81.59587553,81.21323529,81.12423423,"['sex', 'trestbps', 'fbs', 'thalach', 'exang', 'oldpeak', 'slope', 'thal']"
6795,Naive Bayes,80.1638858,82.27020984,81.80147059,81.89661524,"['sex', 'trestbps', 'fbs', 'thalach', 'exang', 'oldpeak', 'ca', 'thal']"
6796,Naive Bayes,79.54171301,82.54600302,79.33823529,80.65262173,"['sex', 'trestbps', 'fbs', 'thalach', 'exang', 'slope', 'ca', 'thal']"
6797,Naive Bayes,79.2183908,80.14924566,82.42647059,81.01608385,"['sex', 'trestbps', 'fbs', 'thalach', 'oldpeak', 'slope', 'ca', 'thal']"
6798,Naive Bayes,79.86355209,82.55189302,80.55147059,81.26083335,"['sex', 'trestbps', 'fbs', 'exang', 'oldpeak', 'slope', 'ca', 'thal']"
6799,Naive Bayes,76.90433815,77.81844317,81.25,79.32074951,"['sex', 'trestbps', 'restecg', 'thalach', 'exang', 'oldpeak', 'slope', 'ca']"
6800,Naive Bayes,80.51872451,81.89933024,83.05147059,82.14571023,"['sex', 'trestbps', 'restecg', 'thalach', 'exang', 'oldpeak', 'slope', 'thal']"
6801,Naive Bayes,79.20689655,81.14030788,81.25,81.06644447,"['sex', 'trestbps', 'restecg', 'thalach', 'exang', 'oldpeak', 'ca', 'thal']"
6802,Naive Bayes,80.21913237,82.99865331,80.58823529,81.5644479,"['sex', 'trestbps', 'restecg', 'thalach', 'exang', 'slope', 'ca', 'thal']"
6803,Naive Bayes,78.21764924,79.7190341,80.58823529,79.91464934,"['sex', 'trestbps', 'restecg', 'thalach', 'oldpeak', 'slope', 'ca', 'thal']"
6804,Naive Bayes,79.84130515,81.94866455,81.21323529,81.40152439,"['sex', 'trestbps', 'restecg', 'exang', 'oldpeak', 'slope', 'ca', 'thal']"
6805,Naive Bayes,81.1638858,82.83286648,83.01470588,82.75291886,"['sex', 'trestbps', 'thalach', 'exang', 'oldpeak', 'slope', 'ca', 'thal']"
6806,Naive Bayes,77.92658509,78.75799038,81.91176471,80.03465114,"['sex', 'chol', 'fbs', 'restecg', 'thalach', 'exang', 'oldpeak', 'slope']"
6807,Naive Bayes,77.5272525,77.9123667,82.46323529,80.04176216,"['sex', 'chol', 'fbs', 'restecg', 'thalach', 'exang', 'oldpeak', 'ca']"
6808,Naive Bayes,80.1954023,80.6232493,84.30147059,82.21534748,"['sex', 'chol', 'fbs', 'restecg', 'thalach', 'exang', 'oldpeak', 'thal']"
6809,Naive Bayes,76.90507972,77.66150671,81.21323529,79.27964382,"['sex', 'chol', 'fbs', 'restecg', 'thalach', 'exang', 'slope', 'ca']"
6810,Naive Bayes,77.25991843,79.66315629,78.75,78.8776612,"['sex', 'chol', 'fbs', 'restecg', 'thalach', 'exang', 'slope', 'thal']"
6811,Naive Bayes,78.21690768,79.23374613,81.21323529,80.10947712,"['sex', 'chol', 'fbs', 'restecg', 'thalach', 'exang', 'ca', 'thal']"
6812,Naive Bayes,76.59325176,76.4838204,83.125,79.48612116,"['sex', 'chol', 'fbs', 'restecg', 'thalach', 'oldpeak', 'slope', 'ca']"
6813,Naive Bayes,77.60474601,79.52803578,80.03676471,79.45772718,"['sex', 'chol', 'fbs', 'restecg', 'thalach', 'oldpeak', 'slope', 'thal']"
6814,Naive Bayes,78.89506859,79.45286009,83.125,80.99637003,"['sex', 'chol', 'fbs', 'restecg', 'thalach', 'oldpeak', 'ca', 'thal']"
6815,Naive Bayes,79.18464961,80.77744323,81.76470588,80.83640821,"['sex', 'chol', 'fbs', 'restecg', 'thalach', 'slope', 'ca', 'thal']"
6816,Naive Bayes,75.8928439,77.4583872,79.41176471,78.1723121,"['sex', 'chol', 'fbs', 'restecg', 'exang', 'oldpeak', 'slope', 'ca']"
6817,Naive Bayes,78.53874676,81.76854887,78.82352941,79.64989208,"['sex', 'chol', 'fbs', 'restecg', 'exang', 'oldpeak', 'slope', 'thal']"
6818,Naive Bayes,78.17241379,80.23039216,80,79.95280639,"['sex', 'chol', 'fbs', 'restecg', 'exang', 'oldpeak', 'ca', 'thal']"
6819,Naive Bayes,77.85057471,82.4623323,76.28676471,78.72937679,"['sex', 'chol', 'fbs', 'restecg', 'exang', 'slope', 'ca', 'thal']"
6820,Naive Bayes,78.20615499,80.52415073,80,79.72257236,"['sex', 'chol', 'fbs', 'restecg', 'oldpeak', 'slope', 'ca', 'thal']"
6821,Naive Bayes,77.5609937,78.31680918,81.83823529,79.87658094,"['sex', 'chol', 'fbs', 'thalach', 'exang', 'oldpeak', 'slope', 'ca']"
6822,Naive Bayes,79.18464961,80.96574014,81.21323529,80.79437868,"['sex', 'chol', 'fbs', 'thalach', 'exang', 'oldpeak', 'slope', 'thal']"
6823,Naive Bayes,80.18539118,81.71547128,82.46323529,81.94058503,"['sex', 'chol', 'fbs', 'thalach', 'exang', 'oldpeak', 'ca', 'thal']"
6824,Naive Bayes,77.55098257,80.70206861,77.53676471,78.81329027,"['sex', 'chol', 'fbs', 'thalach', 'exang', 'slope', 'ca', 'thal']"
6825,Naive Bayes,77.24916574,79.23543261,79.44852941,78.79857398,"['sex', 'chol', 'fbs', 'thalach', 'oldpeak', 'slope', 'ca', 'thal']"
6826,Naive Bayes,79.86281053,82.6641174,80.625,81.30779467,"['sex', 'chol', 'fbs', 'exang', 'oldpeak', 'slope', 'ca', 'thal']"
6827,Naive Bayes,76.91583241,78.09708094,80.66176471,79.18869366,"['sex', 'chol', 'restecg', 'thalach', 'exang', 'oldpeak', 'slope', 'ca']"
6828,Naive Bayes,80.17389692,82.01709402,81.83823529,81.63664829,"['sex', 'chol', 'restecg', 'thalach', 'exang', 'oldpeak', 'slope', 'thal']"
6829,Naive Bayes,80.18539118,81.77184383,82.46323529,81.98180607,"['sex', 'chol', 'restecg', 'thalach', 'exang', 'oldpeak', 'ca', 'thal']"
6830,Naive Bayes,79.89655172,82.78541801,80,81.17372343,"['sex', 'chol', 'restecg', 'thalach', 'exang', 'slope', 'ca', 'thal']"
6831,Naive Bayes,78.88505747,80.90991903,80.58823529,80.39355491,"['sex', 'chol', 'restecg', 'thalach', 'oldpeak', 'slope', 'ca', 'thal']"
6832,Naive Bayes,79.50723026,82.38447221,79.96323529,80.99469759,"['sex', 'chol', 'restecg', 'exang', 'oldpeak', 'slope', 'ca', 'thal']"
6833,Naive Bayes,79.85131628,81.32306256,82.46323529,81.71137849,"['sex', 'chol', 'thalach', 'exang', 'oldpeak', 'slope', 'ca', 'thal']"
6834,Naive Bayes,77.54949944,78.11238125,82.42647059,80.00009366,"['sex', 'fbs', 'restecg', 'thalach', 'exang', 'oldpeak', 'slope', 'ca']"
6835,Naive Bayes,80.48572488,81.78250018,83.01470588,82.09955437,"['sex', 'fbs', 'restecg', 'thalach', 'exang', 'oldpeak', 'slope', 'thal']"
6836,Naive Bayes,80.50797182,81.91890265,83.05147059,82.35613762,"['sex', 'fbs', 'restecg', 'thalach', 'exang', 'oldpeak', 'ca', 'thal']"
6837,Naive Bayes,79.54097145,82.17191877,79.96323529,80.78425006,"['sex', 'fbs', 'restecg', 'thalach', 'exang', 'slope', 'ca', 'thal']"
6838,Naive Bayes,78.89506859,80.53298404,81.21323529,80.52529416,"['sex', 'fbs', 'restecg', 'thalach', 'oldpeak', 'slope', 'ca', 'thal']"
6839,Naive Bayes,79.80756396,82.10593131,81.13970588,81.43195531,"['sex', 'fbs', 'restecg', 'exang', 'oldpeak', 'slope', 'ca', 'thal']"
6840,Naive Bayes,80.15239155,82.12145418,81.80147059,81.76834339,"['sex', 'fbs', 'thalach', 'exang', 'oldpeak', 'slope', 'ca', 'thal']"
6841,Naive Bayes,80.16314423,81.8800371,82.42647059,81.99929972,"['sex', 'restecg', 'thalach', 'exang', 'oldpeak', 'slope', 'ca', 'thal']"
6842,Naive Bayes,78.29217649,78.03104575,83.82352941,80.65734136,"['cp', 'trestbps', 'chol', 'fbs', 'restecg', 'thalach', 'exang', 'oldpeak']"
6843,Naive Bayes,75.63477938,76.13958917,80.69852941,78.23000057,"['cp', 'trestbps', 'chol', 'fbs', 'restecg', 'thalach', 'exang', 'slope']"
6844,Naive Bayes,78.58249907,80.3513379,81.28676471,80.58938052,"['cp', 'trestbps', 'chol', 'fbs', 'restecg', 'thalach', 'exang', 'ca']"
6845,Naive Bayes,78.24842418,79.72932567,81.83823529,80.3776375,"['cp', 'trestbps', 'chol', 'fbs', 'restecg', 'thalach', 'exang', 'thal']"
6846,Naive Bayes,77.31368187,76.63577449,84.375,80.12895564,"['cp', 'trestbps', 'chol', 'fbs', 'restecg', 'thalach', 'oldpeak', 'slope']"
6847,Naive Bayes,79.87356322,79.68793977,85.51470588,82.32349702,"['cp', 'trestbps', 'chol', 'fbs', 'restecg', 'thalach', 'oldpeak', 'ca']"
6848,Naive Bayes,81.57322951,82.19733045,86.10294118,83.68717931,"['cp', 'trestbps', 'chol', 'fbs', 'restecg', 'thalach', 'oldpeak', 'thal']"
6849,Naive Bayes,75.60326288,77.08673031,80,78.29752429,"['cp', 'trestbps', 'chol', 'fbs', 'restecg', 'thalach', 'slope', 'ca']"
6850,Naive Bayes,78.54949944,82.02897185,78.71323529,80.0899377,"['cp', 'trestbps', 'chol', 'fbs', 'restecg', 'thalach', 'slope', 'thal']"
6851,Naive Bayes,80.83055247,82.37648656,84.11764706,82.86093074,"['cp', 'trestbps', 'chol', 'fbs', 'restecg', 'thalach', 'ca', 'thal']"
6852,Naive Bayes,76.62550983,77.50609031,81.32352941,79.00941758,"['cp', 'trestbps', 'chol', 'fbs', 'restecg', 'exang', 'oldpeak', 'slope']"
6853,Naive Bayes,79.57248795,80.51612487,83.16176471,81.60611366,"['cp', 'trestbps', 'chol', 'fbs', 'restecg', 'exang', 'oldpeak', 'ca']"
6854,Naive Bayes,80.55024101,82.17460317,83.05147059,82.2784282,"['cp', 'trestbps', 'chol', 'fbs', 'restecg', 'exang', 'oldpeak', 'thal']"
6855,Naive Bayes,76.58175751,77.59139884,81.875,79.33404508,"['cp', 'trestbps', 'chol', 'fbs', 'restecg', 'exang', 'slope', 'ca']"
6856,Naive Bayes,77.8928439,79.2438093,81.76470588,80.00761475,"['cp', 'trestbps', 'chol', 'fbs', 'restecg', 'exang', 'slope', 'thal']"
6857,Naive Bayes,80.23915462,83.15534547,81.25,81.8021699,"['cp', 'trestbps', 'chol', 'fbs', 'restecg', 'exang', 'ca', 'thal']"
6858,Naive Bayes,77.21616611,76.6970987,84.30147059,80.11747645,"['cp', 'trestbps', 'chol', 'fbs', 'restecg', 'oldpeak', 'slope', 'ca']"
6859,Naive Bayes,80.25064887,82.10389456,83.05147059,82.01219893,"['cp', 'trestbps', 'chol', 'fbs', 'restecg', 'oldpeak', 'slope', 'thal']"
6860,Naive Bayes,81.50871339,81.71629949,86.65441176,83.87064517,"['cp', 'trestbps', 'chol', 'fbs', 'restecg', 'oldpeak', 'ca', 'thal']"
6861,Naive Bayes,80.48498331,83.22806296,82.97794118,82.52571971,"['cp', 'trestbps', 'chol', 'fbs', 'restecg', 'slope', 'ca', 'thal']"
6862,Naive Bayes,78.94883204,78.77516708,84.41176471,81.2375551,"['cp', 'trestbps', 'chol', 'fbs', 'thalach', 'exang', 'oldpeak', 'slope']"
6863,Naive Bayes,78.62699296,78.88652391,83.16176471,80.868411,"['cp', 'trestbps', 'chol', 'fbs', 'thalach', 'exang', 'oldpeak', 'ca']"
6864,Naive Bayes,80.28290693,80.66447368,84.375,82.30552344,"['cp', 'trestbps', 'chol', 'fbs', 'thalach', 'exang', 'oldpeak', 'thal']"
6865,Naive Bayes,77.2814238,77.93134183,81.91176471,79.67628034,"['cp', 'trestbps', 'chol', 'fbs', 'thalach', 'exang', 'slope', 'ca']"
6866,Naive Bayes,77.21468298,78.75417711,80.58823529,79.43635945,"['cp', 'trestbps', 'chol', 'fbs', 'thalach', 'exang', 'slope', 'thal']"
6867,Naive Bayes,80.22914349,81.9177908,82.46323529,81.97837865,"['cp', 'trestbps', 'chol', 'fbs', 'thalach', 'exang', 'ca', 'thal']"
6868,Naive Bayes,78.23841305,77.70712934,84.88970588,80.99706324,"['cp', 'trestbps', 'chol', 'fbs', 'thalach', 'oldpeak', 'slope', 'ca']"
6869,Naive Bayes,80.5609937,80.57262642,85.47794118,82.78400636,"['cp', 'trestbps', 'chol', 'fbs', 'thalach', 'oldpeak', 'slope', 'thal']"
6870,Naive Bayes,82.20912125,82.35130719,86.10294118,84.07361429,"['cp', 'trestbps', 'chol', 'fbs', 'thalach', 'oldpeak', 'ca', 'thal']"
6871,Naive Bayes,79.82906934,80.66212713,84.15441176,82.08377003,"['cp', 'trestbps', 'chol', 'fbs', 'thalach', 'slope', 'ca', 'thal']"
6872,Naive Bayes,78.26065999,78.64882181,83.125,80.62324862,"['cp', 'trestbps', 'chol', 'fbs', 'exang', 'oldpeak', 'slope', 'ca']"
6873,Naive Bayes,81.21764924,81.78427687,84.92647059,83.03673259,"['cp', 'trestbps', 'chol', 'fbs', 'exang', 'oldpeak', 'slope', 'thal']"
6874,Naive Bayes,79.89506859,80.77205882,83.75,81.96714365,"['cp', 'trestbps', 'chol', 'fbs', 'exang', 'oldpeak', 'ca', 'thal']"
6875,Naive Bayes,79.90656285,81.62698413,82.46323529,81.75462581,"['cp', 'trestbps', 'chol', 'fbs', 'exang', 'slope', 'ca', 'thal']"
6876,Naive Bayes,82.48720801,82.22840245,87.86764706,84.71597493,"['cp', 'trestbps', 'chol', 'fbs', 'oldpeak', 'slope', 'ca', 'thal']"
6877,Naive Bayes,78.31442343,78.50809008,83.23529412,80.55101549,"['cp', 'trestbps', 'chol', 'restecg', 'thalach', 'exang', 'oldpeak', 'slope']"
6878,Naive Bayes,78.30367075,79.12753698,81.98529412,80.40676725,"['cp', 'trestbps', 'chol', 'restecg', 'thalach', 'exang', 'oldpeak', 'ca']"
6879,Naive Bayes,80.60548758,81.04502064,84.41176471,82.5389186,"['cp', 'trestbps', 'chol', 'restecg', 'thalach', 'exang', 'oldpeak', 'thal']"
6880,Naive Bayes,76.97033741,77.76699715,81.32352941,79.349344,"['cp', 'trestbps', 'chol', 'restecg', 'thalach', 'exang', 'slope', 'ca']"
6881,Naive Bayes,78.21542455,79.34920635,81.80147059,80.3480804,"['cp', 'trestbps', 'chol', 'restecg', 'thalach', 'exang', 'slope', 'thal']"
6882,Naive Bayes,79.91731554,81.89188044,81.91176471,81.6642061,"['cp', 'trestbps', 'chol', 'restecg', 'thalach', 'exang', 'ca', 'thal']"
6883,Naive Bayes,78.58324064,77.66328786,86.13970588,81.42597397,"['cp', 'trestbps', 'chol', 'restecg', 'thalach', 'oldpeak', 'slope', 'ca']"
6884,Naive Bayes,81.22840193,81.19949495,86.06617647,83.2922103,"['cp', 'trestbps', 'chol', 'restecg', 'thalach', 'oldpeak', 'slope', 'thal']"
6885,Naive Bayes,82.19762699,82.6354612,86.13970588,84.13160206,"['cp', 'trestbps', 'chol', 'restecg', 'thalach', 'oldpeak', 'ca', 'thal']"
6886,Naive Bayes,79.495736,81.41370583,82.38970588,81.62342021,"['cp', 'trestbps', 'chol', 'restecg', 'thalach', 'slope', 'ca', 'thal']"
6887,Naive Bayes,78.26065999,78.9756192,82.53676471,80.50560156,"['cp', 'trestbps', 'chol', 'restecg', 'exang', 'oldpeak', 'slope', 'ca']"
6888,Naive Bayes,81.54022989,81.91499582,85.51470588,83.38967376,"['cp', 'trestbps', 'chol', 'restecg', 'exang', 'oldpeak', 'slope', 'thal']"
6889,Naive Bayes,79.5839822,80.54398865,83.125,81.60206429,"['cp', 'trestbps', 'chol', 'restecg', 'exang', 'oldpeak', 'ca', 'thal']"
6890,Naive Bayes,79.56173526,81.26984127,82.46323529,81.52940058,"['cp', 'trestbps', 'chol', 'restecg', 'exang', 'slope', 'ca', 'thal']"
6891,Naive Bayes,81.84204672,81.05507083,88.45588235,84.35304745,"['cp', 'trestbps', 'chol', 'restecg', 'oldpeak', 'slope', 'ca', 'thal']"
6892,Naive Bayes,79.60474601,80.04256966,83.78676471,81.71496449,"['cp', 'trestbps', 'chol', 'thalach', 'exang', 'oldpeak', 'slope', 'ca']"
6893,Naive Bayes,79.58249907,80.49553418,83.125,81.56115854,"['cp', 'trestbps', 'chol', 'thalach', 'exang', 'oldpeak', 'slope', 'thal']"
6894,Naive Bayes,81.5839822,82.20282938,85,83.39201106,"['cp', 'trestbps', 'chol', 'thalach', 'exang', 'oldpeak', 'ca', 'thal']"
6895,Naive Bayes,79.57174638,80.90067316,83.08823529,81.64520923,"['cp', 'trestbps', 'chol', 'thalach', 'exang', 'slope', 'ca', 'thal']"
6896,Naive Bayes,81.5294772,81.46211116,86.69117647,83.6636102,"['cp', 'trestbps', 'chol', 'thalach', 'oldpeak', 'slope', 'ca', 'thal']"
6897,Naive Bayes,80.88431591,82.18755221,83.67647059,82.64267677,"['cp', 'trestbps', 'chol', 'exang', 'oldpeak', 'slope', 'ca', 'thal']"
6898,Naive Bayes,77.61475714,78.28615043,81.94852941,79.84564243,"['cp', 'trestbps', 'fbs', 'restecg', 'thalach', 'exang', 'oldpeak', 'slope']"
6899,Naive Bayes,78.96032629,79.73606811,82.61029412,81.00334225,"['cp', 'trestbps', 'fbs', 'restecg', 'thalach', 'exang', 'oldpeak', 'ca']"
6900,Naive Bayes,80.92806822,81.60788614,84.375,82.81459554,"['cp', 'trestbps', 'fbs', 'restecg', 'thalach', 'exang', 'oldpeak', 'thal']"
6901,Naive Bayes,77.94883204,78.61912133,82.53676471,80.3440919,"['cp', 'trestbps', 'fbs', 'restecg', 'thalach', 'exang', 'slope', 'ca']"
6902,Naive Bayes,78.20467186,79.38283208,81.76470588,80.31851051,"['cp', 'trestbps', 'fbs', 'restecg', 'thalach', 'exang', 'slope', 'thal']"
6903,Naive Bayes,80.57397108,82.10655929,83.08823529,82.32597223,"['cp', 'trestbps', 'fbs', 'restecg', 'thalach', 'exang', 'ca', 'thal']"
6904,Naive Bayes,77.88283278,77.79410592,84.26470588,80.71338431,"['cp', 'trestbps', 'fbs', 'restecg', 'thalach', 'oldpeak', 'slope', 'ca']"
6905,Naive Bayes,78.88283278,79.49428105,83.60294118,81.16903815,"['cp', 'trestbps', 'fbs', 'restecg', 'thalach', 'oldpeak', 'slope', 'thal']"
6906,Naive Bayes,82.82128291,83.16911765,86.65441176,84.71852311,"['cp', 'trestbps', 'fbs', 'restecg', 'thalach', 'oldpeak', 'ca', 'thal']"
6907,Naive Bayes,81.10863923,82.42204777,84.74264706,83.24710425,"['cp', 'trestbps', 'fbs', 'restecg', 'thalach', 'slope', 'ca', 'thal']"
6908,Naive Bayes,78.58324064,79.13901789,83.125,80.87534946,"['cp', 'trestbps', 'fbs', 'restecg', 'exang', 'oldpeak', 'slope', 'ca']"
6909,Naive Bayes,81.5294772,81.99028822,85.47794118,83.38026516,"['cp', 'trestbps', 'fbs', 'restecg', 'exang', 'oldpeak', 'slope', 'thal']"
6910,Naive Bayes,79.90656285,80.6747076,83.71323529,81.95500546,"['cp', 'trestbps', 'fbs', 'restecg', 'exang', 'oldpeak', 'ca', 'thal']"
6911,Naive Bayes,80.21764924,81.49042951,83.67647059,82.2457553,"['cp', 'trestbps', 'fbs', 'restecg', 'exang', 'slope', 'ca', 'thal']"
6912,Naive Bayes,82.14312199,81.1775138,89.04411765,84.70056198,"['cp', 'trestbps', 'fbs', 'restecg', 'oldpeak', 'slope', 'ca', 'thal']"
6913,Naive Bayes,79.58324064,80.40217578,83.125,81.585964,"['cp', 'trestbps', 'fbs', 'thalach', 'exang', 'oldpeak', 'slope', 'ca']"
6914,Naive Bayes,80.22766036,81.44174161,83.125,82.05376344,"['cp', 'trestbps', 'fbs', 'thalach', 'exang', 'oldpeak', 'slope', 'thal']"
6915,Naive Bayes,81.25064887,81.77893877,84.96323529,83.12714705,"['cp', 'trestbps', 'fbs', 'thalach', 'exang', 'oldpeak', 'ca', 'thal']"
6916,Naive Bayes,79.22766036,80.35096555,83.05147059,81.33338127,"['cp', 'trestbps', 'fbs', 'thalach', 'exang', 'slope', 'ca', 'thal']"
6917,Naive Bayes,81.19614386,80.59901592,87.27941176,83.51831924,"['cp', 'trestbps', 'fbs', 'thalach', 'oldpeak', 'slope', 'ca', 'thal']"
6918,Naive Bayes,81.85205784,82.75471153,84.88970588,83.57107946,"['cp', 'trestbps', 'fbs', 'exang', 'oldpeak', 'slope', 'ca', 'thal']"
6919,Naive Bayes,79.28216537,79.80564155,83.19852941,81.35730201,"['cp', 'trestbps', 'restecg', 'thalach', 'exang', 'oldpeak', 'slope', 'ca']"
6920,Naive Bayes,80.58324064,81.27653693,84.33823529,82.55735902,"['cp', 'trestbps', 'restecg', 'thalach', 'exang', 'oldpeak', 'slope', 'thal']"
6921,Naive Bayes,81.23989618,81.69371345,84.96323529,83.12463138,"['cp', 'trestbps', 'restecg', 'thalach', 'exang', 'oldpeak', 'ca', 'thal']"
6922,Naive Bayes,79.21616611,80.82715603,82.42647059,81.28262083,"['cp', 'trestbps', 'restecg', 'thalach', 'exang', 'slope', 'ca', 'thal']"
6923,Naive Bayes,82.17463849,81.9951349,87.27941176,84.30401951,"['cp', 'trestbps', 'restecg', 'thalach', 'oldpeak', 'slope', 'ca', 'thal']"
6924,Naive Bayes,81.55172414,82.75657895,84.30147059,83.30659126,"['cp', 'trestbps', 'restecg', 'exang', 'oldpeak', 'slope', 'ca', 'thal']"
6925,Naive Bayes,80.56173526,81.3618851,83.71323529,82.42032825,"['cp', 'trestbps', 'thalach', 'exang', 'oldpeak', 'slope', 'ca', 'thal']"
6926,Naive Bayes,77.99258435,79.10954328,81.39705882,79.92395526,"['cp', 'chol', 'fbs', 'restecg', 'thalach', 'exang', 'oldpeak', 'slope']"
6927,Naive Bayes,78.29291806,79.46809426,81.36029412,80.30592692,"['cp', 'chol', 'fbs', 'restecg', 'thalach', 'exang', 'oldpeak', 'ca']"
6928,Naive Bayes,79.60474601,80.79502064,82.53676471,81.51231001,"['cp', 'chol', 'fbs', 'restecg', 'thalach', 'exang', 'oldpeak', 'thal']"
6929,Naive Bayes,77.29291806,78.66498968,80.69852941,79.53656585,"['cp', 'chol', 'fbs', 'restecg', 'thalach', 'exang', 'slope', 'ca']"
6930,Naive Bayes,77.90433815,78.93413067,81.80147059,80.10638929,"['cp', 'chol', 'fbs', 'restecg', 'thalach', 'exang', 'slope', 'thal']"
6931,Naive Bayes,79.61698183,81.58238356,81.91176471,81.38700329,"['cp', 'chol', 'fbs', 'restecg', 'thalach', 'exang', 'ca', 'thal']"
6932,Naive Bayes,77.55024101,78.17940578,83.05147059,80.20852805,"['cp', 'chol', 'fbs', 'restecg', 'thalach', 'oldpeak', 'slope', 'ca']"
6933,Naive Bayes,79.22766036,79.61134454,84.19117647,81.52995209,"['cp', 'chol', 'fbs', 'restecg', 'thalach', 'oldpeak', 'slope', 'thal']"
6934,Naive Bayes,82.52020764,83.62908497,85.47794118,84.3105367,"['cp', 'chol', 'fbs', 'restecg', 'thalach', 'oldpeak', 'ca', 'thal']"
6935,Naive Bayes,80.15239155,80.78240331,84.77941176,82.46647332,"['cp', 'chol', 'fbs', 'restecg', 'thalach', 'slope', 'ca', 'thal']"
6936,Naive Bayes,77.93807935,78.8506192,81.94852941,80.12681368,"['cp', 'chol', 'fbs', 'restecg', 'exang', 'oldpeak', 'slope', 'ca']"
6937,Naive Bayes,80.90656285,81.65768588,84.30147059,82.67616534,"['cp', 'chol', 'fbs', 'restecg', 'exang', 'oldpeak', 'slope', 'thal']"
6938,Naive Bayes,79.26140156,80.04398865,83.125,81.37479156,"['cp', 'chol', 'fbs', 'restecg', 'exang', 'oldpeak', 'ca', 'thal']"
6939,Naive Bayes,79.93956248,80.9397882,83.71323529,81.95996531,"['cp', 'chol', 'fbs', 'restecg', 'exang', 'slope', 'ca', 'thal']"
6940,Naive Bayes,81.85354097,81.04287122,88.45588235,84.36593204,"['cp', 'chol', 'fbs', 'restecg', 'oldpeak', 'slope', 'ca', 'thal']"
6941,Naive Bayes,78.93807935,80.39551084,81.36029412,80.72602003,"['cp', 'chol', 'fbs', 'thalach', 'exang', 'oldpeak', 'slope', 'ca']"
6942,Naive Bayes,80.5609937,82.27098997,82.53676471,82.18201019,"['cp', 'chol', 'fbs', 'thalach', 'exang', 'oldpeak', 'slope', 'thal']"
6943,Naive Bayes,81.25064887,82.05809254,84.375,83.03993034,"['cp', 'chol', 'fbs', 'thalach', 'exang', 'oldpeak', 'ca', 'thal']"
6944,Naive Bayes,79.58324064,80.94357955,83.08823529,81.59892854,"['cp', 'chol', 'fbs', 'thalach', 'exang', 'slope', 'ca', 'thal']"
6945,Naive Bayes,81.19614386,80.94895327,86.69117647,83.40923716,"['cp', 'chol', 'fbs', 'thalach', 'oldpeak', 'slope', 'ca', 'thal']"
6946,Naive Bayes,80.88431591,82.19863998,83.67647059,82.695053,"['cp', 'chol', 'fbs', 'exang', 'oldpeak', 'slope', 'ca', 'thal']"
6947,Naive Bayes,78.62625139,79.54828861,81.98529412,80.62423606,"['cp', 'chol', 'restecg', 'thalach', 'exang', 'oldpeak', 'slope', 'ca']"
6948,Naive Bayes,80.26065999,81.1303381,83.75,82.20815267,"['cp', 'chol', 'restecg', 'thalach', 'exang', 'oldpeak', 'slope', 'thal']"
6949,Naive Bayes,81.26214312,82.3504902,83.75,82.93909001,"['cp', 'chol', 'restecg', 'thalach', 'exang', 'oldpeak', 'ca', 'thal']"
6950,Naive Bayes,79.58324064,80.94357955,83.08823529,81.59892854,"['cp', 'chol', 'restecg', 'thalach', 'exang', 'slope', 'ca', 'thal']"
6951,Naive Bayes,80.56247683,80.43559545,86.10294118,82.86775283,"['cp', 'chol', 'restecg', 'thalach', 'oldpeak', 'slope', 'ca', 'thal']"
6952,Naive Bayes,80.90656285,82.49909701,83.125,82.64514486,"['cp', 'chol', 'restecg', 'exang', 'oldpeak', 'slope', 'ca', 'thal']"
6953,Naive Bayes,80.27215425,81.66335569,82.57352941,81.97652316,"['cp', 'chol', 'thalach', 'exang', 'oldpeak', 'slope', 'ca', 'thal']"
6954,Naive Bayes,79.26065999,80.57933437,81.94852941,81.11817689,"['cp', 'fbs', 'restecg', 'thalach', 'exang', 'oldpeak', 'slope', 'ca']"
6955,Naive Bayes,80.90582128,82.07654553,83.75,82.70075758,"['cp', 'fbs', 'restecg', 'thalach', 'exang', 'oldpeak', 'slope', 'thal']"
6956,Naive Bayes,81.56247683,82.5997592,84.33823529,83.28334134,"['cp', 'fbs', 'restecg', 'thalach', 'exang', 'oldpeak', 'ca', 'thal']"
6957,Naive Bayes,79.90582128,81.06053862,83.67647059,81.93226187,"['cp', 'fbs', 'restecg', 'thalach', 'exang', 'slope', 'ca', 'thal']"
6958,Naive Bayes,81.51872451,81.42328247,86.69117647,83.70714584,"['cp', 'fbs', 'restecg', 'thalach', 'oldpeak', 'slope', 'ca', 'thal']"
6959,Naive Bayes,81.20763812,82.61831662,83.63970588,82.93221453,"['cp', 'fbs', 'restecg', 'exang', 'oldpeak', 'slope', 'ca', 'thal']"
6960,Naive Bayes,80.22840193,81.64654897,82.5,81.92882608,"['cp', 'fbs', 'thalach', 'exang', 'oldpeak', 'slope', 'ca', 'thal']"
6961,Naive Bayes,81.9180571,82.14374785,85.58823529,83.74914057,"['cp', 'restecg', 'thalach', 'exang', 'oldpeak', 'slope', 'ca', 'thal']"
6962,Naive Bayes,76.97033741,77.5873323,81.36029412,79.24808775,"['trestbps', 'chol', 'fbs', 'restecg', 'thalach', 'exang', 'oldpeak', 'slope']"
6963,Naive Bayes,76.25917686,78.9764239,77.68382353,78.13660802,"['trestbps', 'chol', 'fbs', 'restecg', 'thalach', 'exang', 'oldpeak', 'ca']"
6964,Naive Bayes,77.59399333,80.51617118,78.27205882,79.03033235,"['trestbps', 'chol', 'fbs', 'restecg', 'thalach', 'exang', 'oldpeak', 'thal']"
6965,Naive Bayes,75.97107898,78.30650155,77.64705882,77.85119253,"['trestbps', 'chol', 'fbs', 'restecg', 'thalach', 'exang', 'slope', 'ca']"
6966,Naive Bayes,76.29291806,79.81275587,76.39705882,77.63124008,"['trestbps', 'chol', 'fbs', 'restecg', 'thalach', 'exang', 'slope', 'thal']"
6967,Naive Bayes,77.30515387,79.82132273,78.82352941,79.07855892,"['trestbps', 'chol', 'fbs', 'restecg', 'thalach', 'exang', 'ca', 'thal']"
6968,Naive Bayes,73.95736003,74.34163227,80.07352941,76.94348998,"['trestbps', 'chol', 'fbs', 'restecg', 'thalach', 'oldpeak', 'slope', 'ca']"
6969,Naive Bayes,76.65999258,78.65808611,78.86029412,78.44698995,"['trestbps', 'chol', 'fbs', 'restecg', 'thalach', 'oldpeak', 'slope', 'thal']"
6970,Naive Bayes,76.60548758,77.22930488,81.28676471,78.99944845,"['trestbps', 'chol', 'fbs', 'restecg', 'thalach', 'oldpeak', 'ca', 'thal']"
6971,Naive Bayes,77.90656285,80.5468576,79.375,79.39514121,"['trestbps', 'chol', 'fbs', 'restecg', 'thalach', 'slope', 'ca', 'thal']"
6972,Naive Bayes,74.93585465,76.89532655,78.23529412,77.36601307,"['trestbps', 'chol', 'fbs', 'restecg', 'exang', 'oldpeak', 'slope', 'ca']"
6973,Naive Bayes,77.23841305,79.84825701,78.82352941,78.72773886,"['trestbps', 'chol', 'fbs', 'restecg', 'exang', 'oldpeak', 'slope', 'thal']"
6974,Naive Bayes,76.60548758,80.33998599,76.39705882,77.99986172,"['trestbps', 'chol', 'fbs', 'restecg', 'exang', 'oldpeak', 'ca', 'thal']"
6975,Naive Bayes,77.92880979,82.13084795,76.94852941,78.86701344,"['trestbps', 'chol', 'fbs', 'restecg', 'exang', 'slope', 'ca', 'thal']"
6976,Naive Bayes,77.89506859,78.36982776,82.42647059,80.09749924,"['trestbps', 'chol', 'fbs', 'restecg', 'oldpeak', 'slope', 'ca', 'thal']"
6977,Naive Bayes,75.31368187,77.00730994,78.30882353,77.53864273,"['trestbps', 'chol', 'fbs', 'thalach', 'exang', 'oldpeak', 'slope', 'ca']"
6978,Naive Bayes,78.92732666,81.17665345,80.11029412,80.37590929,"['trestbps', 'chol', 'fbs', 'thalach', 'exang', 'oldpeak', 'slope', 'thal']"
6979,Naive Bayes,78.55024101,80.80999066,80.03676471,80.31172014,"['trestbps', 'chol', 'fbs', 'thalach', 'exang', 'oldpeak', 'ca', 'thal']"
6980,Naive Bayes,77.5839822,80.3496732,78.16176471,79.03211739,"['trestbps', 'chol', 'fbs', 'thalach', 'exang', 'slope', 'ca', 'thal']"
6981,Naive Bayes,78.58472377,79.13510492,82.46323529,80.62284371,"['trestbps', 'chol', 'fbs', 'thalach', 'oldpeak', 'slope', 'ca', 'thal']"
6982,Naive Bayes,76.92732666,79.71459144,77.61029412,78.45260125,"['trestbps', 'chol', 'fbs', 'exang', 'oldpeak', 'slope', 'ca', 'thal']"
6983,Naive Bayes,77.00407861,77.63961988,81.39705882,79.32167261,"['trestbps', 'chol', 'restecg', 'thalach', 'exang', 'oldpeak', 'slope', 'ca']"
6984,Naive Bayes,79.93882091,81.86007298,81.36029412,81.4199853,"['trestbps', 'chol', 'restecg', 'thalach', 'exang', 'oldpeak', 'slope', 'thal']"
6985,Naive Bayes,77.5609937,80.21663841,78.82352941,79.34920566,"['trestbps', 'chol', 'restecg', 'thalach', 'exang', 'oldpeak', 'ca', 'thal']"
6986,Naive Bayes,78.2836485,80.74626517,79.44852941,79.95748725,"['trestbps', 'chol', 'restecg', 'thalach', 'exang', 'slope', 'ca', 'thal']"
6987,Naive Bayes,78.92880979,79.10539216,83.75,81.22022863,"['trestbps', 'chol', 'restecg', 'thalach', 'oldpeak', 'slope', 'ca', 'thal']"
6988,Naive Bayes,77.59473489,80.24953315,78.82352941,79.33446008,"['trestbps', 'chol', 'restecg', 'exang', 'oldpeak', 'slope', 'ca', 'thal']"
6989,Naive Bayes,79.53948832,81.44607843,81.25,81.26049393,"['trestbps', 'chol', 'thalach', 'exang', 'oldpeak', 'slope', 'ca', 'thal']"
6990,Naive Bayes,76.62625139,77.95661335,80.11029412,78.84249003,"['trestbps', 'fbs', 'restecg', 'thalach', 'exang', 'oldpeak', 'slope', 'ca']"
6991,Naive Bayes,78.92732666,81.17665345,80.11029412,80.37590929,"['trestbps', 'fbs', 'restecg', 'thalach', 'exang', 'oldpeak', 'slope', 'thal']"
6992,Naive Bayes,78.86206897,80.73099415,81.21323529,80.83777939,"['trestbps', 'fbs', 'restecg', 'thalach', 'exang', 'oldpeak', 'ca', 'thal']"
6993,Naive Bayes,77.59473489,80.48436041,78.19852941,79.14963405,"['trestbps', 'fbs', 'restecg', 'thalach', 'exang', 'slope', 'ca', 'thal']"
6994,Naive Bayes,78.9180571,79.66666667,82.46323529,80.90717969,"['trestbps', 'fbs', 'restecg', 'thalach', 'oldpeak', 'slope', 'ca', 'thal']"
6995,Naive Bayes,75.93807935,78.75168785,76.98529412,77.60592084,"['trestbps', 'fbs', 'restecg', 'exang', 'oldpeak', 'slope', 'ca', 'thal']"
6996,Naive Bayes,79.21690768,81.02696078,81.25,81.01615984,"['trestbps', 'fbs', 'thalach', 'exang', 'oldpeak', 'slope', 'ca', 'thal']"
6997,Naive Bayes,78.88357434,81.08492432,80.66176471,80.7153577,"['trestbps', 'restecg', 'thalach', 'exang', 'oldpeak', 'slope', 'ca', 'thal']"
6998,Naive Bayes,76.97107898,78.36674407,80.11029412,79.09997029,"['chol', 'fbs', 'restecg', 'thalach', 'exang', 'oldpeak', 'slope', 'ca']"
6999,Naive Bayes,78.6154987,80.82616326,80.14705882,80.19825993,"['chol', 'fbs', 'restecg', 'thalach', 'exang', 'oldpeak', 'slope', 'thal']"
7000,Naive Bayes,78.22840193,80.47854317,80.03676471,80.13525161,"['chol', 'fbs', 'restecg', 'thalach', 'exang', 'oldpeak', 'ca', 'thal']"
7001,Naive Bayes,77.61624027,80.10698314,78.86029412,79.33743028,"['chol', 'fbs', 'restecg', 'thalach', 'exang', 'slope', 'ca', 'thal']"
7002,Naive Bayes,78.93956248,79.80142759,82.53676471,80.99126772,"['chol', 'fbs', 'restecg', 'thalach', 'oldpeak', 'slope', 'ca', 'thal']"
7003,Naive Bayes,76.29365962,79.11182226,77.64705882,78.10312178,"['chol', 'fbs', 'restecg', 'exang', 'oldpeak', 'slope', 'ca', 'thal']"
7004,Naive Bayes,79.55024101,81.46078431,81.28676471,81.23983464,"['chol', 'fbs', 'thalach', 'exang', 'oldpeak', 'slope', 'ca', 'thal']"
7005,Naive Bayes,78.88357434,80.55142759,81.28676471,80.76167065,"['chol', 'restecg', 'thalach', 'exang', 'oldpeak', 'slope', 'ca', 'thal']"
7006,Naive Bayes,79.1954023,81.05882353,81.25,81.03057821,"['fbs', 'restecg', 'thalach', 'exang', 'oldpeak', 'slope', 'ca', 'thal']"
7007,Naive Bayes,76.29069336,76.95992668,81.91176471,79.06738187,"['age', 'sex', 'cp', 'trestbps', 'chol', 'fbs', 'restecg', 'thalach', 'exang']"
7008,Naive Bayes,77.24768261,76.8118279,84.33823529,80.12188022,"['age', 'sex', 'cp', 'trestbps', 'chol', 'fbs', 'restecg', 'thalach', 'oldpeak']"
7009,Naive Bayes,74.54653319,75.46944232,79.88970588,77.3319907,"['age', 'sex', 'cp', 'trestbps', 'chol', 'fbs', 'restecg', 'thalach', 'slope']"
7010,Naive Bayes,77.81683352,77.68144682,84.22794118,80.58757661,"['age', 'sex', 'cp', 'trestbps', 'chol', 'fbs', 'restecg', 'thalach', 'ca']"
7011,Naive Bayes,78.18242492,80.46550435,79.92647059,79.85761447,"['age', 'sex', 'cp', 'trestbps', 'chol', 'fbs', 'restecg', 'thalach', 'thal']"
7012,Naive Bayes,77.25917686,77.91197635,82.53676471,79.78523059,"['age', 'sex', 'cp', 'trestbps', 'chol', 'fbs', 'restecg', 'exang', 'oldpeak']"
7013,Naive Bayes,76.28068224,76.96564327,81.21323529,78.87703667,"['age', 'sex', 'cp', 'trestbps', 'chol', 'fbs', 'restecg', 'exang', 'slope']"
7014,Naive Bayes,77.21542455,78.52038184,81.91176471,79.85382401,"['age', 'sex', 'cp', 'trestbps', 'chol', 'fbs', 'restecg', 'exang', 'ca']"
7015,Naive Bayes,76.88134965,79.54599735,78.125,78.52688583,"['age', 'sex', 'cp', 'trestbps', 'chol', 'fbs', 'restecg', 'exang', 'thal']"
7016,Naive Bayes,79.54949944,79.62326159,84.88970588,81.92332106,"['age', 'sex', 'cp', 'trestbps', 'chol', 'fbs', 'restecg', 'oldpeak', 'slope']"
7017,Naive Bayes,79.84130515,79.69539044,86.69117647,82.6903086,"['age', 'sex', 'cp', 'trestbps', 'chol', 'fbs', 'restecg', 'oldpeak', 'ca']"
7018,Naive Bayes,78.85057471,82.03194355,79.33823529,80.26568187,"['age', 'sex', 'cp', 'trestbps', 'chol', 'fbs', 'restecg', 'oldpeak', 'thal']"
7019,Naive Bayes,77.49351131,78.08805101,83.60294118,80.54457921,"['age', 'sex', 'cp', 'trestbps', 'chol', 'fbs', 'restecg', 'slope', 'ca']"
7020,Naive Bayes,79.18464961,83.54360496,78.01470588,80.07558007,"['age', 'sex', 'cp', 'trestbps', 'chol', 'fbs', 'restecg', 'slope', 'thal']"
7021,Naive Bayes,76.51501669,78.87997623,79.33823529,78.65774358,"['age', 'sex', 'cp', 'trestbps', 'chol', 'fbs', 'restecg', 'ca', 'thal']"
7022,Naive Bayes,79.28216537,79.05925353,84.41176471,81.49801702,"['age', 'sex', 'cp', 'trestbps', 'chol', 'fbs', 'thalach', 'exang', 'oldpeak']"
7023,Naive Bayes,74.32295143,74.83212934,80.07352941,77.23193989,"['age', 'sex', 'cp', 'trestbps', 'chol', 'fbs', 'thalach', 'exang', 'slope']"
7024,Naive Bayes,79.53948832,81.14927638,82.46323529,81.54876467,"['age', 'sex', 'cp', 'trestbps', 'chol', 'fbs', 'thalach', 'exang', 'ca']"
7025,Naive Bayes,78.53800519,80.41691238,81.13970588,80.41108956,"['age', 'sex', 'cp', 'trestbps', 'chol', 'fbs', 'thalach', 'exang', 'thal']"
7026,Naive Bayes,78.28216537,77.04901961,86.13970588,81.26500213,"['age', 'sex', 'cp', 'trestbps', 'chol', 'fbs', 'thalach', 'oldpeak', 'slope']"
7027,Naive Bayes,79.81831665,79.22407121,86.06617647,82.35566917,"['age', 'sex', 'cp', 'trestbps', 'chol', 'fbs', 'thalach', 'oldpeak', 'ca']"
7028,Naive Bayes,81.50797182,83.89705882,82.38970588,82.67913033,"['age', 'sex', 'cp', 'trestbps', 'chol', 'fbs', 'thalach', 'oldpeak', 'thal']"
7029,Naive Bayes,77.50574713,77.62818197,83.60294118,80.36714837,"['age', 'sex', 'cp', 'trestbps', 'chol', 'fbs', 'thalach', 'slope', 'ca']"
7030,Naive Bayes,79.49647757,82.55798433,79.85294118,80.81279654,"['age', 'sex', 'cp', 'trestbps', 'chol', 'fbs', 'thalach', 'slope', 'thal']"
7031,Naive Bayes,79.11716722,80.34625638,82.31617647,81.04016713,"['age', 'sex', 'cp', 'trestbps', 'chol', 'fbs', 'thalach', 'ca', 'thal']"
7032,Naive Bayes,79.27215425,80.00609367,82.53676471,81.03038791,"['age', 'sex', 'cp', 'trestbps', 'chol', 'fbs', 'exang', 'oldpeak', 'slope']"
7033,Naive Bayes,79.82832777,80.25154799,84.30147059,82.05349716,"['age', 'sex', 'cp', 'trestbps', 'chol', 'fbs', 'exang', 'oldpeak', 'ca']"
7034,Naive Bayes,80.1616611,81.14904295,83.63970588,81.97894434,"['age', 'sex', 'cp', 'trestbps', 'chol', 'fbs', 'exang', 'oldpeak', 'thal']"
7035,Naive Bayes,77.2269188,79.10004177,79.96323529,79.34801874,"['age', 'sex', 'cp', 'trestbps', 'chol', 'fbs', 'exang', 'slope', 'ca']"
7036,Naive Bayes,77.86058584,80.23600668,79.30147059,79.49614176,"['age', 'sex', 'cp', 'trestbps', 'chol', 'fbs', 'exang', 'slope', 'thal']"
7037,Naive Bayes,78.52799407,80.52882442,81.76470588,80.56650345,"['age', 'sex', 'cp', 'trestbps', 'chol', 'fbs', 'exang', 'ca', 'thal']"
7038,Naive Bayes,78.53948832,78.03637771,84.81617647,81.1865607,"['age', 'sex', 'cp', 'trestbps', 'chol', 'fbs', 'oldpeak', 'slope', 'ca']"
7039,Naive Bayes,80.87504635,83.46116139,81.17647059,82.13245353,"['age', 'sex', 'cp', 'trestbps', 'chol', 'fbs', 'oldpeak', 'slope', 'thal']"
7040,Naive Bayes,79.18464961,79.07992463,84.85294118,81.69065601,"['age', 'sex', 'cp', 'trestbps', 'chol', 'fbs', 'oldpeak', 'ca', 'thal']"
7041,Naive Bayes,79.48498331,82.1340115,80.44117647,80.72065284,"['age', 'sex', 'cp', 'trestbps', 'chol', 'fbs', 'slope', 'ca', 'thal']"
7042,Naive Bayes,79.6154987,79.82391641,83.82352941,81.63956795,"['age', 'sex', 'cp', 'trestbps', 'chol', 'restecg', 'thalach', 'exang', 'oldpeak']"
7043,Naive Bayes,75.63477938,75.91898865,81.32352941,78.42117707,"['age', 'sex', 'cp', 'trestbps', 'chol', 'restecg', 'thalach', 'exang', 'slope']"
7044,Naive Bayes,78.90507972,80.09204384,82.5,81.07917409,"['age', 'sex', 'cp', 'trestbps', 'chol', 'restecg', 'thalach', 'exang', 'ca']"
7045,Naive Bayes,78.54875788,80.79128581,80.58823529,80.37721755,"['age', 'sex', 'cp', 'trestbps', 'chol', 'restecg', 'thalach', 'exang', 'thal']"
7046,Naive Bayes,78.27067112,77.44496712,86.17647059,81.28669073,"['age', 'sex', 'cp', 'trestbps', 'chol', 'restecg', 'thalach', 'oldpeak', 'slope']"
7047,Naive Bayes,80.51872451,79.60065047,87.35294118,83.12684563,"['age', 'sex', 'cp', 'trestbps', 'chol', 'restecg', 'thalach', 'oldpeak', 'ca']"
7048,Naive Bayes,81.84130515,83.47338936,83.63970588,83.24282297,"['age', 'sex', 'cp', 'trestbps', 'chol', 'restecg', 'thalach', 'oldpeak', 'thal']"
7049,Naive Bayes,77.51649981,78.00162226,83.63970588,80.45692434,"['age', 'sex', 'cp', 'trestbps', 'chol', 'restecg', 'thalach', 'slope', 'ca']"
7050,Naive Bayes,80.20763812,83.89365193,79.92647059,81.42938896,"['age', 'sex', 'cp', 'trestbps', 'chol', 'restecg', 'thalach', 'slope', 'thal']"
7051,Naive Bayes,79.80608083,81.08168706,82.94117647,81.65102708,"['age', 'sex', 'cp', 'trestbps', 'chol', 'restecg', 'thalach', 'ca', 'thal']"
7052,Naive Bayes,79.58324064,79.55349157,84.33823529,81.5653081,"['age', 'sex', 'cp', 'trestbps', 'chol', 'restecg', 'exang', 'oldpeak', 'slope']"
7053,Naive Bayes,78.2269188,79.24264706,81.94852941,80.40493167,"['age', 'sex', 'cp', 'trestbps', 'chol', 'restecg', 'exang', 'oldpeak', 'ca']"
7054,Naive Bayes,80.19614386,82.12186717,81.83823529,81.62354473,"['age', 'sex', 'cp', 'trestbps', 'chol', 'restecg', 'exang', 'oldpeak', 'thal']"
7055,Naive Bayes,77.24842418,79.63653005,79.44852941,79.33112639,"['age', 'sex', 'cp', 'trestbps', 'chol', 'restecg', 'exang', 'slope', 'ca']"
7056,Naive Bayes,79.51798294,82.74242592,79.375,80.79919006,"['age', 'sex', 'cp', 'trestbps', 'chol', 'restecg', 'exang', 'slope', 'thal']"
7057,Naive Bayes,78.55024101,81.00248337,80.58823529,80.29074711,"['age', 'sex', 'cp', 'trestbps', 'chol', 'restecg', 'exang', 'ca', 'thal']"
7058,Naive Bayes,78.87356322,77.659646,86.65441176,81.79840336,"['age', 'sex', 'cp', 'trestbps', 'chol', 'restecg', 'oldpeak', 'slope', 'ca']"
7059,Naive Bayes,80.21913237,82.04535235,81.83823529,81.72198982,"['age', 'sex', 'cp', 'trestbps', 'chol', 'restecg', 'oldpeak', 'slope', 'thal']"
7060,Naive Bayes,79.20763812,79.69463543,83.63970588,81.39541367,"['age', 'sex', 'cp', 'trestbps', 'chol', 'restecg', 'oldpeak', 'ca', 'thal']"
7061,Naive Bayes,79.46273637,80.98482894,82.31617647,81.26028492,"['age', 'sex', 'cp', 'trestbps', 'chol', 'restecg', 'slope', 'ca', 'thal']"
7062,Naive Bayes,79.61624027,80.17771758,83.19852941,81.51224361,"['age', 'sex', 'cp', 'trestbps', 'chol', 'thalach', 'exang', 'oldpeak', 'slope']"
7063,Naive Bayes,80.88431591,81.21155831,84.92647059,82.94415009,"['age', 'sex', 'cp', 'trestbps', 'chol', 'thalach', 'exang', 'oldpeak', 'ca']"
7064,Naive Bayes,82.84130515,84.48587768,84.26470588,84.30825057,"['age', 'sex', 'cp', 'trestbps', 'chol', 'thalach', 'exang', 'oldpeak', 'thal']"
7065,Naive Bayes,77.60326288,78.4962406,81.91176471,80.03599015,"['age', 'sex', 'cp', 'trestbps', 'chol', 'thalach', 'exang', 'slope', 'ca']"
7066,Naive Bayes,79.89432703,81.38783847,82.46323529,81.77506228,"['age', 'sex', 'cp', 'trestbps', 'chol', 'thalach', 'exang', 'slope', 'thal']"
7067,Naive Bayes,79.57248795,81.48746867,81.875,81.43937346,"['age', 'sex', 'cp', 'trestbps', 'chol', 'thalach', 'exang', 'ca', 'thal']"
7068,Naive Bayes,78.91657397,78.63398693,84.96323529,81.53442212,"['age', 'sex', 'cp', 'trestbps', 'chol', 'thalach', 'oldpeak', 'slope', 'ca']"
7069,Naive Bayes,83.21987393,84.51215047,85.51470588,84.80543097,"['age', 'sex', 'cp', 'trestbps', 'chol', 'thalach', 'oldpeak', 'slope', 'thal']"
7070,Naive Bayes,83.15387468,82.79863261,87.27941176,84.90615185,"['age', 'sex', 'cp', 'trestbps', 'chol', 'thalach', 'oldpeak', 'ca', 'thal']"
7071,Naive Bayes,82.80978865,83.32519648,85.99264706,84.44738826,"['age', 'sex', 'cp', 'trestbps', 'chol', 'thalach', 'slope', 'ca', 'thal']"
7072,Naive Bayes,79.89581016,81.57752838,81.875,81.56907514,"['age', 'sex', 'cp', 'trestbps', 'chol', 'exang', 'oldpeak', 'slope', 'ca']"
7073,Naive Bayes,81.84056359,83.9676704,82.46323529,83.08333436,"['age', 'sex', 'cp', 'trestbps', 'chol', 'exang', 'oldpeak', 'slope', 'thal']"
7074,Naive Bayes,81.48572488,82.66785223,84.26470588,83.29290807,"['age', 'sex', 'cp', 'trestbps', 'chol', 'exang', 'oldpeak', 'ca', 'thal']"
7075,Naive Bayes,80.495736,82.85039191,82.42647059,82.3039467,"['age', 'sex', 'cp', 'trestbps', 'chol', 'exang', 'slope', 'ca', 'thal']"
7076,Naive Bayes,82.14238042,82.75571895,85.47794118,83.97541592,"['age', 'sex', 'cp', 'trestbps', 'chol', 'oldpeak', 'slope', 'ca', 'thal']"
7077,Naive Bayes,78.93733778,78.81578947,84.375,81.32770931,"['age', 'sex', 'cp', 'trestbps', 'fbs', 'restecg', 'thalach', 'exang', 'oldpeak']"
7078,Naive Bayes,75.63477938,75.84004128,81.32352941,78.337279,"['age', 'sex', 'cp', 'trestbps', 'fbs', 'restecg', 'thalach', 'exang', 'slope']"
7079,Naive Bayes,78.88283278,79.60457516,83.08823529,81.12993453,"['age', 'sex', 'cp', 'trestbps', 'fbs', 'restecg', 'thalach', 'exang', 'ca']"
7080,Naive Bayes,77.85984427,80.51799701,79.33823529,79.57585124,"['age', 'sex', 'cp', 'trestbps', 'fbs', 'restecg', 'thalach', 'exang', 'thal']"
7081,Naive Bayes,78.93733778,77.68939394,86.80147059,81.78372261,"['age', 'sex', 'cp', 'trestbps', 'fbs', 'restecg', 'thalach', 'oldpeak', 'slope']"
7082,Naive Bayes,79.86281053,78.65637802,87.31617647,82.63758326,"['age', 'sex', 'cp', 'trestbps', 'fbs', 'restecg', 'thalach', 'oldpeak', 'ca']"
7083,Naive Bayes,81.84130515,84.0644527,83.01470588,83.21356828,"['age', 'sex', 'cp', 'trestbps', 'fbs', 'restecg', 'thalach', 'oldpeak', 'thal']"
7084,Naive Bayes,77.18242492,76.51539388,84.85294118,80.33267664,"['age', 'sex', 'cp', 'trestbps', 'fbs', 'restecg', 'thalach', 'slope', 'ca']"
7085,Naive Bayes,80.84130515,84.00075179,81.13970588,82.13903158,"['age', 'sex', 'cp', 'trestbps', 'fbs', 'restecg', 'thalach', 'slope', 'thal']"
7086,Naive Bayes,79.43974787,80.69435845,82.90441176,81.41757778,"['age', 'sex', 'cp', 'trestbps', 'fbs', 'restecg', 'thalach', 'ca', 'thal']"
7087,Naive Bayes,80.22840193,80.04221338,84.92647059,82.1090097,"['age', 'sex', 'cp', 'trestbps', 'fbs', 'restecg', 'exang', 'oldpeak', 'slope']"
7088,Naive Bayes,78.5272525,79.16808566,83.125,80.88453981,"['age', 'sex', 'cp', 'trestbps', 'fbs', 'restecg', 'exang', 'oldpeak', 'ca']"
7089,Naive Bayes,80.84056359,82.12640056,83.63970588,82.46056558,"['age', 'sex', 'cp', 'trestbps', 'fbs', 'restecg', 'exang', 'oldpeak', 'thal']"
7090,Naive Bayes,76.58175751,78.55996609,79.41176471,78.81180605,"['age', 'sex', 'cp', 'trestbps', 'fbs', 'restecg', 'exang', 'slope', 'ca']"
7091,Naive Bayes,79.18464961,82.27703922,79.33823529,80.47827032,"['age', 'sex', 'cp', 'trestbps', 'fbs', 'restecg', 'exang', 'slope', 'thal']"
7092,Naive Bayes,78.56173526,80.81229589,81.21323529,80.41149237,"['age', 'sex', 'cp', 'trestbps', 'fbs', 'restecg', 'exang', 'ca', 'thal']"
7093,Naive Bayes,79.85205784,78.5620915,87.24264706,82.58184846,"['age', 'sex', 'cp', 'trestbps', 'fbs', 'restecg', 'oldpeak', 'slope', 'ca']"
7094,Naive Bayes,79.55172414,81.49259792,81.25,81.08937094,"['age', 'sex', 'cp', 'trestbps', 'fbs', 'restecg', 'oldpeak', 'slope', 'thal']"
7095,Naive Bayes,79.19688543,79.92036357,83.63970588,81.42686643,"['age', 'sex', 'cp', 'trestbps', 'fbs', 'restecg', 'oldpeak', 'ca', 'thal']"
7096,Naive Bayes,78.48498331,79.47486084,82.31617647,80.40313955,"['age', 'sex', 'cp', 'trestbps', 'fbs', 'restecg', 'slope', 'ca', 'thal']"
7097,Naive Bayes,79.30515387,79.6018539,83.19852941,81.17035905,"['age', 'sex', 'cp', 'trestbps', 'fbs', 'thalach', 'exang', 'oldpeak', 'slope']"
7098,Naive Bayes,81.54022989,82.11111111,84.92647059,83.43154505,"['age', 'sex', 'cp', 'trestbps', 'fbs', 'thalach', 'exang', 'oldpeak', 'ca']"
7099,Naive Bayes,82.81979978,84.43113912,84.22794118,84.23045685,"['age', 'sex', 'cp', 'trestbps', 'fbs', 'thalach', 'exang', 'oldpeak', 'thal']"
7100,Naive Bayes,77.60326288,78.4962406,81.91176471,80.03599015,"['age', 'sex', 'cp', 'trestbps', 'fbs', 'thalach', 'exang', 'slope', 'ca']"
7101,Naive Bayes,78.88283278,81.00973257,81.17647059,80.82007424,"['age', 'sex', 'cp', 'trestbps', 'fbs', 'thalach', 'exang', 'slope', 'thal']"
7102,Naive Bayes,79.85131628,81.40040051,83.01470588,81.89895778,"['age', 'sex', 'cp', 'trestbps', 'fbs', 'thalach', 'exang', 'ca', 'thal']"
7103,Naive Bayes,79.55098257,79.03267974,85.51470588,82.04511616,"['age', 'sex', 'cp', 'trestbps', 'fbs', 'thalach', 'oldpeak', 'slope', 'ca']"
7104,Naive Bayes,82.54245458,83.78806084,84.85294118,84.114542,"['age', 'sex', 'cp', 'trestbps', 'fbs', 'thalach', 'oldpeak', 'slope', 'thal']"
7105,Naive Bayes,82.48720801,82.6001032,86.02941176,84.18217825,"['age', 'sex', 'cp', 'trestbps', 'fbs', 'thalach', 'oldpeak', 'ca', 'thal']"
7106,Naive Bayes,81.45346681,82.62985896,84.15441176,83.11930227,"['age', 'sex', 'cp', 'trestbps', 'fbs', 'thalach', 'slope', 'ca', 'thal']"
7107,Naive Bayes,80.57397108,81.64637083,83.08823529,82.27736329,"['age', 'sex', 'cp', 'trestbps', 'fbs', 'exang', 'oldpeak', 'slope', 'ca']"
7108,Naive Bayes,80.81905821,83.58863552,81.13970588,82.03920903,"['age', 'sex', 'cp', 'trestbps', 'fbs', 'exang', 'oldpeak', 'slope', 'thal']"
7109,Naive Bayes,81.79755284,82.78876726,84.81617647,83.62162695,"['age', 'sex', 'cp', 'trestbps', 'fbs', 'exang', 'oldpeak', 'ca', 'thal']"
7110,Naive Bayes,80.15164998,82.42126385,82.38970588,82.02343622,"['age', 'sex', 'cp', 'trestbps', 'fbs', 'exang', 'slope', 'ca', 'thal']"
7111,Naive Bayes,81.13162773,81.74224778,84.77941176,83.01467623,"['age', 'sex', 'cp', 'trestbps', 'fbs', 'oldpeak', 'slope', 'ca', 'thal']"
7112,Naive Bayes,79.63848721,80.03229274,83.82352941,81.64442793,"['age', 'sex', 'cp', 'trestbps', 'restecg', 'thalach', 'exang', 'oldpeak', 'slope']"
7113,Naive Bayes,80.86206897,81.11842105,84.92647059,82.91399287,"['age', 'sex', 'cp', 'trestbps', 'restecg', 'thalach', 'exang', 'oldpeak', 'ca']"
7114,Naive Bayes,81.86281053,82.30622512,85.47794118,83.72258297,"['age', 'sex', 'cp', 'trestbps', 'restecg', 'thalach', 'exang', 'oldpeak', 'thal']"
7115,Naive Bayes,77.60400445,78.85431717,81.28676471,79.95372059,"['age', 'sex', 'cp', 'trestbps', 'restecg', 'thalach', 'exang', 'slope', 'ca']"
7116,Naive Bayes,79.56173526,81.21790383,81.80147059,81.35045842,"['age', 'sex', 'cp', 'trestbps', 'restecg', 'thalach', 'exang', 'slope', 'thal']"
7117,Naive Bayes,80.54022989,82.47412035,83.05147059,82.46476289,"['age', 'sex', 'cp', 'trestbps', 'restecg', 'thalach', 'exang', 'ca', 'thal']"
7118,Naive Bayes,78.90656285,78.24183007,85.51470588,81.59961183,"['age', 'sex', 'cp', 'trestbps', 'restecg', 'thalach', 'oldpeak', 'slope', 'ca']"
7119,Naive Bayes,81.8865406,83.17432061,84.26470588,83.53907193,"['age', 'sex', 'cp', 'trestbps', 'restecg', 'thalach', 'oldpeak', 'slope', 'thal']"
7120,Naive Bayes,83.76603634,83.20063639,88.41911765,85.61727672,"['age', 'sex', 'cp', 'trestbps', 'restecg', 'thalach', 'oldpeak', 'ca', 'thal']"
7121,Naive Bayes,81.47571376,82.66726866,84.19117647,83.14362108,"['age', 'sex', 'cp', 'trestbps', 'restecg', 'thalach', 'slope', 'ca', 'thal']"
7122,Naive Bayes,80.2183908,81.21478328,83.08823529,82.00205771,"['age', 'sex', 'cp', 'trestbps', 'restecg', 'exang', 'oldpeak', 'slope', 'ca']"
7123,Naive Bayes,80.86281053,82.44574058,83.05147059,82.52909619,"['age', 'sex', 'cp', 'trestbps', 'restecg', 'exang', 'oldpeak', 'slope', 'thal']"
7124,Naive Bayes,81.47497219,82.39927638,84.85294118,83.42523979,"['age', 'sex', 'cp', 'trestbps', 'restecg', 'exang', 'oldpeak', 'ca', 'thal']"
7125,Naive Bayes,80.80756396,83.19715957,82.38970588,82.55236185,"['age', 'sex', 'cp', 'trestbps', 'restecg', 'exang', 'slope', 'ca', 'thal']"
7126,Naive Bayes,82.13162773,82.75497623,86.06617647,84.16327184,"['age', 'sex', 'cp', 'trestbps', 'restecg', 'oldpeak', 'slope', 'ca', 'thal']"
7127,Naive Bayes,80.26140156,80.85711214,83.78676471,82.15293625,"['age', 'sex', 'cp', 'trestbps', 'thalach', 'exang', 'oldpeak', 'slope', 'ca']"
7128,Naive Bayes,81.50723026,83.25766008,83.05147059,82.99103806,"['age', 'sex', 'cp', 'trestbps', 'thalach', 'exang', 'oldpeak', 'slope', 'thal']"
7129,Naive Bayes,82.76529477,84.62326159,84.81617647,84.46389416,"['age', 'sex', 'cp', 'trestbps', 'thalach', 'exang', 'oldpeak', 'ca', 'thal']"
7130,Naive Bayes,81.16240267,82.88493906,83.63970588,83.01006889,"['age', 'sex', 'cp', 'trestbps', 'thalach', 'exang', 'slope', 'ca', 'thal']"
7131,Naive Bayes,84.09936967,84.7612782,87.27941176,85.74791051,"['age', 'sex', 'cp', 'trestbps', 'thalach', 'oldpeak', 'slope', 'ca', 'thal']"
7132,Naive Bayes,82.48646644,83.48256671,85.47794118,84.25664205,"['age', 'sex', 'cp', 'trestbps', 'exang', 'oldpeak', 'slope', 'ca', 'thal']"
7133,Naive Bayes,79.96106785,80.35466116,83.82352941,81.88049614,"['age', 'sex', 'cp', 'chol', 'fbs', 'restecg', 'thalach', 'exang', 'oldpeak']"
7134,Naive Bayes,75.68001483,76.28156175,80.69852941,78.33626999,"['age', 'sex', 'cp', 'chol', 'fbs', 'restecg', 'thalach', 'exang', 'slope']"
7135,Naive Bayes,78.61624027,80.15110079,81.91176471,80.81558229,"['age', 'sex', 'cp', 'chol', 'fbs', 'restecg', 'thalach', 'exang', 'ca']"
7136,Naive Bayes,78.92658509,81.01067856,81.25,80.89063374,"['age', 'sex', 'cp', 'chol', 'fbs', 'restecg', 'thalach', 'exang', 'thal']"
7137,Naive Bayes,78.29291806,76.97952656,86.80147059,81.36815469,"['age', 'sex', 'cp', 'chol', 'fbs', 'restecg', 'thalach', 'oldpeak', 'slope']"
7138,Naive Bayes,79.56321839,78.80591077,86.72794118,82.38902062,"['age', 'sex', 'cp', 'chol', 'fbs', 'restecg', 'thalach', 'oldpeak', 'ca']"
7139,Naive Bayes,81.57397108,83.80602241,83.125,83.12129876,"['age', 'sex', 'cp', 'chol', 'fbs', 'restecg', 'thalach', 'oldpeak', 'thal']"
7140,Naive Bayes,78.22840193,78.01040592,84.88970588,81.09964223,"['age', 'sex', 'cp', 'chol', 'fbs', 'restecg', 'thalach', 'slope', 'ca']"
7141,Naive Bayes,79.16240267,81.81288629,79.88970588,80.62782812,"['age', 'sex', 'cp', 'chol', 'fbs', 'restecg', 'thalach', 'slope', 'thal']"
7142,Naive Bayes,81.42973674,82.56258907,84.19117647,83.18885384,"['age', 'sex', 'cp', 'chol', 'fbs', 'restecg', 'thalach', 'ca', 'thal']"
7143,Naive Bayes,80.26140156,80.36866676,84.33823529,82.08769388,"['age', 'sex', 'cp', 'chol', 'fbs', 'restecg', 'exang', 'oldpeak', 'slope']"
7144,Naive Bayes,77.90507972,79.46323529,80.73529412,79.92721331,"['age', 'sex', 'cp', 'chol', 'fbs', 'restecg', 'exang', 'oldpeak', 'ca']"
7145,Naive Bayes,80.21764924,81.72725932,82.5,81.75875116,"['age', 'sex', 'cp', 'chol', 'fbs', 'restecg', 'exang', 'oldpeak', 'thal']"
7146,Naive Bayes,77.28216537,79.24950243,80.03676471,79.35112653,"['age', 'sex', 'cp', 'chol', 'fbs', 'restecg', 'exang', 'slope', 'ca']"
7147,Naive Bayes,78.85057471,81.98052116,78.75,80.12849113,"['age', 'sex', 'cp', 'chol', 'fbs', 'restecg', 'exang', 'slope', 'thal']"
7148,Naive Bayes,78.20541342,79.5728107,81.83823529,80.363265,"['age', 'sex', 'cp', 'chol', 'fbs', 'restecg', 'exang', 'ca', 'thal']"
7149,Naive Bayes,79.52873563,78.60484545,86.61764706,82.2690271,"['age', 'sex', 'cp', 'chol', 'fbs', 'restecg', 'oldpeak', 'slope', 'ca']"
7150,Naive Bayes,80.86355209,83.08148435,81.83823529,82.31761194,"['age', 'sex', 'cp', 'chol', 'fbs', 'restecg', 'oldpeak', 'slope', 'thal']"
7151,Naive Bayes,79.5294772,80.30154486,83.67647059,81.75745849,"['age', 'sex', 'cp', 'chol', 'fbs', 'restecg', 'oldpeak', 'ca', 'thal']"
7152,Naive Bayes,79.16240267,81.13423264,81.13970588,80.79683252,"['age', 'sex', 'cp', 'chol', 'fbs', 'restecg', 'slope', 'ca', 'thal']"
7153,Naive Bayes,79.28290693,80.43845521,81.98529412,80.9776547,"['age', 'sex', 'cp', 'chol', 'fbs', 'thalach', 'exang', 'oldpeak', 'slope']"
7154,Naive Bayes,81.54022989,82.49509804,84.33823529,83.32815824,"['age', 'sex', 'cp', 'chol', 'fbs', 'thalach', 'exang', 'oldpeak', 'ca']"
7155,Naive Bayes,82.18539118,84.27591036,83.05147059,83.59342476,"['age', 'sex', 'cp', 'chol', 'fbs', 'thalach', 'exang', 'oldpeak', 'thal']"
7156,Naive Bayes,77.29291806,78.75536881,80.69852941,79.5076826,"['age', 'sex', 'cp', 'chol', 'fbs', 'thalach', 'exang', 'slope', 'ca']"
7157,Naive Bayes,78.60400445,80.60597572,80.66176471,80.48301467,"['age', 'sex', 'cp', 'chol', 'fbs', 'thalach', 'exang', 'slope', 'thal']"
7158,Naive Bayes,79.23915462,81.59895686,81.25,81.10544968,"['age', 'sex', 'cp', 'chol', 'fbs', 'thalach', 'exang', 'ca', 'thal']"
7159,Naive Bayes,78.23915462,78.35620915,83.71323529,80.78575902,"['age', 'sex', 'cp', 'chol', 'fbs', 'thalach', 'oldpeak', 'slope', 'ca']"
7160,Naive Bayes,82.8865406,84.36877119,84.92647059,84.4048817,"['age', 'sex', 'cp', 'chol', 'fbs', 'thalach', 'oldpeak', 'slope', 'thal']"
7161,Naive Bayes,82.83129403,82.84193326,86.65441176,84.60885214,"['age', 'sex', 'cp', 'chol', 'fbs', 'thalach', 'oldpeak', 'ca', 'thal']"
7162,Naive Bayes,81.14163886,82.73472142,82.97794118,82.55480257,"['age', 'sex', 'cp', 'chol', 'fbs', 'thalach', 'slope', 'ca', 'thal']"
7163,Naive Bayes,79.59547646,81.23145486,81.28676471,81.11564171,"['age', 'sex', 'cp', 'chol', 'fbs', 'exang', 'oldpeak', 'slope', 'ca']"
7164,Naive Bayes,80.21690768,82.33666746,81.25,81.59009129,"['age', 'sex', 'cp', 'chol', 'fbs', 'exang', 'oldpeak', 'slope', 'thal']"
7165,Naive Bayes,81.15239155,82.19808099,84.26470588,83.06493506,"['age', 'sex', 'cp', 'chol', 'fbs', 'exang', 'oldpeak', 'ca', 'thal']"
7166,Naive Bayes,81.20689655,83.39987223,83.125,82.91739165,"['age', 'sex', 'cp', 'chol', 'fbs', 'exang', 'slope', 'ca', 'thal']"
7167,Naive Bayes,81.50797182,81.86764706,85.47794118,83.5173701,"['age', 'sex', 'cp', 'chol', 'fbs', 'oldpeak', 'slope', 'ca', 'thal']"
7168,Naive Bayes,79.30515387,80.09445796,82.61029412,81.07628809,"['age', 'sex', 'cp', 'chol', 'restecg', 'thalach', 'exang', 'oldpeak', 'slope']"
7169,Naive Bayes,80.22840193,81.45910733,83.16176471,82.12338997,"['age', 'sex', 'cp', 'chol', 'restecg', 'thalach', 'exang', 'oldpeak', 'ca']"
7170,Naive Bayes,82.20689655,83.50140056,84.30147059,83.80557678,"['age', 'sex', 'cp', 'chol', 'restecg', 'thalach', 'exang', 'oldpeak', 'thal']"
7171,Naive Bayes,78.28216537,79.12745098,82.53676471,80.663168,"['age', 'sex', 'cp', 'chol', 'restecg', 'thalach', 'exang', 'slope', 'ca']"
7172,Naive Bayes,79.27067112,81.18763207,81.32352941,81.12732639,"['age', 'sex', 'cp', 'chol', 'restecg', 'thalach', 'exang', 'slope', 'thal']"
7173,Naive Bayes,79.90582128,82.2271979,81.875,81.75265332,"['age', 'sex', 'cp', 'chol', 'restecg', 'thalach', 'exang', 'ca', 'thal']"
7174,Naive Bayes,77.89506859,77.49872123,84.88970588,80.83923707,"['age', 'sex', 'cp', 'chol', 'restecg', 'thalach', 'oldpeak', 'slope', 'ca']"
7175,Naive Bayes,81.57471264,82.89654283,84.30147059,83.33696697,"['age', 'sex', 'cp', 'chol', 'restecg', 'thalach', 'oldpeak', 'slope', 'thal']"
7176,Naive Bayes,83.48720801,83.00447196,87.86764706,85.28337044,"['age', 'sex', 'cp', 'chol', 'restecg', 'thalach', 'oldpeak', 'ca', 'thal']"
7177,Naive Bayes,81.80904709,82.6048823,84.81617647,83.52791571,"['age', 'sex', 'cp', 'chol', 'restecg', 'thalach', 'slope', 'ca', 'thal']"
7178,Naive Bayes,79.9180571,81.19272446,82.5,81.72019497,"['age', 'sex', 'cp', 'chol', 'restecg', 'exang', 'oldpeak', 'slope', 'ca']"
7179,Naive Bayes,80.55098257,81.5926704,83.67647059,82.41934018,"['age', 'sex', 'cp', 'chol', 'restecg', 'exang', 'oldpeak', 'slope', 'thal']"
7180,Naive Bayes,80.8298109,82.17868814,83.67647059,82.71222732,"['age', 'sex', 'cp', 'chol', 'restecg', 'exang', 'oldpeak', 'ca', 'thal']"
7181,Naive Bayes,81.17389692,82.85540444,83.71323529,82.98178558,"['age', 'sex', 'cp', 'chol', 'restecg', 'exang', 'slope', 'ca', 'thal']"
7182,Naive Bayes,82.47571376,83.06781046,86.10294118,84.38664065,"['age', 'sex', 'cp', 'chol', 'restecg', 'oldpeak', 'slope', 'ca', 'thal']"
7183,Naive Bayes,80.91731554,81.30224458,84.41176471,82.69999363,"['age', 'sex', 'cp', 'chol', 'thalach', 'exang', 'oldpeak', 'slope', 'ca']"
7184,Naive Bayes,81.54022989,83.20261438,83.08823529,83.04098179,"['age', 'sex', 'cp', 'chol', 'thalach', 'exang', 'oldpeak', 'slope', 'thal']"
7185,Naive Bayes,82.14238042,82.72603076,86.06617647,84.13052797,"['age', 'sex', 'cp', 'chol', 'thalach', 'exang', 'oldpeak', 'ca', 'thal']"
7186,Naive Bayes,81.20689655,82.73552754,84.30147059,83.15159946,"['age', 'sex', 'cp', 'chol', 'thalach', 'exang', 'slope', 'ca', 'thal']"
7187,Naive Bayes,83.8320356,84.20572264,87.31617647,85.49542941,"['age', 'sex', 'cp', 'chol', 'thalach', 'oldpeak', 'slope', 'ca', 'thal']"
7188,Naive Bayes,82.47571376,83.37390658,85.47794118,84.18556362,"['age', 'sex', 'cp', 'chol', 'exang', 'oldpeak', 'slope', 'ca', 'thal']"
7189,Naive Bayes,79.95031516,80.36815077,83.78676471,81.80254223,"['age', 'sex', 'cp', 'fbs', 'restecg', 'thalach', 'exang', 'oldpeak', 'slope']"
7190,Naive Bayes,80.5294772,80.78676471,84.92647059,82.69399881,"['age', 'sex', 'cp', 'fbs', 'restecg', 'thalach', 'exang', 'oldpeak', 'ca']"
7191,Naive Bayes,82.17463849,83.14041845,84.85294118,83.87423606,"['age', 'sex', 'cp', 'fbs', 'restecg', 'thalach', 'exang', 'oldpeak', 'thal']"
7192,Naive Bayes,76.95958472,78.26711386,80.66176471,79.31168147,"['age', 'sex', 'cp', 'fbs', 'restecg', 'thalach', 'exang', 'slope', 'ca']"
7193,Naive Bayes,78.91583241,81.06683375,80.625,80.70664903,"['age', 'sex', 'cp', 'fbs', 'restecg', 'thalach', 'exang', 'slope', 'thal']"
7194,Naive Bayes,79.56173526,81.89361507,81.83823529,81.47932601,"['age', 'sex', 'cp', 'fbs', 'restecg', 'thalach', 'exang', 'ca', 'thal']"
7195,Naive Bayes,79.88505747,79.09803922,86.10294118,82.36444389,"['age', 'sex', 'cp', 'fbs', 'restecg', 'thalach', 'oldpeak', 'slope', 'ca']"
7196,Naive Bayes,82.55320727,83.75838493,84.88970588,84.14818728,"['age', 'sex', 'cp', 'fbs', 'restecg', 'thalach', 'oldpeak', 'slope', 'thal']"
7197,Naive Bayes,82.7982944,82.23572411,87.83088235,84.82362593,"['age', 'sex', 'cp', 'fbs', 'restecg', 'thalach', 'oldpeak', 'ca', 'thal']"
7198,Naive Bayes,81.45346681,82.06321564,84.77941176,83.2627642,"['age', 'sex', 'cp', 'fbs', 'restecg', 'thalach', 'slope', 'ca', 'thal']"
7199,Naive Bayes,79.56247683,80.64545555,82.46323529,81.40183346,"['age', 'sex', 'cp', 'fbs', 'restecg', 'exang', 'oldpeak', 'slope', 'ca']"
7200,Naive Bayes,81.17389692,82.91574383,83.01470588,82.73983424,"['age', 'sex', 'cp', 'fbs', 'restecg', 'exang', 'oldpeak', 'slope', 'thal']"
7201,Naive Bayes,81.15239155,81.9213352,84.85294118,83.19351074,"['age', 'sex', 'cp', 'fbs', 'restecg', 'exang', 'oldpeak', 'ca', 'thal']"
7202,Naive Bayes,80.16314423,82.4713008,81.80147059,81.80558813,"['age', 'sex', 'cp', 'fbs', 'restecg', 'exang', 'slope', 'ca', 'thal']"
7203,Naive Bayes,81.80904709,82.62425728,85.47794118,83.81033066,"['age', 'sex', 'cp', 'fbs', 'restecg', 'oldpeak', 'slope', 'ca', 'thal']"
7204,Naive Bayes,81.89581016,82.09322325,85.625,83.68038579,"['age', 'sex', 'cp', 'fbs', 'thalach', 'exang', 'oldpeak', 'slope', 'ca']"
7205,Naive Bayes,81.84056359,82.97299622,84.26470588,83.48254023,"['age', 'sex', 'cp', 'fbs', 'thalach', 'exang', 'oldpeak', 'slope', 'thal']"
7206,Naive Bayes,82.12087505,83.53218831,84.81617647,83.95776038,"['age', 'sex', 'cp', 'fbs', 'thalach', 'exang', 'oldpeak', 'ca', 'thal']"
7207,Naive Bayes,82.1638858,83.82703081,84.85294118,83.99152179,"['age', 'sex', 'cp', 'fbs', 'thalach', 'exang', 'slope', 'ca', 'thal']"
7208,Naive Bayes,82.80978865,83.99342105,85.44117647,84.51850643,"['age', 'sex', 'cp', 'fbs', 'thalach', 'oldpeak', 'slope', 'ca', 'thal']"
7209,Naive Bayes,81.81979978,82.38297951,85.44117647,83.70907605,"['age', 'sex', 'cp', 'fbs', 'exang', 'oldpeak', 'slope', 'ca', 'thal']"
7210,Naive Bayes,81.57397108,82.26062092,84.375,83.19648094,"['age', 'sex', 'cp', 'restecg', 'thalach', 'exang', 'oldpeak', 'slope', 'ca']"
7211,Naive Bayes,81.55172414,83.32142857,83.08823529,83.06669911,"['age', 'sex', 'cp', 'restecg', 'thalach', 'exang', 'oldpeak', 'slope', 'thal']"
7212,Naive Bayes,83.46570263,83.94603543,87.31617647,85.37108754,"['age', 'sex', 'cp', 'restecg', 'thalach', 'exang', 'oldpeak', 'ca', 'thal']"
7213,Naive Bayes,80.54022989,82.9789486,82.5,82.37697323,"['age', 'sex', 'cp', 'restecg', 'thalach', 'exang', 'slope', 'ca', 'thal']"
7214,Naive Bayes,83.47645532,84.26454617,86.72794118,85.23637608,"['age', 'sex', 'cp', 'restecg', 'thalach', 'oldpeak', 'slope', 'ca', 'thal']"
7215,Naive Bayes,80.86355209,81.90968229,83.63970588,82.60060622,"['age', 'sex', 'cp', 'restecg', 'exang', 'oldpeak', 'slope', 'ca', 'thal']"
7216,Naive Bayes,81.84130515,82.696103,84.85294118,83.6039714,"['age', 'sex', 'cp', 'thalach', 'exang', 'oldpeak', 'slope', 'ca', 'thal']"
7217,Naive Bayes,78.58175751,79.11777606,82.53676471,80.6904649,"['age', 'sex', 'trestbps', 'chol', 'fbs', 'restecg', 'thalach', 'exang', 'oldpeak']"
7218,Naive Bayes,76.30292918,77.74190378,79.44852941,78.43646521,"['age', 'sex', 'trestbps', 'chol', 'fbs', 'restecg', 'thalach', 'exang', 'slope']"
7219,Naive Bayes,76.90359659,78.06058652,80.625,79.23577261,"['age', 'sex', 'trestbps', 'chol', 'fbs', 'restecg', 'thalach', 'exang', 'ca']"
7220,Naive Bayes,75.558769,78.642507,76.28676471,77.0857634,"['age', 'sex', 'trestbps', 'chol', 'fbs', 'restecg', 'thalach', 'exang', 'thal']"
7221,Naive Bayes,73.35669262,73.43002392,80.14705882,76.42662052,"['age', 'sex', 'trestbps', 'chol', 'fbs', 'restecg', 'thalach', 'oldpeak', 'slope']"
7222,Naive Bayes,78.60548758,78.88888889,83.16176471,80.83316357,"['age', 'sex', 'trestbps', 'chol', 'fbs', 'restecg', 'thalach', 'oldpeak', 'ca']"
7223,Naive Bayes,77.59325176,80.0657219,78.23529412,78.9592246,"['age', 'sex', 'trestbps', 'chol', 'fbs', 'restecg', 'thalach', 'oldpeak', 'thal']"
7224,Naive Bayes,76.51575825,76.48503612,82.46323529,79.2002695,"['age', 'sex', 'trestbps', 'chol', 'fbs', 'restecg', 'thalach', 'slope', 'ca']"
7225,Naive Bayes,75.88209121,79.32045895,75.03676471,76.79223291,"['age', 'sex', 'trestbps', 'chol', 'fbs', 'restecg', 'thalach', 'slope', 'thal']"
7226,Naive Bayes,76.77159807,79.4256106,78.08823529,78.48265215,"['age', 'sex', 'trestbps', 'chol', 'fbs', 'restecg', 'thalach', 'ca', 'thal']"
7227,Naive Bayes,76.23692992,78.11785729,79.44852941,78.28920492,"['age', 'sex', 'trestbps', 'chol', 'fbs', 'restecg', 'exang', 'oldpeak', 'slope']"
7228,Naive Bayes,76.8928439,79.08508403,79.48529412,79.10173521,"['age', 'sex', 'trestbps', 'chol', 'fbs', 'restecg', 'exang', 'oldpeak', 'ca']"
7229,Naive Bayes,78.2499073,80.61440953,80.07352941,79.97155003,"['age', 'sex', 'trestbps', 'chol', 'fbs', 'restecg', 'exang', 'oldpeak', 'thal']"
7230,Naive Bayes,76.24916574,78.04983991,79.375,78.37502817,"['age', 'sex', 'trestbps', 'chol', 'fbs', 'restecg', 'exang', 'slope', 'ca']"
7231,Naive Bayes,75.59176863,79.24779331,75.73529412,77.06674452,"['age', 'sex', 'trestbps', 'chol', 'fbs', 'restecg', 'exang', 'slope', 'thal']"
7232,Naive Bayes,77.49425287,81.62816969,76.32352941,78.62266197,"['age', 'sex', 'trestbps', 'chol', 'fbs', 'restecg', 'exang', 'ca', 'thal']"
7233,Naive Bayes,75.24916574,75.22201844,82.46323529,78.43121637,"['age', 'sex', 'trestbps', 'chol', 'fbs', 'restecg', 'oldpeak', 'slope', 'ca']"
7234,Naive Bayes,76.29291806,77.43174726,80.07352941,78.45011252,"['age', 'sex', 'trestbps', 'chol', 'fbs', 'restecg', 'oldpeak', 'slope', 'thal']"
7235,Naive Bayes,77.90582128,79.99754902,79.48529412,79.54181282,"['age', 'sex', 'trestbps', 'chol', 'fbs', 'restecg', 'oldpeak', 'ca', 'thal']"
7236,Naive Bayes,74.81460882,77.69559315,77.57352941,77.09291319,"['age', 'sex', 'trestbps', 'chol', 'fbs', 'restecg', 'slope', 'ca', 'thal']"
7237,Naive Bayes,79.93882091,81.29740877,82.53676471,81.66144457,"['age', 'sex', 'trestbps', 'chol', 'fbs', 'thalach', 'exang', 'oldpeak', 'slope']"
7238,Naive Bayes,77.22617723,78.16563467,81.32352941,79.60325949,"['age', 'sex', 'trestbps', 'chol', 'fbs', 'thalach', 'exang', 'oldpeak', 'ca']"
7239,Naive Bayes,79.21690768,82.06005682,79.44852941,80.52056026,"['age', 'sex', 'trestbps', 'chol', 'fbs', 'thalach', 'exang', 'oldpeak', 'thal']"
7240,Naive Bayes,76.60326288,77.83422404,80.03676471,78.78660658,"['age', 'sex', 'trestbps', 'chol', 'fbs', 'thalach', 'exang', 'slope', 'ca']"
7241,Naive Bayes,77.89358547,81.81313131,76.91176471,78.99496501,"['age', 'sex', 'trestbps', 'chol', 'fbs', 'thalach', 'exang', 'slope', 'thal']"
7242,Naive Bayes,79.51872451,83.00861557,78.71323529,80.55164309,"['age', 'sex', 'trestbps', 'chol', 'fbs', 'thalach', 'exang', 'ca', 'thal']"
7243,Naive Bayes,75.65925102,75.92638459,81.36029412,78.36099554,"['age', 'sex', 'trestbps', 'chol', 'fbs', 'thalach', 'oldpeak', 'slope', 'ca']"
7244,Naive Bayes,77.315165,79.60395332,78.27205882,78.57603715,"['age', 'sex', 'trestbps', 'chol', 'fbs', 'thalach', 'oldpeak', 'slope', 'thal']"
7245,Naive Bayes,78.57248795,80.59678561,80.07352941,80.01419878,"['age', 'sex', 'trestbps', 'chol', 'fbs', 'thalach', 'oldpeak', 'ca', 'thal']"
7246,Naive Bayes,78.81757508,81.42278825,79.92647059,80.18431191,"['age', 'sex', 'trestbps', 'chol', 'fbs', 'thalach', 'slope', 'ca', 'thal']"
7247,Naive Bayes,77.22766036,79.59828351,79.375,79.21031563,"['age', 'sex', 'trestbps', 'chol', 'fbs', 'exang', 'oldpeak', 'slope', 'ca']"
7248,Naive Bayes,79.53948832,82.78684929,79.41176471,80.72385061,"['age', 'sex', 'trestbps', 'chol', 'fbs', 'exang', 'oldpeak', 'slope', 'thal']"
7249,Naive Bayes,78.54022989,81.62920168,78.78676471,80.0007571,"['age', 'sex', 'trestbps', 'chol', 'fbs', 'exang', 'oldpeak', 'ca', 'thal']"
7250,Naive Bayes,78.54022989,83.12434019,76.91176471,79.24138614,"['age', 'sex', 'trestbps', 'chol', 'fbs', 'exang', 'slope', 'ca', 'thal']"
7251,Naive Bayes,77.56173526,79.84590577,78.78676471,78.99272455,"['age', 'sex', 'trestbps', 'chol', 'fbs', 'oldpeak', 'slope', 'ca', 'thal']"
7252,Naive Bayes,78.96032629,80.64309057,80.73529412,80.56738605,"['age', 'sex', 'trestbps', 'chol', 'restecg', 'thalach', 'exang', 'oldpeak', 'slope']"
7253,Naive Bayes,77.8928439,79.02369281,81.32352941,80.067959,"['age', 'sex', 'trestbps', 'chol', 'restecg', 'thalach', 'exang', 'oldpeak', 'ca']"
7254,Naive Bayes,79.87282165,81.58450047,81.91176471,81.50982548,"['age', 'sex', 'trestbps', 'chol', 'restecg', 'thalach', 'exang', 'oldpeak', 'thal']"
7255,Naive Bayes,77.2269188,78.70338837,80.03676471,79.23788166,"['age', 'sex', 'trestbps', 'chol', 'restecg', 'thalach', 'exang', 'slope', 'ca']"
7256,Naive Bayes,77.89358547,81.38175876,77.53676471,79.09271672,"['age', 'sex', 'trestbps', 'chol', 'restecg', 'thalach', 'exang', 'slope', 'thal']"
7257,Naive Bayes,79.50648869,82.20745349,80,80.92377374,"['age', 'sex', 'trestbps', 'chol', 'restecg', 'thalach', 'exang', 'ca', 'thal']"
7258,Naive Bayes,77.29365962,77.86184211,81.94852941,79.67771199,"['age', 'sex', 'trestbps', 'chol', 'restecg', 'thalach', 'oldpeak', 'slope', 'ca']"
7259,Naive Bayes,78.63848721,80.31214537,80.69852941,80.21307265,"['age', 'sex', 'trestbps', 'chol', 'restecg', 'thalach', 'oldpeak', 'slope', 'thal']"
7260,Naive Bayes,77.54022989,79.20856676,80.03676471,79.32324225,"['age', 'sex', 'trestbps', 'chol', 'restecg', 'thalach', 'oldpeak', 'ca', 'thal']"
7261,Naive Bayes,78.48424175,80.72355856,79.92647059,79.88603203,"['age', 'sex', 'trestbps', 'chol', 'restecg', 'thalach', 'slope', 'ca', 'thal']"
7262,Naive Bayes,76.91583241,79.36349925,78.82352941,78.85604919,"['age', 'sex', 'trestbps', 'chol', 'restecg', 'exang', 'oldpeak', 'slope', 'ca']"
7263,Naive Bayes,79.52873563,82.62831192,79.375,80.61492006,"['age', 'sex', 'trestbps', 'chol', 'restecg', 'exang', 'oldpeak', 'slope', 'thal']"
7264,Naive Bayes,78.50723026,81.50105042,78.78676471,79.90879142,"['age', 'sex', 'trestbps', 'chol', 'restecg', 'exang', 'oldpeak', 'ca', 'thal']"
7265,Naive Bayes,78.21764924,83.1803961,76.32352941,79.04601018,"['age', 'sex', 'trestbps', 'chol', 'restecg', 'exang', 'slope', 'ca', 'thal']"
7266,Naive Bayes,78.55172414,80.24133959,80.58823529,80.12351367,"['age', 'sex', 'trestbps', 'chol', 'restecg', 'oldpeak', 'slope', 'ca', 'thal']"
7267,Naive Bayes,78.55024101,80.13079267,81.25,80.50891266,"['age', 'sex', 'trestbps', 'chol', 'thalach', 'exang', 'oldpeak', 'slope', 'ca']"
7268,Naive Bayes,79.21764924,81.28357045,80.625,80.80363612,"['age', 'sex', 'trestbps', 'chol', 'thalach', 'exang', 'oldpeak', 'slope', 'thal']"
7269,Naive Bayes,79.21764924,81.86007912,80.03676471,80.80024356,"['age', 'sex', 'trestbps', 'chol', 'thalach', 'exang', 'oldpeak', 'ca', 'thal']"
7270,Naive Bayes,78.56247683,81.89997666,78.16176471,79.69647683,"['age', 'sex', 'trestbps', 'chol', 'thalach', 'exang', 'slope', 'ca', 'thal']"
7271,Naive Bayes,77.23915462,79.03884192,79.41176471,78.82264254,"['age', 'sex', 'trestbps', 'chol', 'thalach', 'oldpeak', 'slope', 'ca', 'thal']"
7272,Naive Bayes,79.5294772,82.52196054,80,81.04896621,"['age', 'sex', 'trestbps', 'chol', 'exang', 'oldpeak', 'slope', 'ca', 'thal']"
7273,Naive Bayes,79.61624027,81.37820513,81.32352941,81.17320079,"['age', 'sex', 'trestbps', 'fbs', 'restecg', 'thalach', 'exang', 'oldpeak', 'slope']"
7274,Naive Bayes,77.88209121,78.43051256,82.5,80.32221373,"['age', 'sex', 'trestbps', 'fbs', 'restecg', 'thalach', 'exang', 'oldpeak', 'ca']"
7275,Naive Bayes,79.20615499,80.95500251,81.25,80.84133167,"['age', 'sex', 'trestbps', 'fbs', 'restecg', 'thalach', 'exang', 'oldpeak', 'thal']"
7276,Naive Bayes,76.89358547,78.29769276,80,78.98982232,"['age', 'sex', 'trestbps', 'fbs', 'restecg', 'thalach', 'exang', 'slope', 'ca']"
7277,Naive Bayes,77.54949944,80.18808831,78.71323529,79.09514374,"['age', 'sex', 'trestbps', 'fbs', 'restecg', 'thalach', 'exang', 'slope', 'thal']"
7278,Naive Bayes,79.49647757,82.27859477,79.92647059,80.89548063,"['age', 'sex', 'trestbps', 'fbs', 'restecg', 'thalach', 'exang', 'ca', 'thal']"
7279,Naive Bayes,77.93882091,78.1502408,83.125,80.42624777,"['age', 'sex', 'trestbps', 'fbs', 'restecg', 'thalach', 'oldpeak', 'slope', 'ca']"
7280,Naive Bayes,78.62773452,80.27079955,80.66176471,80.10979406,"['age', 'sex', 'trestbps', 'fbs', 'restecg', 'thalach', 'oldpeak', 'slope', 'thal']"
7281,Naive Bayes,79.19614386,81.32862889,80.66176471,80.61911211,"['age', 'sex', 'trestbps', 'fbs', 'restecg', 'thalach', 'oldpeak', 'ca', 'thal']"
7282,Naive Bayes,77.48350019,80.22192458,78.75,78.95243132,"['age', 'sex', 'trestbps', 'fbs', 'restecg', 'thalach', 'slope', 'ca', 'thal']"
7283,Naive Bayes,77.5609937,80.06202866,79.41176471,79.49776042,"['age', 'sex', 'trestbps', 'fbs', 'restecg', 'exang', 'oldpeak', 'slope', 'ca']"
7284,Naive Bayes,78.22766036,81.62721944,78.19852941,79.43878078,"['age', 'sex', 'trestbps', 'fbs', 'restecg', 'exang', 'oldpeak', 'slope', 'thal']"
7285,Naive Bayes,78.17315536,81.01330532,78.78676471,79.65618232,"['age', 'sex', 'trestbps', 'fbs', 'restecg', 'exang', 'oldpeak', 'ca', 'thal']"
7286,Naive Bayes,78.86281053,84.20553105,76.32352941,79.60725067,"['age', 'sex', 'trestbps', 'fbs', 'restecg', 'exang', 'slope', 'ca', 'thal']"
7287,Naive Bayes,76.60548758,78.31159205,78.82352941,78.2526866,"['age', 'sex', 'trestbps', 'fbs', 'restecg', 'oldpeak', 'slope', 'ca', 'thal']"
7288,Naive Bayes,79.21690768,80.38878304,82.46323529,81.20729169,"['age', 'sex', 'trestbps', 'fbs', 'thalach', 'exang', 'oldpeak', 'slope', 'ca']"
7289,Naive Bayes,79.20689655,81.28065261,80.58823529,80.7785205,"['age', 'sex', 'trestbps', 'fbs', 'thalach', 'exang', 'oldpeak', 'slope', 'thal']"
7290,Naive Bayes,78.87356322,81.72936017,79.41176471,80.42714109,"['age', 'sex', 'trestbps', 'fbs', 'thalach', 'exang', 'oldpeak', 'ca', 'thal']"
7291,Naive Bayes,79.20763812,82.2424675,79.33823529,80.5523388,"['age', 'sex', 'trestbps', 'fbs', 'thalach', 'exang', 'slope', 'ca', 'thal']"
7292,Naive Bayes,78.55098257,79.92011751,81.21323529,80.29892412,"['age', 'sex', 'trestbps', 'fbs', 'thalach', 'oldpeak', 'slope', 'ca', 'thal']"
7293,Naive Bayes,79.19614386,82.94673429,78.75,80.56834975,"['age', 'sex', 'trestbps', 'fbs', 'exang', 'oldpeak', 'slope', 'ca', 'thal']"
7294,Naive Bayes,77.5609937,78.83805101,81.21323529,79.8098962,"['age', 'sex', 'trestbps', 'restecg', 'thalach', 'exang', 'oldpeak', 'slope', 'ca']"
7295,Naive Bayes,79.23989618,81.41382255,80.66176471,80.83389602,"['age', 'sex', 'trestbps', 'restecg', 'thalach', 'exang', 'oldpeak', 'slope', 'thal']"
7296,Naive Bayes,79.55172414,82.35436017,80.07352941,81.04193466,"['age', 'sex', 'trestbps', 'restecg', 'thalach', 'exang', 'oldpeak', 'ca', 'thal']"
7297,Naive Bayes,80.17463849,83.32201214,79.96323529,81.48079466,"['age', 'sex', 'trestbps', 'restecg', 'thalach', 'exang', 'slope', 'ca', 'thal']"
7298,Naive Bayes,78.23989618,80.13662078,80.03676471,79.824548,"['age', 'sex', 'trestbps', 'restecg', 'thalach', 'oldpeak', 'slope', 'ca', 'thal']"
7299,Naive Bayes,80.20763812,83.11124625,80.625,81.67689877,"['age', 'sex', 'trestbps', 'restecg', 'exang', 'oldpeak', 'slope', 'ca', 'thal']"
7300,Naive Bayes,80.50797182,82.26960784,82.42647059,82.21117724,"['age', 'sex', 'trestbps', 'thalach', 'exang', 'oldpeak', 'slope', 'ca', 'thal']"
7301,Naive Bayes,78.94883204,80.08993543,81.94852941,80.80087458,"['age', 'sex', 'chol', 'fbs', 'restecg', 'thalach', 'exang', 'oldpeak', 'slope']"
7302,Naive Bayes,78.19391917,79.25877193,81.875,80.432424,"['age', 'sex', 'chol', 'fbs', 'restecg', 'thalach', 'exang', 'oldpeak', 'ca']"
7303,Naive Bayes,78.88357434,80.32679739,81.28676471,80.60124284,"['age', 'sex', 'chol', 'fbs', 'restecg', 'thalach', 'exang', 'oldpeak', 'thal']"
7304,Naive Bayes,76.57100482,77.50980392,80.625,78.9061611,"['age', 'sex', 'chol', 'fbs', 'restecg', 'thalach', 'exang', 'slope', 'ca']"
7305,Naive Bayes,77.57100482,80.09150327,78.75,79.14102949,"['age', 'sex', 'chol', 'fbs', 'restecg', 'thalach', 'exang', 'slope', 'thal']"
7306,Naive Bayes,79.49647757,82.00338469,79.96323529,80.8627451,"['age', 'sex', 'chol', 'fbs', 'restecg', 'thalach', 'exang', 'ca', 'thal']"
7307,Naive Bayes,76.93807935,77.18299481,83.16176471,79.81979403,"['age', 'sex', 'chol', 'fbs', 'restecg', 'thalach', 'oldpeak', 'slope', 'ca']"
7308,Naive Bayes,76.67000371,78.84561139,78.30882353,78.18911288,"['age', 'sex', 'chol', 'fbs', 'restecg', 'thalach', 'oldpeak', 'slope', 'thal']"
7309,Naive Bayes,77.90582128,79.48262814,80.07352941,79.54876085,"['age', 'sex', 'chol', 'fbs', 'restecg', 'thalach', 'oldpeak', 'ca', 'thal']"
7310,Naive Bayes,78.16091954,80.35493239,79.96323529,79.73019159,"['age', 'sex', 'chol', 'fbs', 'restecg', 'thalach', 'slope', 'ca', 'thal']"
7311,Naive Bayes,76.56025213,78.18959635,80.03676471,78.83528638,"['age', 'sex', 'chol', 'fbs', 'restecg', 'exang', 'oldpeak', 'slope', 'ca']"
7312,Naive Bayes,79.1954023,81.60448255,80,80.41250594,"['age', 'sex', 'chol', 'fbs', 'restecg', 'exang', 'oldpeak', 'slope', 'thal']"
7313,Naive Bayes,78.17315536,80.63655462,79.375,79.81096784,"['age', 'sex', 'chol', 'fbs', 'restecg', 'exang', 'oldpeak', 'ca', 'thal']"
7314,Naive Bayes,77.53948832,81.64967759,76.32352941,78.36113153,"['age', 'sex', 'chol', 'fbs', 'restecg', 'exang', 'slope', 'ca', 'thal']"
7315,Naive Bayes,78.23989618,79.67168865,80.625,79.85912801,"['age', 'sex', 'chol', 'fbs', 'restecg', 'oldpeak', 'slope', 'ca', 'thal']"
7316,Naive Bayes,78.21690768,79.33056151,81.83823529,80.35167672,"['age', 'sex', 'chol', 'fbs', 'thalach', 'exang', 'oldpeak', 'slope', 'ca']"
7317,Naive Bayes,79.5294772,81.71821097,80.625,81.02740642,"['age', 'sex', 'chol', 'fbs', 'thalach', 'exang', 'oldpeak', 'slope', 'thal']"
7318,Naive Bayes,79.54022989,81.12723598,81.875,81.35234974,"['age', 'sex', 'chol', 'fbs', 'thalach', 'exang', 'oldpeak', 'ca', 'thal']"
7319,Naive Bayes,78.88505747,81.07096172,79.96323529,80.34802792,"['age', 'sex', 'chol', 'fbs', 'thalach', 'exang', 'slope', 'ca', 'thal']"
7320,Naive Bayes,78.5839822,80.68080127,80.03676471,80.01728741,"['age', 'sex', 'chol', 'fbs', 'thalach', 'oldpeak', 'slope', 'ca', 'thal']"
7321,Naive Bayes,78.20615499,81.37448873,78.78676471,79.66097991,"['age', 'sex', 'chol', 'fbs', 'exang', 'oldpeak', 'slope', 'ca', 'thal']"
7322,Naive Bayes,78.55098257,79.71885596,81.83823529,80.59924879,"['age', 'sex', 'chol', 'restecg', 'thalach', 'exang', 'oldpeak', 'slope', 'ca']"
7323,Naive Bayes,78.89581016,81.36122782,80.03676471,80.49199983,"['age', 'sex', 'chol', 'restecg', 'thalach', 'exang', 'oldpeak', 'slope', 'thal']"
7324,Naive Bayes,79.86281053,81.6501118,81.875,81.6212573,"['age', 'sex', 'chol', 'restecg', 'thalach', 'exang', 'oldpeak', 'ca', 'thal']"
7325,Naive Bayes,80.20837968,83.23740724,80,81.32261453,"['age', 'sex', 'chol', 'restecg', 'thalach', 'exang', 'slope', 'ca', 'thal']"
7326,Naive Bayes,78.26140156,80.62657114,79.44852941,79.67473086,"['age', 'sex', 'chol', 'restecg', 'thalach', 'oldpeak', 'slope', 'ca', 'thal']"
7327,Naive Bayes,79.87504635,82.86281739,79.96323529,81.18531912,"['age', 'sex', 'chol', 'restecg', 'exang', 'oldpeak', 'slope', 'ca', 'thal']"
7328,Naive Bayes,79.22914349,81.08307534,81.28676471,81.00289867,"['age', 'sex', 'chol', 'thalach', 'exang', 'oldpeak', 'slope', 'ca', 'thal']"
7329,Naive Bayes,78.56173526,79.77259797,81.83823529,80.60377756,"['age', 'sex', 'fbs', 'restecg', 'thalach', 'exang', 'oldpeak', 'slope', 'ca']"
7330,Naive Bayes,79.2183908,81.78606443,80.03676471,80.71048723,"['age', 'sex', 'fbs', 'restecg', 'thalach', 'exang', 'oldpeak', 'slope', 'thal']"
7331,Naive Bayes,79.54022989,81.25223598,81.875,81.40916792,"['age', 'sex', 'fbs', 'restecg', 'thalach', 'exang', 'oldpeak', 'ca', 'thal']"
7332,Naive Bayes,79.87504635,81.86929333,81.17647059,81.33144401,"['age', 'sex', 'fbs', 'restecg', 'thalach', 'exang', 'slope', 'ca', 'thal']"
7333,Naive Bayes,77.92806822,80.02217554,79.44852941,79.4218573,"['age', 'sex', 'fbs', 'restecg', 'thalach', 'oldpeak', 'slope', 'ca', 'thal']"
7334,Naive Bayes,79.53021876,81.83817245,81.17647059,81.28039943,"['age', 'sex', 'fbs', 'restecg', 'exang', 'oldpeak', 'slope', 'ca', 'thal']"
7335,Naive Bayes,79.51872451,81.65835545,81.25,81.24229692,"['age', 'sex', 'fbs', 'thalach', 'exang', 'oldpeak', 'slope', 'ca', 'thal']"
7336,Naive Bayes,79.54097145,81.79631063,81.25,81.34157959,"['age', 'sex', 'restecg', 'thalach', 'exang', 'oldpeak', 'slope', 'ca', 'thal']"
7337,Naive Bayes,77.99184279,77.69242346,83.86029412,80.48377629,"['age', 'cp', 'trestbps', 'chol', 'fbs', 'restecg', 'thalach', 'exang', 'oldpeak']"
7338,Naive Bayes,74.63403782,75.7377451,78.89705882,77.18196787,"['age', 'cp', 'trestbps', 'chol', 'fbs', 'restecg', 'thalach', 'exang', 'slope']"
7339,Naive Bayes,77.94883204,79.59636223,80.69852941,80.02728183,"['age', 'cp', 'trestbps', 'chol', 'fbs', 'restecg', 'thalach', 'exang', 'ca']"
7340,Naive Bayes,78.56025213,79.65979286,82.42647059,80.76709509,"['age', 'cp', 'trestbps', 'chol', 'fbs', 'restecg', 'thalach', 'exang', 'thal']"
7341,Naive Bayes,76.30218762,76.37022704,82.53676471,79.13121076,"['age', 'cp', 'trestbps', 'chol', 'fbs', 'restecg', 'thalach', 'oldpeak', 'slope']"
7342,Naive Bayes,79.56247683,79.57850509,84.92647059,81.99881423,"['age', 'cp', 'trestbps', 'chol', 'fbs', 'restecg', 'thalach', 'oldpeak', 'ca']"
7343,Naive Bayes,81.88505747,82.95911347,84.88970588,83.65314914,"['age', 'cp', 'trestbps', 'chol', 'fbs', 'restecg', 'thalach', 'oldpeak', 'thal']"
7344,Naive Bayes,72.94512421,74.89474298,76.39705882,75.52078559,"['age', 'cp', 'trestbps', 'chol', 'fbs', 'restecg', 'thalach', 'slope', 'ca']"
7345,Naive Bayes,76.5925102,79.80150981,76.94852941,78.16651158,"['age', 'cp', 'trestbps', 'chol', 'fbs', 'restecg', 'thalach', 'slope', 'thal']"
7346,Naive Bayes,78.53948832,79.80507264,82.38970588,80.83586437,"['age', 'cp', 'trestbps', 'chol', 'fbs', 'restecg', 'thalach', 'ca', 'thal']"
7347,Naive Bayes,76.32517612,77.36323317,80.77205882,78.60841994,"['age', 'cp', 'trestbps', 'chol', 'fbs', 'restecg', 'exang', 'oldpeak', 'slope']"
7348,Naive Bayes,79.22766036,80.09244926,83.125,81.41067184,"['age', 'cp', 'trestbps', 'chol', 'fbs', 'restecg', 'exang', 'oldpeak', 'ca']"
7349,Naive Bayes,79.88357434,81.04408693,83.08823529,81.74853441,"['age', 'cp', 'trestbps', 'chol', 'fbs', 'restecg', 'exang', 'oldpeak', 'thal']"
7350,Naive Bayes,75.93659622,77.05263158,80.625,78.63533689,"['age', 'cp', 'trestbps', 'chol', 'fbs', 'restecg', 'exang', 'slope', 'ca']"
7351,Naive Bayes,77.5272525,79.57593361,79.92647059,79.48870478,"['age', 'cp', 'trestbps', 'chol', 'fbs', 'restecg', 'exang', 'slope', 'thal']"
7352,Naive Bayes,78.88357434,81.40417834,80.58823529,80.63315904,"['age', 'cp', 'trestbps', 'chol', 'fbs', 'restecg', 'exang', 'ca', 'thal']"
7353,Naive Bayes,75.59325176,75.33532253,83.05147059,78.78225802,"['age', 'cp', 'trestbps', 'chol', 'fbs', 'restecg', 'oldpeak', 'slope', 'ca']"
7354,Naive Bayes,79.27289581,81.30018674,81.25,80.98613204,"['age', 'cp', 'trestbps', 'chol', 'fbs', 'restecg', 'oldpeak', 'slope', 'thal']"
7355,Naive Bayes,79.20763812,79.46062353,84.81617647,81.78400257,"['age', 'cp', 'trestbps', 'chol', 'fbs', 'restecg', 'oldpeak', 'ca', 'thal']"
7356,Naive Bayes,78.495736,80.38496419,81.69117647,80.6127661,"['age', 'cp', 'trestbps', 'chol', 'fbs', 'restecg', 'slope', 'ca', 'thal']"
7357,Naive Bayes,78.27067112,78.71418129,82.57352941,80.3827976,"['age', 'cp', 'trestbps', 'chol', 'fbs', 'thalach', 'exang', 'oldpeak', 'slope']"
7358,Naive Bayes,79.27141268,80.07352941,82.57352941,81.24442959,"['age', 'cp', 'trestbps', 'chol', 'fbs', 'thalach', 'exang', 'oldpeak', 'ca']"
7359,Naive Bayes,79.8613274,80.48060716,83.67647059,81.90764893,"['age', 'cp', 'trestbps', 'chol', 'fbs', 'thalach', 'exang', 'oldpeak', 'thal']"
7360,Naive Bayes,76.58101594,77.57116443,80.625,79.00314065,"['age', 'cp', 'trestbps', 'chol', 'fbs', 'thalach', 'exang', 'slope', 'ca']"
7361,Naive Bayes,76.52576937,78.76213819,78.71323529,78.54523076,"['age', 'cp', 'trestbps', 'chol', 'fbs', 'thalach', 'exang', 'slope', 'thal']"
7362,Naive Bayes,78.53874676,80.75476068,80.625,80.46147398,"['age', 'cp', 'trestbps', 'chol', 'fbs', 'thalach', 'exang', 'ca', 'thal']"
7363,Naive Bayes,77.23692992,77.51582387,83.08823529,79.98743154,"['age', 'cp', 'trestbps', 'chol', 'fbs', 'thalach', 'oldpeak', 'slope', 'ca']"
7364,Naive Bayes,79.88283278,81.14382156,83.01470588,81.82506721,"['age', 'cp', 'trestbps', 'chol', 'fbs', 'thalach', 'oldpeak', 'slope', 'thal']"
7365,Naive Bayes,80.84130515,82.22957516,83.63970588,82.74440152,"['age', 'cp', 'trestbps', 'chol', 'fbs', 'thalach', 'oldpeak', 'ca', 'thal']"
7366,Naive Bayes,78.1386726,80.12860205,80.51470588,80.11644327,"['age', 'cp', 'trestbps', 'chol', 'fbs', 'thalach', 'slope', 'ca', 'thal']"
7367,Naive Bayes,77.6154987,78.74019608,81.36029412,79.73893248,"['age', 'cp', 'trestbps', 'chol', 'fbs', 'exang', 'oldpeak', 'slope', 'ca']"
7368,Naive Bayes,79.5609937,80.71125731,82.5,81.31092614,"['age', 'cp', 'trestbps', 'chol', 'fbs', 'exang', 'oldpeak', 'slope', 'thal']"
7369,Naive Bayes,80.1954023,82.08496732,81.875,81.82968715,"['age', 'cp', 'trestbps', 'chol', 'fbs', 'exang', 'oldpeak', 'ca', 'thal']"
7370,Naive Bayes,78.53874676,80.5548737,81.21323529,80.61813485,"['age', 'cp', 'trestbps', 'chol', 'fbs', 'exang', 'slope', 'ca', 'thal']"
7371,Naive Bayes,81.49721913,81.69702442,86.06617647,83.66380577,"['age', 'cp', 'trestbps', 'chol', 'fbs', 'oldpeak', 'slope', 'ca', 'thal']"
7372,Naive Bayes,78.30367075,79.39667183,81.39705882,80.13072859,"['age', 'cp', 'trestbps', 'chol', 'restecg', 'thalach', 'exang', 'oldpeak', 'slope']"
7373,Naive Bayes,78.98183166,79.4870141,82.64705882,80.88938757,"['age', 'cp', 'trestbps', 'chol', 'restecg', 'thalach', 'exang', 'oldpeak', 'ca']"
7374,Naive Bayes,79.60548758,79.94775542,83.78676471,81.68989262,"['age', 'cp', 'trestbps', 'chol', 'restecg', 'thalach', 'exang', 'oldpeak', 'thal']"
7375,Naive Bayes,75.94660734,77.60539216,78.86029412,78.18186336,"['age', 'cp', 'trestbps', 'chol', 'restecg', 'thalach', 'exang', 'slope', 'ca']"
7376,Naive Bayes,76.2246941,79.07262264,77.57352941,78.13602886,"['age', 'cp', 'trestbps', 'chol', 'restecg', 'thalach', 'exang', 'slope', 'thal']"
7377,Naive Bayes,78.5609937,80.72885031,80.66176471,80.48838445,"['age', 'cp', 'trestbps', 'chol', 'restecg', 'thalach', 'exang', 'ca', 'thal']"
7378,Naive Bayes,77.61475714,78.54460572,82.53676471,80.1209186,"['age', 'cp', 'trestbps', 'chol', 'restecg', 'thalach', 'oldpeak', 'slope', 'ca']"
7379,Naive Bayes,79.23767149,81.14139752,81.83823529,81.19549962,"['age', 'cp', 'trestbps', 'chol', 'restecg', 'thalach', 'oldpeak', 'slope', 'thal']"
7380,Naive Bayes,82.17538005,82.96499828,85.47794118,84.03221562,"['age', 'cp', 'trestbps', 'chol', 'restecg', 'thalach', 'oldpeak', 'ca', 'thal']"
7381,Naive Bayes,77.82684464,79.37456008,81.17647059,80.03177304,"['age', 'cp', 'trestbps', 'chol', 'restecg', 'thalach', 'slope', 'ca', 'thal']"
7382,Naive Bayes,78.62773452,79.62732198,81.94852941,80.61146057,"['age', 'cp', 'trestbps', 'chol', 'restecg', 'exang', 'oldpeak', 'slope', 'ca']"
7383,Naive Bayes,80.26214312,81.73214286,82.53676471,81.81934832,"['age', 'cp', 'trestbps', 'chol', 'restecg', 'exang', 'oldpeak', 'slope', 'thal']"
7384,Naive Bayes,80.88505747,82.34309426,83.125,82.5628486,"['age', 'cp', 'trestbps', 'chol', 'restecg', 'exang', 'oldpeak', 'ca', 'thal']"
7385,Naive Bayes,77.88283278,79.95826198,80.58823529,79.98111813,"['age', 'cp', 'trestbps', 'chol', 'restecg', 'exang', 'slope', 'ca', 'thal']"
7386,Naive Bayes,81.50871339,82.09496781,85.44117647,83.48348193,"['age', 'cp', 'trestbps', 'chol', 'restecg', 'oldpeak', 'slope', 'ca', 'thal']"
7387,Naive Bayes,80.27215425,80.34090127,84.41176471,82.16541397,"['age', 'cp', 'trestbps', 'chol', 'thalach', 'exang', 'oldpeak', 'slope', 'ca']"
7388,Naive Bayes,79.60474601,80.92527274,82.57352941,81.48078445,"['age', 'cp', 'trestbps', 'chol', 'thalach', 'exang', 'oldpeak', 'slope', 'thal']"
7389,Naive Bayes,82.2183908,82.63097695,85.58823529,83.92471202,"['age', 'cp', 'trestbps', 'chol', 'thalach', 'exang', 'oldpeak', 'ca', 'thal']"
7390,Naive Bayes,78.89432703,80.40250135,81.875,80.93568033,"['age', 'cp', 'trestbps', 'chol', 'thalach', 'exang', 'slope', 'ca', 'thal']"
7391,Naive Bayes,82.20763812,81.38109981,87.94117647,84.33418043,"['age', 'cp', 'trestbps', 'chol', 'thalach', 'oldpeak', 'slope', 'ca', 'thal']"
7392,Naive Bayes,80.22840193,81.13775247,83.71323529,82.13079226,"['age', 'cp', 'trestbps', 'chol', 'exang', 'oldpeak', 'slope', 'ca', 'thal']"
7393,Naive Bayes,77.61475714,78.63084795,81.32352941,79.68729477,"['age', 'cp', 'trestbps', 'fbs', 'restecg', 'thalach', 'exang', 'oldpeak', 'slope']"
7394,Naive Bayes,80.27215425,81.20257138,83.23529412,82.06082888,"['age', 'cp', 'trestbps', 'fbs', 'restecg', 'thalach', 'exang', 'oldpeak', 'ca']"
7395,Naive Bayes,79.91657397,80.13566391,84.375,82.05741236,"['age', 'cp', 'trestbps', 'fbs', 'restecg', 'thalach', 'exang', 'oldpeak', 'thal']"
7396,Naive Bayes,76.90359659,78.20493636,80.625,79.25619744,"['age', 'cp', 'trestbps', 'fbs', 'restecg', 'thalach', 'exang', 'slope', 'ca']"
7397,Naive Bayes,75.19095291,78.17839187,76.28676471,77.05974411,"['age', 'cp', 'trestbps', 'fbs', 'restecg', 'thalach', 'exang', 'slope', 'thal']"
7398,Naive Bayes,79.55098257,81.63651162,81.875,81.45262875,"['age', 'cp', 'trestbps', 'fbs', 'restecg', 'thalach', 'exang', 'ca', 'thal']"
7399,Naive Bayes,76.90433815,77.4376935,82.46323529,79.66409209,"['age', 'cp', 'trestbps', 'fbs', 'restecg', 'thalach', 'oldpeak', 'slope', 'ca']"
7400,Naive Bayes,78.89358547,80.38423264,81.83823529,80.87977464,"['age', 'cp', 'trestbps', 'fbs', 'restecg', 'thalach', 'oldpeak', 'slope', 'thal']"
7401,Naive Bayes,81.50945495,81.7623409,86.06617647,83.67461493,"['age', 'cp', 'trestbps', 'fbs', 'restecg', 'thalach', 'oldpeak', 'ca', 'thal']"
7402,Naive Bayes,78.15016685,80.36325731,80.51470588,80.21678389,"['age', 'cp', 'trestbps', 'fbs', 'restecg', 'thalach', 'slope', 'ca', 'thal']"
7403,Naive Bayes,77.59325176,78.71826625,81.32352941,79.7725356,"['age', 'cp', 'trestbps', 'fbs', 'restecg', 'exang', 'oldpeak', 'slope', 'ca']"
7404,Naive Bayes,79.22766036,80.65611947,81.91176471,80.93889291,"['age', 'cp', 'trestbps', 'fbs', 'restecg', 'exang', 'oldpeak', 'slope', 'thal']"
7405,Naive Bayes,81.20763812,82.47381321,83.71323529,82.91578978,"['age', 'cp', 'trestbps', 'fbs', 'restecg', 'exang', 'oldpeak', 'ca', 'thal']"
7406,Naive Bayes,78.53874676,80.21969989,81.80147059,80.69056554,"['age', 'cp', 'trestbps', 'fbs', 'restecg', 'exang', 'slope', 'ca', 'thal']"
7407,Naive Bayes,80.84204672,81.11278089,86.02941176,83.16076102,"['age', 'cp', 'trestbps', 'fbs', 'restecg', 'oldpeak', 'slope', 'ca', 'thal']"
7408,Naive Bayes,79.93882091,80.3123065,83.78676471,81.86238366,"['age', 'cp', 'trestbps', 'fbs', 'thalach', 'exang', 'oldpeak', 'slope', 'ca']"
7409,Naive Bayes,79.59399333,80.08096835,83.75,81.70164787,"['age', 'cp', 'trestbps', 'fbs', 'thalach', 'exang', 'oldpeak', 'slope', 'thal']"
7410,Naive Bayes,82.54097145,83.22394221,85.58823529,84.22890945,"['age', 'cp', 'trestbps', 'fbs', 'thalach', 'exang', 'oldpeak', 'ca', 'thal']"
7411,Naive Bayes,78.89432703,80.10674972,82.46323529,81.05240532,"['age', 'cp', 'trestbps', 'fbs', 'thalach', 'exang', 'slope', 'ca', 'thal']"
7412,Naive Bayes,81.87430478,81.07297656,87.94117647,84.1471523,"['age', 'cp', 'trestbps', 'fbs', 'thalach', 'oldpeak', 'slope', 'ca', 'thal']"
7413,Naive Bayes,80.87356322,81.37971153,84.88970588,82.84566222,"['age', 'cp', 'trestbps', 'fbs', 'exang', 'oldpeak', 'slope', 'ca', 'thal']"
7414,Naive Bayes,79.9495736,80.33423633,83.82352941,81.88555657,"['age', 'cp', 'trestbps', 'restecg', 'thalach', 'exang', 'oldpeak', 'slope', 'ca']"
7415,Naive Bayes,79.29365962,79.92807386,83.19852941,81.29900999,"['age', 'cp', 'trestbps', 'restecg', 'thalach', 'exang', 'oldpeak', 'slope', 'thal']"
7416,Naive Bayes,81.89581016,82.18980048,85.58823529,83.71080827,"['age', 'cp', 'trestbps', 'restecg', 'thalach', 'exang', 'oldpeak', 'ca', 'thal']"
7417,Naive Bayes,79.87282165,80.81185808,83.67647059,81.99773972,"['age', 'cp', 'trestbps', 'restecg', 'thalach', 'exang', 'slope', 'ca', 'thal']"
7418,Naive Bayes,82.19688543,81.52395695,87.94117647,84.33622793,"['age', 'cp', 'trestbps', 'restecg', 'thalach', 'oldpeak', 'slope', 'ca', 'thal']"
7419,Naive Bayes,80.55098257,81.59212983,83.71323529,82.41822638,"['age', 'cp', 'trestbps', 'restecg', 'exang', 'oldpeak', 'slope', 'ca', 'thal']"
7420,Naive Bayes,80.57322951,81.84485724,83.125,82.32321316,"['age', 'cp', 'trestbps', 'thalach', 'exang', 'oldpeak', 'slope', 'ca', 'thal']"
7421,Naive Bayes,76.6470152,78.76245761,78.34558824,78.31489262,"['age', 'cp', 'chol', 'fbs', 'restecg', 'thalach', 'exang', 'oldpeak', 'slope']"
7422,Naive Bayes,79.63848721,80.89374785,82.02205882,81.32219251,"['age', 'cp', 'chol', 'fbs', 'restecg', 'thalach', 'exang', 'oldpeak', 'ca']"
7423,Naive Bayes,79.60548758,80.75071257,82.53676471,81.49143748,"['age', 'cp', 'chol', 'fbs', 'restecg', 'thalach', 'exang', 'oldpeak', 'thal']"
7424,Naive Bayes,76.33592881,77.7875817,79.55882353,78.53106971,"['age', 'cp', 'chol', 'fbs', 'restecg', 'thalach', 'exang', 'slope', 'ca']"
7425,Naive Bayes,76.59176863,79.15315485,78.19852941,78.51439267,"['age', 'cp', 'chol', 'fbs', 'restecg', 'thalach', 'exang', 'slope', 'thal']"
7426,Naive Bayes,79.26140156,81.2342007,81.28676471,81.08488346,"['age', 'cp', 'chol', 'fbs', 'restecg', 'thalach', 'exang', 'ca', 'thal']"
7427,Naive Bayes,76.27067112,77.54059061,81.28676471,78.9531687,"['age', 'cp', 'chol', 'fbs', 'restecg', 'thalach', 'oldpeak', 'slope', 'ca']"
7428,Naive Bayes,79.24916574,81.0223499,81.83823529,81.15786521,"['age', 'cp', 'chol', 'fbs', 'restecg', 'thalach', 'oldpeak', 'slope', 'thal']"
7429,Naive Bayes,82.19836856,83.04143324,85.47794118,83.99657635,"['age', 'cp', 'chol', 'fbs', 'restecg', 'thalach', 'oldpeak', 'ca', 'thal']"
7430,Naive Bayes,80.18464961,80.81858445,83.63970588,82.11799823,"['age', 'cp', 'chol', 'fbs', 'restecg', 'thalach', 'slope', 'ca', 'thal']"
7431,Naive Bayes,78.97256211,80.46314929,81.36029412,80.73534648,"['age', 'cp', 'chol', 'fbs', 'restecg', 'exang', 'oldpeak', 'slope', 'ca']"
7432,Naive Bayes,79.62773452,81.16666667,81.94852941,81.27377159,"['age', 'cp', 'chol', 'fbs', 'restecg', 'exang', 'oldpeak', 'slope', 'thal']"
7433,Naive Bayes,81.2183908,82.46809426,83.75,82.94469122,"['age', 'cp', 'chol', 'fbs', 'restecg', 'exang', 'oldpeak', 'ca', 'thal']"
7434,Naive Bayes,79.23915462,80.50840336,83.08823529,81.42244871,"['age', 'cp', 'chol', 'fbs', 'restecg', 'exang', 'slope', 'ca', 'thal']"
7435,Naive Bayes,81.83129403,82.05457941,86.69117647,84.01841864,"['age', 'cp', 'chol', 'fbs', 'restecg', 'oldpeak', 'slope', 'ca', 'thal']"
7436,Naive Bayes,79.29365962,80.05495356,82.61029412,81.13154587,"['age', 'cp', 'chol', 'fbs', 'thalach', 'exang', 'oldpeak', 'slope', 'ca']"
7437,Naive Bayes,79.27141268,80.80831368,81.94852941,81.14465,"['age', 'cp', 'chol', 'fbs', 'thalach', 'exang', 'oldpeak', 'slope', 'thal']"
7438,Naive Bayes,80.90656285,81.86106811,83.75,82.6791259,"['age', 'cp', 'chol', 'fbs', 'thalach', 'exang', 'oldpeak', 'ca', 'thal']"
7439,Naive Bayes,78.58324064,79.62546685,82.46323529,80.74960787,"['age', 'cp', 'chol', 'fbs', 'thalach', 'exang', 'slope', 'ca', 'thal']"
7440,Naive Bayes,80.20689655,79.72537348,86.06617647,82.56961465,"['age', 'cp', 'chol', 'fbs', 'thalach', 'oldpeak', 'slope', 'ca', 'thal']"
7441,Naive Bayes,80.55098257,81.64360042,83.71323529,82.45833333,"['age', 'cp', 'chol', 'fbs', 'exang', 'oldpeak', 'slope', 'ca', 'thal']"
7442,Naive Bayes,79.93882091,81.12590299,82.61029412,81.67298972,"['age', 'cp', 'chol', 'restecg', 'thalach', 'exang', 'oldpeak', 'slope', 'ca']"
7443,Naive Bayes,80.28290693,81.36167625,83.19852941,82.06585816,"['age', 'cp', 'chol', 'restecg', 'thalach', 'exang', 'oldpeak', 'slope', 'thal']"
7444,Naive Bayes,81.23989618,82.06531648,84.375,83.07026418,"['age', 'cp', 'chol', 'restecg', 'thalach', 'exang', 'oldpeak', 'ca', 'thal']"
7445,Naive Bayes,79.92806822,80.56906247,84.33823529,82.08650156,"['age', 'cp', 'chol', 'restecg', 'thalach', 'exang', 'slope', 'ca', 'thal']"
7446,Naive Bayes,81.55172414,80.98676839,87.35294118,83.80188483,"['age', 'cp', 'chol', 'restecg', 'thalach', 'oldpeak', 'slope', 'ca', 'thal']"
7447,Naive Bayes,80.22840193,81.53657428,83.08823529,82.09868918,"['age', 'cp', 'chol', 'restecg', 'exang', 'oldpeak', 'slope', 'ca', 'thal']"
7448,Naive Bayes,79.58324064,81.09870878,81.91176471,81.31591053,"['age', 'cp', 'chol', 'thalach', 'exang', 'oldpeak', 'slope', 'ca', 'thal']"
7449,Naive Bayes,79.61624027,80.26887685,83.19852941,81.56470095,"['age', 'cp', 'fbs', 'restecg', 'thalach', 'exang', 'oldpeak', 'slope', 'ca']"
7450,Naive Bayes,80.60548758,81.94500958,83.19852941,82.33100968,"['age', 'cp', 'fbs', 'restecg', 'thalach', 'exang', 'oldpeak', 'slope', 'thal']"
7451,Naive Bayes,81.55172414,82.65436877,84.33823529,83.30651425,"['age', 'cp', 'fbs', 'restecg', 'thalach', 'exang', 'oldpeak', 'ca', 'thal']"
7452,Naive Bayes,79.5839822,80.52144343,83.67647059,81.7173451,"['age', 'cp', 'fbs', 'restecg', 'thalach', 'exang', 'slope', 'ca', 'thal']"
7453,Naive Bayes,81.86355209,81.43413681,87.31617647,84.05491193,"['age', 'cp', 'fbs', 'restecg', 'thalach', 'oldpeak', 'slope', 'ca', 'thal']"
7454,Naive Bayes,79.57248795,81.32501597,81.875,81.42642027,"['age', 'cp', 'fbs', 'restecg', 'exang', 'oldpeak', 'slope', 'ca', 'thal']"
7455,Naive Bayes,79.92806822,81.14632783,82.53676471,81.68150193,"['age', 'cp', 'fbs', 'thalach', 'exang', 'oldpeak', 'slope', 'ca', 'thal']"
7456,Naive Bayes,80.92880979,81.86446508,83.78676471,82.67468806,"['age', 'cp', 'restecg', 'thalach', 'exang', 'oldpeak', 'slope', 'ca', 'thal']"
7457,Naive Bayes,77.35965888,78.67929628,80.18382353,79.2016064,"['age', 'trestbps', 'chol', 'fbs', 'restecg', 'thalach', 'exang', 'oldpeak', 'slope']"
7458,Naive Bayes,76.29217649,78.69498501,78.30882353,78.30538682,"['age', 'trestbps', 'chol', 'fbs', 'restecg', 'thalach', 'exang', 'oldpeak', 'ca']"
7459,Naive Bayes,76.94883204,80.10891151,77.05882353,78.28033235,"['age', 'trestbps', 'chol', 'fbs', 'restecg', 'thalach', 'exang', 'oldpeak', 'thal']"
7460,Naive Bayes,74.66926214,77.50357511,75.84558824,76.52143042,"['age', 'trestbps', 'chol', 'fbs', 'restecg', 'thalach', 'exang', 'slope', 'ca']"
7461,Naive Bayes,75.93733778,79.3989801,75.77205882,77.36137077,"['age', 'trestbps', 'chol', 'fbs', 'restecg', 'thalach', 'exang', 'slope', 'thal']"
7462,Naive Bayes,76.91583241,80.53810242,76.36029412,78.26045856,"['age', 'trestbps', 'chol', 'fbs', 'restecg', 'thalach', 'exang', 'ca', 'thal']"
7463,Naive Bayes,73.73451984,74.80383557,78.38235294,76.36903701,"['age', 'trestbps', 'chol', 'fbs', 'restecg', 'thalach', 'oldpeak', 'slope', 'ca']"
7464,Naive Bayes,77.32740082,79.16055457,79.48529412,79.14215447,"['age', 'trestbps', 'chol', 'fbs', 'restecg', 'thalach', 'oldpeak', 'slope', 'thal']"
7465,Naive Bayes,75.29365962,77.3644958,77.64705882,77.28154957,"['age', 'trestbps', 'chol', 'fbs', 'restecg', 'thalach', 'oldpeak', 'ca', 'thal']"
7466,Naive Bayes,76.59399333,79.37173203,76.94852941,77.96240769,"['age', 'trestbps', 'chol', 'fbs', 'restecg', 'thalach', 'slope', 'ca', 'thal']"
7467,Naive Bayes,75.9810901,78.37467916,78.27205882,78.06949669,"['age', 'trestbps', 'chol', 'fbs', 'restecg', 'exang', 'oldpeak', 'slope', 'ca']"
7468,Naive Bayes,78.92880979,82.05542986,78.86029412,80.03081659,"['age', 'trestbps', 'chol', 'fbs', 'restecg', 'exang', 'oldpeak', 'slope', 'thal']"
7469,Naive Bayes,76.60548758,80.31372549,76.39705882,78.03321231,"['age', 'trestbps', 'chol', 'fbs', 'restecg', 'exang', 'oldpeak', 'ca', 'thal']"
7470,Naive Bayes,77.22840193,81.34797358,76.28676471,78.34476941,"['age', 'trestbps', 'chol', 'fbs', 'restecg', 'exang', 'slope', 'ca', 'thal']"
7471,Naive Bayes,77.89581016,78.50590324,81.80147059,79.95526696,"['age', 'trestbps', 'chol', 'fbs', 'restecg', 'oldpeak', 'slope', 'ca', 'thal']"
7472,Naive Bayes,75.32517612,77.61597007,77.09558824,77.2513369,"['age', 'trestbps', 'chol', 'fbs', 'thalach', 'exang', 'oldpeak', 'slope', 'ca']"
7473,Naive Bayes,77.63774564,80.33193277,78.30882353,79.12055291,"['age', 'trestbps', 'chol', 'fbs', 'thalach', 'exang', 'oldpeak', 'slope', 'thal']"
7474,Naive Bayes,77.88357434,80.1567999,79.375,79.62800089,"['age', 'trestbps', 'chol', 'fbs', 'thalach', 'exang', 'oldpeak', 'ca', 'thal']"
7475,Naive Bayes,77.30589544,80.23624011,77.61029412,78.65117836,"['age', 'trestbps', 'chol', 'fbs', 'thalach', 'exang', 'slope', 'ca', 'thal']"
7476,Naive Bayes,76.97256211,78.37266573,80.07352941,79.04387361,"['age', 'trestbps', 'chol', 'fbs', 'thalach', 'oldpeak', 'slope', 'ca', 'thal']"
7477,Naive Bayes,77.28290693,80.80399386,77.02205882,78.6735961,"['age', 'trestbps', 'chol', 'fbs', 'exang', 'oldpeak', 'slope', 'ca', 'thal']"
7478,Naive Bayes,76.03633667,77.58200649,79.00735294,78.08360852,"['age', 'trestbps', 'chol', 'restecg', 'thalach', 'exang', 'oldpeak', 'slope', 'ca']"
7479,Naive Bayes,78.65999258,80.75818222,80.22058824,80.22179576,"['age', 'trestbps', 'chol', 'restecg', 'thalach', 'exang', 'oldpeak', 'slope', 'thal']"
7480,Naive Bayes,78.61698183,81.00443511,80.07352941,80.39108796,"['age', 'trestbps', 'chol', 'restecg', 'thalach', 'exang', 'oldpeak', 'ca', 'thal']"
7481,Naive Bayes,77.96106785,80.22665733,79.48529412,79.64901386,"['age', 'trestbps', 'chol', 'restecg', 'thalach', 'exang', 'slope', 'ca', 'thal']"
7482,Naive Bayes,77.62847608,78.45513963,81.94852941,79.92816768,"['age', 'trestbps', 'chol', 'restecg', 'thalach', 'oldpeak', 'slope', 'ca', 'thal']"
7483,Naive Bayes,77.59473489,81.09348739,77.64705882,79.13656729,"['age', 'trestbps', 'chol', 'restecg', 'exang', 'oldpeak', 'slope', 'ca', 'thal']"
7484,Naive Bayes,79.27215425,80.97712418,81.32352941,81.05075901,"['age', 'trestbps', 'chol', 'thalach', 'exang', 'oldpeak', 'slope', 'ca', 'thal']"
7485,Naive Bayes,75.99258435,77.99015308,78.30882353,78.01212758,"['age', 'trestbps', 'fbs', 'restecg', 'thalach', 'exang', 'oldpeak', 'slope', 'ca']"
7486,Naive Bayes,77.65999258,80.41503268,78.34558824,79.11415593,"['age', 'trestbps', 'fbs', 'restecg', 'thalach', 'exang', 'oldpeak', 'slope', 'thal']"
7487,Naive Bayes,78.55098257,81.39962652,79.375,80.2155302,"['age', 'trestbps', 'fbs', 'restecg', 'thalach', 'exang', 'oldpeak', 'ca', 'thal']"
7488,Naive Bayes,77.93956248,80.643324,78.82352941,79.50648324,"['age', 'trestbps', 'fbs', 'restecg', 'thalach', 'exang', 'slope', 'ca', 'thal']"
7489,Naive Bayes,77.96180942,79.43872549,80.69852941,79.91361021,"['age', 'trestbps', 'fbs', 'restecg', 'thalach', 'oldpeak', 'slope', 'ca', 'thal']"
7490,Naive Bayes,77.59473489,81.39263317,76.98529412,78.90151423,"['age', 'trestbps', 'fbs', 'restecg', 'exang', 'oldpeak', 'slope', 'ca', 'thal']"
7491,Naive Bayes,78.9495736,81.22362278,80.14705882,80.52742798,"['age', 'trestbps', 'fbs', 'thalach', 'exang', 'oldpeak', 'slope', 'ca', 'thal']"
7492,Naive Bayes,78.9495736,81.571662,79.55882353,80.37925507,"['age', 'trestbps', 'restecg', 'thalach', 'exang', 'oldpeak', 'slope', 'ca', 'thal']"
7493,Naive Bayes,77.00333704,79.33865915,78.38235294,78.6334239,"['age', 'chol', 'fbs', 'restecg', 'thalach', 'exang', 'oldpeak', 'slope', 'ca']"
7494,Naive Bayes,77.315165,79.88662834,78.34558824,78.84403776,"['age', 'chol', 'fbs', 'restecg', 'thalach', 'exang', 'oldpeak', 'slope', 'thal']"
7495,Naive Bayes,78.27215425,80.47381321,80.11029412,80.142775,"['age', 'chol', 'fbs', 'restecg', 'thalach', 'exang', 'oldpeak', 'ca', 'thal']"
7496,Naive Bayes,76.98331479,80.38405308,76.43382353,78.14651621,"['age', 'chol', 'fbs', 'restecg', 'thalach', 'exang', 'slope', 'ca', 'thal']"
7497,Naive Bayes,75.65999258,77.65293135,77.68382353,77.43390259,"['age', 'chol', 'fbs', 'restecg', 'thalach', 'oldpeak', 'slope', 'ca', 'thal']"
7498,Naive Bayes,77.2499073,80.19008163,78.19852941,78.9903979,"['age', 'chol', 'fbs', 'restecg', 'exang', 'oldpeak', 'slope', 'ca', 'thal']"
7499,Naive Bayes,79.57248795,81.08655831,81.91176471,81.36773126,"['age', 'chol', 'fbs', 'thalach', 'exang', 'oldpeak', 'slope', 'ca', 'thal']"
7500,Naive Bayes,79.58324064,81.08247334,81.94852941,81.37027773,"['age', 'chol', 'restecg', 'thalach', 'exang', 'oldpeak', 'slope', 'ca', 'thal']"
7501,Naive Bayes,78.91657397,80.80889724,80.69852941,80.60516934,"['age', 'fbs', 'restecg', 'thalach', 'exang', 'oldpeak', 'slope', 'ca', 'thal']"
7502,Naive Bayes,79.90507972,78.50275198,87.38970588,82.55903489,"['sex', 'cp', 'trestbps', 'chol', 'fbs', 'restecg', 'thalach', 'exang', 'oldpeak']"
7503,Naive Bayes,75.63477938,75.91978816,81.83823529,78.48392082,"['sex', 'cp', 'trestbps', 'chol', 'fbs', 'restecg', 'thalach', 'exang', 'slope']"
7504,Naive Bayes,78.93882091,79.64619883,83.71323529,81.3869257,"['sex', 'cp', 'trestbps', 'chol', 'fbs', 'restecg', 'thalach', 'exang', 'ca']"
7505,Naive Bayes,78.20393029,79.62072083,81.72794118,80.31955824,"['sex', 'cp', 'trestbps', 'chol', 'fbs', 'restecg', 'thalach', 'exang', 'thal']"
7506,Naive Bayes,77.58101594,76.45146007,86.10294118,80.7720379,"['sex', 'cp', 'trestbps', 'chol', 'fbs', 'restecg', 'thalach', 'oldpeak', 'slope']"
7507,Naive Bayes,81.18613274,79.12421428,89.70588235,83.98993026,"['sex', 'cp', 'trestbps', 'chol', 'fbs', 'restecg', 'thalach', 'oldpeak', 'ca']"
7508,Naive Bayes,83.16462736,84.49687567,85.40441176,84.6238051,"['sex', 'cp', 'trestbps', 'chol', 'fbs', 'restecg', 'thalach', 'oldpeak', 'thal']"
7509,Naive Bayes,77.86058584,77.45540936,84.81617647,80.78038119,"['sex', 'cp', 'trestbps', 'chol', 'fbs', 'restecg', 'thalach', 'slope', 'ca']"
7510,Naive Bayes,79.5294772,82.96904356,79.88970588,80.82145321,"['sex', 'cp', 'trestbps', 'chol', 'fbs', 'restecg', 'thalach', 'slope', 'thal']"
7511,Naive Bayes,79.8068224,81.78442524,82.86764706,81.70731935,"['sex', 'cp', 'trestbps', 'chol', 'fbs', 'restecg', 'thalach', 'ca', 'thal']"
7512,Naive Bayes,79.55024101,79.65697972,84.88970588,81.72078886,"['sex', 'cp', 'trestbps', 'chol', 'fbs', 'restecg', 'exang', 'oldpeak', 'slope']"
7513,Naive Bayes,78.84983315,79.63132095,83.125,81.09398723,"['sex', 'cp', 'trestbps', 'chol', 'fbs', 'restecg', 'exang', 'oldpeak', 'ca']"
7514,Naive Bayes,81.51724138,83.31787803,83.67647059,83.09860263,"['sex', 'cp', 'trestbps', 'chol', 'fbs', 'restecg', 'exang', 'oldpeak', 'thal']"
7515,Naive Bayes,78.89506859,80.38285051,82.38970588,81.13115369,"['sex', 'cp', 'trestbps', 'chol', 'fbs', 'restecg', 'exang', 'slope', 'ca']"
7516,Naive Bayes,78.19466073,81.4389282,78.63970588,79.48919132,"['sex', 'cp', 'trestbps', 'chol', 'fbs', 'restecg', 'exang', 'slope', 'thal']"
7517,Naive Bayes,79.55098257,83.06192565,81.13970588,81.39191393,"['sex', 'cp', 'trestbps', 'chol', 'fbs', 'restecg', 'exang', 'ca', 'thal']"
7518,Naive Bayes,78.50574713,77.90409904,85.40441176,81.33132714,"['sex', 'cp', 'trestbps', 'chol', 'fbs', 'restecg', 'oldpeak', 'slope', 'ca']"
7519,Naive Bayes,80.19614386,82.89201794,81.21323529,81.73155664,"['sex', 'cp', 'trestbps', 'chol', 'fbs', 'restecg', 'oldpeak', 'slope', 'thal']"
7520,Naive Bayes,80.19688543,81.5493051,83.60294118,82.18615138,"['sex', 'cp', 'trestbps', 'chol', 'fbs', 'restecg', 'oldpeak', 'ca', 'thal']"
7521,Naive Bayes,78.50723026,81.92725072,79.26470588,79.79748206,"['sex', 'cp', 'trestbps', 'chol', 'fbs', 'restecg', 'slope', 'ca', 'thal']"
7522,Naive Bayes,80.26140156,80.05145074,84.96323529,82.16162494,"['sex', 'cp', 'trestbps', 'chol', 'fbs', 'thalach', 'exang', 'oldpeak', 'slope']"
7523,Naive Bayes,80.53948832,80.97136223,84.33823529,82.53966132,"['sex', 'cp', 'trestbps', 'chol', 'fbs', 'thalach', 'exang', 'oldpeak', 'ca']"
7524,Naive Bayes,80.83982202,82.00816993,83.63970588,82.61269381,"['sex', 'cp', 'trestbps', 'chol', 'fbs', 'thalach', 'exang', 'oldpeak', 'thal']"
7525,Naive Bayes,79.26065999,79.45747334,84.30147059,81.67297164,"['sex', 'cp', 'trestbps', 'chol', 'fbs', 'thalach', 'exang', 'slope', 'ca']"
7526,Naive Bayes,79.56173526,81.15792167,82.31617647,81.38378339,"['sex', 'cp', 'trestbps', 'chol', 'fbs', 'thalach', 'exang', 'slope', 'thal']"
7527,Naive Bayes,79.55098257,81.455725,82.42647059,81.59031938,"['sex', 'cp', 'trestbps', 'chol', 'fbs', 'thalach', 'exang', 'ca', 'thal']"
7528,Naive Bayes,80.87430478,79.7127193,87.31617647,83.22860016,"['sex', 'cp', 'trestbps', 'chol', 'fbs', 'thalach', 'oldpeak', 'slope', 'ca']"
7529,Naive Bayes,80.87504635,81.4562495,84.77941176,82.68652034,"['sex', 'cp', 'trestbps', 'chol', 'fbs', 'thalach', 'oldpeak', 'slope', 'thal']"
7530,Naive Bayes,83.11012236,83.10131333,87.20588235,84.92613106,"['sex', 'cp', 'trestbps', 'chol', 'fbs', 'thalach', 'oldpeak', 'ca', 'thal']"
7531,Naive Bayes,82.78828328,83.39557699,85.95588235,84.42187724,"['sex', 'cp', 'trestbps', 'chol', 'fbs', 'thalach', 'slope', 'ca', 'thal']"
7532,Naive Bayes,79.19466073,79.99419505,83.08823529,81.3328658,"['sex', 'cp', 'trestbps', 'chol', 'fbs', 'exang', 'oldpeak', 'slope', 'ca']"
7533,Naive Bayes,79.50500556,81.52862785,81.80147059,81.20596774,"['sex', 'cp', 'trestbps', 'chol', 'fbs', 'exang', 'oldpeak', 'slope', 'thal']"
7534,Naive Bayes,81.79681127,83.27754435,84.22794118,83.60237883,"['sex', 'cp', 'trestbps', 'chol', 'fbs', 'exang', 'oldpeak', 'ca', 'thal']"
7535,Naive Bayes,81.19614386,82.49467419,84.26470588,83.05107404,"['sex', 'cp', 'trestbps', 'chol', 'fbs', 'exang', 'slope', 'ca', 'thal']"
7536,Naive Bayes,81.80830552,81.90716374,86.02941176,83.77729244,"['sex', 'cp', 'trestbps', 'chol', 'fbs', 'oldpeak', 'slope', 'ca', 'thal']"
7537,Naive Bayes,80.96180942,81.14452799,85.03676471,82.81011799,"['sex', 'cp', 'trestbps', 'chol', 'restecg', 'thalach', 'exang', 'oldpeak', 'slope']"
7538,Naive Bayes,79.58324064,80.19771242,83.75,81.790428,"['sex', 'cp', 'trestbps', 'chol', 'restecg', 'thalach', 'exang', 'oldpeak', 'ca']"
7539,Naive Bayes,81.22840193,82.37713155,84.30147059,83.09475276,"['sex', 'cp', 'trestbps', 'chol', 'restecg', 'thalach', 'exang', 'oldpeak', 'thal']"
7540,Naive Bayes,78.25991843,79.09447024,82.46323529,80.65252587,"['sex', 'cp', 'trestbps', 'chol', 'restecg', 'thalach', 'exang', 'slope', 'ca']"
7541,Naive Bayes,78.90507972,80.23736424,82.38970588,81.05562886,"['sex', 'cp', 'trestbps', 'chol', 'restecg', 'thalach', 'exang', 'slope', 'thal']"
7542,Naive Bayes,80.54022989,82.80828911,83.05147059,82.54512607,"['sex', 'cp', 'trestbps', 'chol', 'restecg', 'thalach', 'exang', 'ca', 'thal']"
7543,Naive Bayes,79.56247683,78.90285205,86.13970588,82.18681622,"['sex', 'cp', 'trestbps', 'chol', 'restecg', 'thalach', 'oldpeak', 'slope', 'ca']"
7544,Naive Bayes,80.92955135,81.60091405,84.88970588,82.9049613,"['sex', 'cp', 'trestbps', 'chol', 'restecg', 'thalach', 'oldpeak', 'slope', 'thal']"
7545,Naive Bayes,84.11012236,83.88912846,88.45588235,85.93370682,"['sex', 'cp', 'trestbps', 'chol', 'restecg', 'thalach', 'oldpeak', 'ca', 'thal']"
7546,Naive Bayes,82.14312199,83.29678363,85.40441176,83.89327368,"['sex', 'cp', 'trestbps', 'chol', 'restecg', 'thalach', 'slope', 'ca', 'thal']"
7547,Naive Bayes,80.24063775,81.11416409,83.125,81.95342008,"['sex', 'cp', 'trestbps', 'chol', 'restecg', 'exang', 'oldpeak', 'slope', 'ca']"
7548,Naive Bayes,81.22914349,81.85539216,84.88970588,82.99419663,"['sex', 'cp', 'trestbps', 'chol', 'restecg', 'exang', 'oldpeak', 'slope', 'thal']"
7549,Naive Bayes,82.50797182,84.19281046,84.30147059,84.10277415,"['sex', 'cp', 'trestbps', 'chol', 'restecg', 'exang', 'oldpeak', 'ca', 'thal']"
7550,Naive Bayes,81.49647757,83.59252297,83.60294118,83.25873893,"['sex', 'cp', 'trestbps', 'chol', 'restecg', 'exang', 'slope', 'ca', 'thal']"
7551,Naive Bayes,83.78828328,83.86764706,87.86764706,85.66526999,"['sex', 'cp', 'trestbps', 'chol', 'restecg', 'oldpeak', 'slope', 'ca', 'thal']"
7552,Naive Bayes,80.59473489,81.04046882,84.375,82.51336898,"['sex', 'cp', 'trestbps', 'chol', 'thalach', 'exang', 'oldpeak', 'slope', 'ca']"
7553,Naive Bayes,81.51798294,82.4808283,84.26470588,83.20009015,"['sex', 'cp', 'trestbps', 'chol', 'thalach', 'exang', 'oldpeak', 'slope', 'thal']"
7554,Naive Bayes,82.50871339,83.22149123,86.10294118,84.4150142,"['sex', 'cp', 'trestbps', 'chol', 'thalach', 'exang', 'oldpeak', 'ca', 'thal']"
7555,Naive Bayes,80.86206897,82.33064893,83.67647059,82.76150402,"['sex', 'cp', 'trestbps', 'chol', 'thalach', 'exang', 'slope', 'ca', 'thal']"
7556,Naive Bayes,82.83129403,82.32530468,87.86764706,84.78867215,"['sex', 'cp', 'trestbps', 'chol', 'thalach', 'oldpeak', 'slope', 'ca', 'thal']"
7557,Naive Bayes,81.19614386,82.74448376,83.67647059,82.90971692,"['sex', 'cp', 'trestbps', 'chol', 'exang', 'oldpeak', 'slope', 'ca', 'thal']"
7558,Naive Bayes,80.62847608,80.70298153,85,82.50697029,"['sex', 'cp', 'trestbps', 'fbs', 'restecg', 'thalach', 'exang', 'oldpeak', 'slope']"
7559,Naive Bayes,80.20615499,80.9869281,83.75,82.21405229,"['sex', 'cp', 'trestbps', 'fbs', 'restecg', 'thalach', 'exang', 'oldpeak', 'ca']"
7560,Naive Bayes,81.20689655,83.03221289,84.22794118,83.15608044,"['sex', 'cp', 'trestbps', 'fbs', 'restecg', 'thalach', 'exang', 'oldpeak', 'thal']"
7561,Naive Bayes,78.24916574,78.6745786,83.05147059,80.69876529,"['sex', 'cp', 'trestbps', 'fbs', 'restecg', 'thalach', 'exang', 'slope', 'ca']"
7562,Naive Bayes,78.5609937,80.76091671,81.10294118,80.44834033,"['sex', 'cp', 'trestbps', 'fbs', 'restecg', 'thalach', 'exang', 'slope', 'thal']"
7563,Naive Bayes,80.20689655,82.90632832,82.42647059,82.0664379,"['sex', 'cp', 'trestbps', 'fbs', 'restecg', 'thalach', 'exang', 'ca', 'thal']"
7564,Naive Bayes,80.86355209,79.52644479,87.90441176,83.3927215,"['sex', 'cp', 'trestbps', 'fbs', 'restecg', 'thalach', 'oldpeak', 'slope', 'ca']"
7565,Naive Bayes,81.24137931,82.30507264,84.81617647,83.14192394,"['sex', 'cp', 'trestbps', 'fbs', 'restecg', 'thalach', 'oldpeak', 'slope', 'thal']"
7566,Naive Bayes,83.76603634,83.87761306,87.79411765,85.53532646,"['sex', 'cp', 'trestbps', 'fbs', 'restecg', 'thalach', 'oldpeak', 'ca', 'thal']"
7567,Naive Bayes,81.77678902,82.95760234,84.74264706,83.47366522,"['sex', 'cp', 'trestbps', 'fbs', 'restecg', 'thalach', 'slope', 'ca', 'thal']"
7568,Naive Bayes,79.54022989,80.42486732,83.08823529,81.49244546,"['sex', 'cp', 'trestbps', 'fbs', 'restecg', 'exang', 'oldpeak', 'slope', 'ca']"
7569,Naive Bayes,80.54022989,81.70383538,83.63970588,82.22317853,"['sex', 'cp', 'trestbps', 'fbs', 'restecg', 'exang', 'oldpeak', 'slope', 'thal']"
7570,Naive Bayes,82.15313311,83.31372549,84.85294118,83.90018373,"['sex', 'cp', 'trestbps', 'fbs', 'restecg', 'exang', 'oldpeak', 'ca', 'thal']"
7571,Naive Bayes,80.49647757,82.28333088,83.56617647,82.53533696,"['sex', 'cp', 'trestbps', 'fbs', 'restecg', 'exang', 'slope', 'ca', 'thal']"
7572,Naive Bayes,82.1323693,82.31981971,86.61764706,84.20714545,"['sex', 'cp', 'trestbps', 'fbs', 'restecg', 'oldpeak', 'slope', 'ca', 'thal']"
7573,Naive Bayes,80.5839822,80.53439972,84.96323529,82.5746322,"['sex', 'cp', 'trestbps', 'fbs', 'thalach', 'exang', 'oldpeak', 'slope', 'ca']"
7574,Naive Bayes,81.84056359,82.61154725,84.85294118,83.55303133,"['sex', 'cp', 'trestbps', 'fbs', 'thalach', 'exang', 'oldpeak', 'slope', 'thal']"
7575,Naive Bayes,83.15387468,84.19207946,86.10294118,84.89722174,"['sex', 'cp', 'trestbps', 'fbs', 'thalach', 'exang', 'oldpeak', 'ca', 'thal']"
7576,Naive Bayes,80.18464961,81.86227824,83.01470588,82.1616371,"['sex', 'cp', 'trestbps', 'fbs', 'thalach', 'exang', 'slope', 'ca', 'thal']"
7577,Naive Bayes,82.15313311,81.85768342,87.24264706,84.1902821,"['sex', 'cp', 'trestbps', 'fbs', 'thalach', 'oldpeak', 'slope', 'ca', 'thal']"
7578,Naive Bayes,81.50797182,83.21975896,83.63970588,83.18592437,"['sex', 'cp', 'trestbps', 'fbs', 'exang', 'oldpeak', 'slope', 'ca', 'thal']"
7579,Naive Bayes,80.57322951,81.14047988,84.375,82.53414328,"['sex', 'cp', 'trestbps', 'restecg', 'thalach', 'exang', 'oldpeak', 'slope', 'ca']"
7580,Naive Bayes,82.2183908,82.69574058,85.51470588,83.90919673,"['sex', 'cp', 'trestbps', 'restecg', 'thalach', 'exang', 'oldpeak', 'slope', 'thal']"
7581,Naive Bayes,83.1868743,83.98447712,86.13970588,84.89693424,"['sex', 'cp', 'trestbps', 'restecg', 'thalach', 'exang', 'oldpeak', 'ca', 'thal']"
7582,Naive Bayes,80.86281053,82.33219691,83.63970588,82.7361341,"['sex', 'cp', 'trestbps', 'restecg', 'thalach', 'exang', 'slope', 'ca', 'thal']"
7583,Naive Bayes,83.15387468,82.0978795,89.08088235,85.25224422,"['sex', 'cp', 'trestbps', 'restecg', 'thalach', 'oldpeak', 'slope', 'ca', 'thal']"
7584,Naive Bayes,81.51872451,83.18308025,83.67647059,83.14781216,"['sex', 'cp', 'trestbps', 'restecg', 'exang', 'oldpeak', 'slope', 'ca', 'thal']"
7585,Naive Bayes,81.51872451,82.69739299,84.26470588,83.29497811,"['sex', 'cp', 'trestbps', 'thalach', 'exang', 'oldpeak', 'slope', 'ca', 'thal']"
7586,Naive Bayes,80.30589544,80.93986663,83.82352941,82.04217413,"['sex', 'cp', 'chol', 'fbs', 'restecg', 'thalach', 'exang', 'oldpeak', 'slope']"
7587,Naive Bayes,80.55172414,81.20175439,84.33823529,82.58187185,"['sex', 'cp', 'chol', 'fbs', 'restecg', 'thalach', 'exang', 'oldpeak', 'ca']"
7588,Naive Bayes,81.20689655,82.46692712,84.26470588,83.10661582,"['sex', 'cp', 'chol', 'fbs', 'restecg', 'thalach', 'exang', 'oldpeak', 'thal']"
7589,Naive Bayes,78.30515387,79.70735663,81.875,80.53796373,"['sex', 'cp', 'chol', 'fbs', 'restecg', 'thalach', 'exang', 'slope', 'ca']"
7590,Naive Bayes,78.62699296,80.18063636,81.80147059,80.65898643,"['sex', 'cp', 'chol', 'fbs', 'restecg', 'thalach', 'exang', 'slope', 'thal']"
7591,Naive Bayes,79.57322951,82.12920404,81.83823529,81.57338607,"['sex', 'cp', 'chol', 'fbs', 'restecg', 'thalach', 'exang', 'ca', 'thal']"
7592,Naive Bayes,79.22914349,78.79255793,85.51470588,81.82696774,"['sex', 'cp', 'chol', 'fbs', 'restecg', 'thalach', 'oldpeak', 'slope', 'ca']"
7593,Naive Bayes,81.57471264,82.71881576,84.88970588,83.42935141,"['sex', 'cp', 'chol', 'fbs', 'restecg', 'thalach', 'oldpeak', 'slope', 'thal']"
7594,Naive Bayes,83.79903597,83.9209482,87.83088235,85.63572702,"['sex', 'cp', 'chol', 'fbs', 'restecg', 'thalach', 'oldpeak', 'ca', 'thal']"
7595,Naive Bayes,82.1323693,83.5217049,84.77941176,83.81479402,"['sex', 'cp', 'chol', 'fbs', 'restecg', 'thalach', 'slope', 'ca', 'thal']"
7596,Naive Bayes,79.89655172,80.6142808,83.08823529,81.67557932,"['sex', 'cp', 'chol', 'fbs', 'restecg', 'exang', 'oldpeak', 'slope', 'ca']"
7597,Naive Bayes,80.20615499,80.99142322,83.63970588,81.87732545,"['sex', 'cp', 'chol', 'fbs', 'restecg', 'exang', 'oldpeak', 'slope', 'thal']"
7598,Naive Bayes,81.81905821,83.11577965,84.26470588,83.50768186,"['sex', 'cp', 'chol', 'fbs', 'restecg', 'exang', 'oldpeak', 'ca', 'thal']"
7599,Naive Bayes,82.17538005,83.64912281,84.85294118,83.90841218,"['sex', 'cp', 'chol', 'fbs', 'restecg', 'exang', 'slope', 'ca', 'thal']"
7600,Naive Bayes,82.7982944,83.07628139,86.65441176,84.6583928,"['sex', 'cp', 'chol', 'fbs', 'restecg', 'oldpeak', 'slope', 'ca', 'thal']"
7601,Naive Bayes,81.89581016,82.24273306,85.58823529,83.73927401,"['sex', 'cp', 'chol', 'fbs', 'thalach', 'exang', 'oldpeak', 'slope', 'ca']"
7602,Naive Bayes,81.85205784,82.94655757,84.22794118,83.42877679,"['sex', 'cp', 'chol', 'fbs', 'thalach', 'exang', 'oldpeak', 'slope', 'thal']"
7603,Naive Bayes,81.85354097,82.71547128,84.85294118,83.66941747,"['sex', 'cp', 'chol', 'fbs', 'thalach', 'exang', 'oldpeak', 'ca', 'thal']"
7604,Naive Bayes,81.21913237,82.0769141,84.85294118,83.13945984,"['sex', 'cp', 'chol', 'fbs', 'thalach', 'exang', 'slope', 'ca', 'thal']"
7605,Naive Bayes,81.86429366,82.2127193,86.02941176,83.86905356,"['sex', 'cp', 'chol', 'fbs', 'thalach', 'oldpeak', 'slope', 'ca', 'thal']"
7606,Naive Bayes,81.50797182,82.68986805,84.26470588,83.27938096,"['sex', 'cp', 'chol', 'fbs', 'exang', 'oldpeak', 'slope', 'ca', 'thal']"
7607,Naive Bayes,80.57322951,81.16366283,84.33823529,82.54545455,"['sex', 'cp', 'chol', 'restecg', 'thalach', 'exang', 'oldpeak', 'slope', 'ca']"
7608,Naive Bayes,82.2183908,82.92449875,84.92647059,83.76289152,"['sex', 'cp', 'chol', 'restecg', 'thalach', 'exang', 'oldpeak', 'slope', 'thal']"
7609,Naive Bayes,81.5524657,81.89490884,85.51470588,83.51946204,"['sex', 'cp', 'chol', 'restecg', 'thalach', 'exang', 'oldpeak', 'ca', 'thal']"
7610,Naive Bayes,80.90730441,81.91619981,84.30147059,82.81241054,"['sex', 'cp', 'chol', 'restecg', 'thalach', 'exang', 'slope', 'ca', 'thal']"
7611,Naive Bayes,83.17612162,83.30380486,87.27941176,85.05245923,"['sex', 'cp', 'chol', 'restecg', 'thalach', 'oldpeak', 'slope', 'ca', 'thal']"
7612,Naive Bayes,80.19614386,81.60464888,83.05147059,82.03823954,"['sex', 'cp', 'chol', 'restecg', 'exang', 'oldpeak', 'slope', 'ca', 'thal']"
7613,Naive Bayes,81.18539118,82.32897194,84.26470588,83.07275589,"['sex', 'cp', 'chol', 'thalach', 'exang', 'oldpeak', 'slope', 'ca', 'thal']"
7614,Naive Bayes,79.56247683,80.08095607,83.71323529,81.64128682,"['sex', 'cp', 'fbs', 'restecg', 'thalach', 'exang', 'oldpeak', 'slope', 'ca']"
7615,Naive Bayes,81.19614386,82.25333413,83.63970588,82.73552674,"['sex', 'cp', 'fbs', 'restecg', 'thalach', 'exang', 'oldpeak', 'slope', 'thal']"
7616,Naive Bayes,82.50945495,83.34047128,85.47794118,84.27770624,"['sex', 'cp', 'fbs', 'restecg', 'thalach', 'exang', 'oldpeak', 'ca', 'thal']"
7617,Naive Bayes,80.89655172,81.97887488,84.26470588,82.80332538,"['sex', 'cp', 'fbs', 'restecg', 'thalach', 'exang', 'slope', 'ca', 'thal']"
7618,Naive Bayes,81.50871339,81.19801342,86.61764706,83.68120496,"['sex', 'cp', 'fbs', 'restecg', 'thalach', 'oldpeak', 'slope', 'ca', 'thal']"
7619,Naive Bayes,80.51872451,82.15448548,83.05147059,82.34980053,"['sex', 'cp', 'fbs', 'restecg', 'exang', 'oldpeak', 'slope', 'ca', 'thal']"
7620,Naive Bayes,81.17463849,81.91230527,84.85294118,83.14373882,"['sex', 'cp', 'fbs', 'thalach', 'exang', 'oldpeak', 'slope', 'ca', 'thal']"
7621,Naive Bayes,81.19688543,82.28135289,84.26470588,83.05125051,"['sex', 'cp', 'restecg', 'thalach', 'exang', 'oldpeak', 'slope', 'ca', 'thal']"
7622,Naive Bayes,78.60474601,79.72542735,81.875,80.54236443,"['sex', 'trestbps', 'chol', 'fbs', 'restecg', 'thalach', 'exang', 'oldpeak', 'slope']"
7623,Naive Bayes,77.52651094,78.26367389,81.875,79.93481029,"['sex', 'trestbps', 'chol', 'fbs', 'restecg', 'thalach', 'exang', 'oldpeak', 'ca']"
7624,Naive Bayes,79.87282165,81.72047152,81.875,81.52386292,"['sex', 'trestbps', 'chol', 'fbs', 'restecg', 'thalach', 'exang', 'oldpeak', 'thal']"
7625,Naive Bayes,76.60474601,77.767507,80,78.75809327,"['sex', 'trestbps', 'chol', 'fbs', 'restecg', 'thalach', 'exang', 'slope', 'ca']"
7626,Naive Bayes,75.91434928,78.83516484,76.94852941,77.43989186,"['sex', 'trestbps', 'chol', 'fbs', 'restecg', 'thalach', 'exang', 'slope', 'thal']"
7627,Naive Bayes,78.55098257,81.12250602,79.33823529,79.97975828,"['sex', 'trestbps', 'chol', 'fbs', 'restecg', 'thalach', 'exang', 'ca', 'thal']"
7628,Naive Bayes,76.60474601,76.28289474,83.08823529,79.40999393,"['sex', 'trestbps', 'chol', 'fbs', 'restecg', 'thalach', 'oldpeak', 'slope', 'ca']"
7629,Naive Bayes,77.60474601,78.93576938,80.625,79.44513953,"['sex', 'trestbps', 'chol', 'fbs', 'restecg', 'thalach', 'oldpeak', 'slope', 'thal']"
7630,Naive Bayes,79.88505747,80.96507199,82.46323529,81.52164502,"['sex', 'trestbps', 'chol', 'fbs', 'restecg', 'thalach', 'oldpeak', 'ca', 'thal']"
7631,Naive Bayes,77.82758621,80.07617082,79.92647059,79.40957224,"['sex', 'trestbps', 'chol', 'fbs', 'restecg', 'thalach', 'slope', 'ca', 'thal']"
7632,Naive Bayes,76.89358547,79.45757021,78.82352941,78.85561504,"['sex', 'trestbps', 'chol', 'fbs', 'restecg', 'exang', 'oldpeak', 'slope', 'ca']"
7633,Naive Bayes,79.21690768,83.32124618,78.23529412,80.03734145,"['sex', 'trestbps', 'chol', 'fbs', 'restecg', 'exang', 'oldpeak', 'slope', 'thal']"
7634,Naive Bayes,76.88357434,79.21673669,78.78676471,78.80220528,"['sex', 'trestbps', 'chol', 'fbs', 'restecg', 'exang', 'oldpeak', 'ca', 'thal']"
7635,Naive Bayes,77.85057471,82.53928966,76.28676471,78.72044462,"['sex', 'trestbps', 'chol', 'fbs', 'restecg', 'exang', 'slope', 'ca', 'thal']"
7636,Naive Bayes,77.57248795,79.7287662,79.375,79.16653093,"['sex', 'trestbps', 'chol', 'fbs', 'restecg', 'oldpeak', 'slope', 'ca', 'thal']"
7637,Naive Bayes,77.54949944,78.57086343,81.25,79.77668252,"['sex', 'trestbps', 'chol', 'fbs', 'thalach', 'exang', 'oldpeak', 'slope', 'ca']"
7638,Naive Bayes,79.55172414,81.91053473,80.625,80.95630254,"['sex', 'trestbps', 'chol', 'fbs', 'thalach', 'exang', 'oldpeak', 'slope', 'thal']"
7639,Naive Bayes,79.50797182,81.98029387,80.58823529,81.11368154,"['sex', 'trestbps', 'chol', 'fbs', 'thalach', 'exang', 'oldpeak', 'ca', 'thal']"
7640,Naive Bayes,78.57397108,82.23157725,77.57352941,79.57458054,"['sex', 'trestbps', 'chol', 'fbs', 'thalach', 'exang', 'slope', 'ca', 'thal']"
7641,Naive Bayes,78.88431591,80.51274491,81.21323529,80.52686529,"['sex', 'trestbps', 'chol', 'fbs', 'thalach', 'oldpeak', 'slope', 'ca', 'thal']"
7642,Naive Bayes,78.57322951,81.60884914,78.78676471,79.92659642,"['sex', 'trestbps', 'chol', 'fbs', 'exang', 'oldpeak', 'slope', 'ca', 'thal']"
7643,Naive Bayes,76.25917686,77.66158042,80.07352941,78.6222201,"['sex', 'trestbps', 'chol', 'restecg', 'thalach', 'exang', 'oldpeak', 'slope', 'ca']"
7644,Naive Bayes,79.87356322,82.13742548,81.28676471,81.31621714,"['sex', 'trestbps', 'chol', 'restecg', 'thalach', 'exang', 'oldpeak', 'slope', 'thal']"
7645,Naive Bayes,79.87430478,82.12023318,81.25,81.51871863,"['sex', 'trestbps', 'chol', 'restecg', 'thalach', 'exang', 'oldpeak', 'ca', 'thal']"
7646,Naive Bayes,80.56321839,83.76298212,80.625,81.93101929,"['sex', 'trestbps', 'chol', 'restecg', 'thalach', 'exang', 'slope', 'ca', 'thal']"
7647,Naive Bayes,78.5839822,80.38153926,80.66176471,80.18103119,"['sex', 'trestbps', 'chol', 'restecg', 'thalach', 'oldpeak', 'slope', 'ca', 'thal']"
7648,Naive Bayes,79.86355209,82.42210778,80.625,81.27518031,"['sex', 'trestbps', 'chol', 'restecg', 'exang', 'oldpeak', 'slope', 'ca', 'thal']"
7649,Naive Bayes,79.87356322,81.74003022,81.83823529,81.5898597,"['sex', 'trestbps', 'chol', 'thalach', 'exang', 'oldpeak', 'slope', 'ca', 'thal']"
7650,Naive Bayes,77.54949944,78.02269153,82.42647059,80.01237162,"['sex', 'trestbps', 'fbs', 'restecg', 'thalach', 'exang', 'oldpeak', 'slope', 'ca']"
7651,Naive Bayes,80.18539118,81.80409215,82.42647059,81.75861345,"['sex', 'trestbps', 'fbs', 'restecg', 'thalach', 'exang', 'oldpeak', 'slope', 'thal']"
7652,Naive Bayes,78.87356322,81.45158239,80.03676471,80.57419991,"['sex', 'trestbps', 'fbs', 'restecg', 'thalach', 'exang', 'oldpeak', 'ca', 'thal']"
7653,Naive Bayes,78.89655172,81.73132586,79.33823529,80.23594408,"['sex', 'trestbps', 'fbs', 'restecg', 'thalach', 'exang', 'slope', 'ca', 'thal']"
7654,Naive Bayes,77.90582128,80.0232562,79.41176471,79.39696655,"['sex', 'trestbps', 'fbs', 'restecg', 'thalach', 'oldpeak', 'slope', 'ca', 'thal']"
7655,Naive Bayes,79.50797182,82.28520302,79.96323529,80.86273129,"['sex', 'trestbps', 'fbs', 'restecg', 'exang', 'oldpeak', 'slope', 'ca', 'thal']"
7656,Naive Bayes,79.51872451,82.00824223,80.55147059,81.06347962,"['sex', 'trestbps', 'fbs', 'thalach', 'exang', 'oldpeak', 'slope', 'ca', 'thal']"
7657,Naive Bayes,80.49721913,82.61941619,81.80147059,82.08966769,"['sex', 'trestbps', 'restecg', 'thalach', 'exang', 'oldpeak', 'slope', 'ca', 'thal']"
7658,Naive Bayes,76.90433815,78.2439602,80.66176471,79.19201286,"['sex', 'chol', 'fbs', 'restecg', 'thalach', 'exang', 'oldpeak', 'slope', 'ca']"
7659,Naive Bayes,79.87356322,82.11349925,81.28676471,81.31276708,"['sex', 'chol', 'fbs', 'restecg', 'thalach', 'exang', 'oldpeak', 'slope', 'thal']"
7660,Naive Bayes,80.18539118,81.77184383,82.46323529,81.98180607,"['sex', 'chol', 'fbs', 'restecg', 'thalach', 'exang', 'oldpeak', 'ca', 'thal']"
7661,Naive Bayes,79.24063775,82.53267076,78.78676471,80.35670452,"['sex', 'chol', 'fbs', 'restecg', 'thalach', 'exang', 'slope', 'ca', 'thal']"
7662,Naive Bayes,79.23989618,81.35055635,80.625,80.58869293,"['sex', 'chol', 'fbs', 'restecg', 'thalach', 'oldpeak', 'slope', 'ca', 'thal']"
7663,Naive Bayes,79.8298109,82.50053915,80.55147059,81.32094243,"['sex', 'chol', 'fbs', 'restecg', 'exang', 'oldpeak', 'slope', 'ca', 'thal']"
7664,Naive Bayes,78.85131628,80.94498359,80.58823529,80.58853055,"['sex', 'chol', 'fbs', 'thalach', 'exang', 'oldpeak', 'slope', 'ca', 'thal']"
7665,Naive Bayes,79.86281053,82.26320704,81.25,81.59095427,"['sex', 'chol', 'restecg', 'thalach', 'exang', 'oldpeak', 'slope', 'ca', 'thal']"
7666,Naive Bayes,79.50723026,81.73338229,81.21323529,81.264651,"['sex', 'fbs', 'restecg', 'thalach', 'exang', 'oldpeak', 'slope', 'ca', 'thal']"
7667,Naive Bayes,78.29291806,78.50650523,83.19852941,80.55034689,"['cp', 'trestbps', 'chol', 'fbs', 'restecg', 'thalach', 'exang', 'oldpeak', 'slope']"
7668,Naive Bayes,78.63700408,79.21891125,82.61029412,80.76916221,"['cp', 'trestbps', 'chol', 'fbs', 'restecg', 'thalach', 'exang', 'oldpeak', 'ca']"
7669,Naive Bayes,80.58324064,81.08337633,84.375,82.52744989,"['cp', 'trestbps', 'chol', 'fbs', 'restecg', 'thalach', 'exang', 'oldpeak', 'thal']"
7670,Naive Bayes,77.94883204,78.19441373,83.125,80.43121311,"['cp', 'trestbps', 'chol', 'fbs', 'restecg', 'thalach', 'exang', 'slope', 'ca']"
7671,Naive Bayes,78.21542455,79.34920635,81.80147059,80.3480804,"['cp', 'trestbps', 'chol', 'fbs', 'restecg', 'thalach', 'exang', 'slope', 'thal']"
7672,Naive Bayes,79.91731554,81.89188044,81.91176471,81.6642061,"['cp', 'trestbps', 'chol', 'fbs', 'restecg', 'thalach', 'exang', 'ca', 'thal']"
7673,Naive Bayes,78.2499073,77.55029787,85.51470588,81.1508579,"['cp', 'trestbps', 'chol', 'fbs', 'restecg', 'thalach', 'oldpeak', 'slope', 'ca']"
7674,Naive Bayes,81.53948832,81.30119416,86.69117647,83.66138106,"['cp', 'trestbps', 'chol', 'fbs', 'restecg', 'thalach', 'oldpeak', 'slope', 'thal']"
7675,Naive Bayes,81.86429366,82.16744066,86.10294118,83.91038925,"['cp', 'trestbps', 'chol', 'fbs', 'restecg', 'thalach', 'oldpeak', 'ca', 'thal']"
7676,Naive Bayes,79.81831665,81.02874834,83.56617647,82.00891654,"['cp', 'trestbps', 'chol', 'fbs', 'restecg', 'thalach', 'slope', 'ca', 'thal']"
7677,Naive Bayes,78.26065999,79.01401789,82.53676471,80.49656158,"['cp', 'trestbps', 'chol', 'fbs', 'restecg', 'exang', 'oldpeak', 'slope', 'ca']"
7678,Naive Bayes,80.87356322,81.28999582,84.88970588,82.76467376,"['cp', 'trestbps', 'chol', 'fbs', 'restecg', 'exang', 'oldpeak', 'slope', 'thal']"
7679,Naive Bayes,79.5839822,80.54398865,83.125,81.60206429,"['cp', 'trestbps', 'chol', 'fbs', 'restecg', 'exang', 'oldpeak', 'ca', 'thal']"
7680,Naive Bayes,79.89506859,81.38013539,83.08823529,81.88924907,"['cp', 'trestbps', 'chol', 'fbs', 'restecg', 'exang', 'slope', 'ca', 'thal']"
7681,Naive Bayes,81.50871339,80.52282109,88.45588235,84.09004094,"['cp', 'trestbps', 'chol', 'fbs', 'restecg', 'oldpeak', 'slope', 'ca', 'thal']"
7682,Naive Bayes,79.26065999,80.23877709,82.53676471,81.21621611,"['cp', 'trestbps', 'chol', 'fbs', 'thalach', 'exang', 'oldpeak', 'slope', 'ca']"
7683,Naive Bayes,80.22766036,81.44174161,83.125,82.05376344,"['cp', 'trestbps', 'chol', 'fbs', 'thalach', 'exang', 'oldpeak', 'slope', 'thal']"
7684,Naive Bayes,81.57322951,82.21753526,84.96323529,83.36524228,"['cp', 'trestbps', 'chol', 'fbs', 'thalach', 'exang', 'oldpeak', 'ca', 'thal']"
7685,Naive Bayes,79.23841305,80.85305411,82.46323529,81.27961783,"['cp', 'trestbps', 'chol', 'fbs', 'thalach', 'exang', 'slope', 'ca', 'thal']"
7686,Naive Bayes,80.55098257,79.97401592,86.69117647,82.91225864,"['cp', 'trestbps', 'chol', 'fbs', 'thalach', 'oldpeak', 'slope', 'ca', 'thal']"
7687,Naive Bayes,80.55098257,81.65779031,83.67647059,82.40477354,"['cp', 'trestbps', 'chol', 'fbs', 'exang', 'oldpeak', 'slope', 'ca', 'thal']"
7688,Naive Bayes,78.95958472,79.62181803,82.61029412,80.96514515,"['cp', 'trestbps', 'chol', 'restecg', 'thalach', 'exang', 'oldpeak', 'slope', 'ca']"
7689,Naive Bayes,79.91583241,81.04700477,83.125,81.84524945,"['cp', 'trestbps', 'chol', 'restecg', 'thalach', 'exang', 'oldpeak', 'slope', 'thal']"
7690,Naive Bayes,80.90656285,81.95093739,83.75,82.66368894,"['cp', 'trestbps', 'chol', 'restecg', 'thalach', 'exang', 'oldpeak', 'ca', 'thal']"
7691,Naive Bayes,79.21616611,81.14879346,81.83823529,81.18738274,"['cp', 'trestbps', 'chol', 'restecg', 'thalach', 'exang', 'slope', 'ca', 'thal']"
7692,Naive Bayes,81.5294772,81.40070765,86.69117647,83.67443271,"['cp', 'trestbps', 'chol', 'restecg', 'thalach', 'oldpeak', 'slope', 'ca', 'thal']"
7693,Naive Bayes,81.56247683,82.66752666,84.33823529,83.29639202,"['cp', 'trestbps', 'chol', 'restecg', 'exang', 'oldpeak', 'slope', 'ca', 'thal']"
7694,Naive Bayes,80.57248795,81.28835569,83.75,82.38690579,"['cp', 'trestbps', 'chol', 'thalach', 'exang', 'oldpeak', 'slope', 'ca', 'thal']"
7695,Naive Bayes,78.93807935,80.12181803,81.94852941,80.88288277,"['cp', 'trestbps', 'fbs', 'restecg', 'thalach', 'exang', 'oldpeak', 'slope', 'ca']"
7696,Naive Bayes,80.92806822,81.35006634,84.96323529,82.89826811,"['cp', 'trestbps', 'fbs', 'restecg', 'thalach', 'exang', 'oldpeak', 'slope', 'thal']"
7697,Naive Bayes,81.23989618,81.72733918,84.96323529,83.09786261,"['cp', 'trestbps', 'fbs', 'restecg', 'thalach', 'exang', 'oldpeak', 'ca', 'thal']"
7698,Naive Bayes,79.21616611,80.82715603,82.42647059,81.28262083,"['cp', 'trestbps', 'fbs', 'restecg', 'thalach', 'exang', 'slope', 'ca', 'thal']"
7699,Naive Bayes,81.20689655,80.70440808,87.27941176,83.56884825,"['cp', 'trestbps', 'fbs', 'restecg', 'thalach', 'oldpeak', 'slope', 'ca', 'thal']"
7700,Naive Bayes,81.87430478,82.87353801,84.88970588,83.63992459,"['cp', 'trestbps', 'fbs', 'restecg', 'exang', 'oldpeak', 'slope', 'ca', 'thal']"
7701,Naive Bayes,80.55098257,81.75684309,83.08823529,82.28533231,"['cp', 'trestbps', 'fbs', 'thalach', 'exang', 'oldpeak', 'slope', 'ca', 'thal']"
7702,Naive Bayes,80.89506859,81.85208118,83.75,82.67465725,"['cp', 'trestbps', 'restecg', 'thalach', 'exang', 'oldpeak', 'slope', 'ca', 'thal']"
7703,Naive Bayes,78.93807935,80.39551084,81.36029412,80.72602003,"['cp', 'chol', 'fbs', 'restecg', 'thalach', 'exang', 'oldpeak', 'slope', 'ca']"
7704,Naive Bayes,80.90582128,82.07654553,83.75,82.70075758,"['cp', 'chol', 'fbs', 'restecg', 'thalach', 'exang', 'oldpeak', 'slope', 'thal']"
7705,Naive Bayes,80.91731554,81.94113347,83.75,82.70379589,"['cp', 'chol', 'fbs', 'restecg', 'thalach', 'exang', 'oldpeak', 'ca', 'thal']"
7706,Naive Bayes,79.2499073,80.8128606,82.46323529,81.2424223,"['cp', 'chol', 'fbs', 'restecg', 'thalach', 'exang', 'slope', 'ca', 'thal']"
7707,Naive Bayes,80.89581016,80.76027077,86.10294118,83.0811241,"['cp', 'chol', 'fbs', 'restecg', 'thalach', 'oldpeak', 'slope', 'ca', 'thal']"
7708,Naive Bayes,80.23989618,81.99740159,82.46323529,82.04145823,"['cp', 'chol', 'fbs', 'restecg', 'exang', 'oldpeak', 'slope', 'ca', 'thal']"
7709,Naive Bayes,80.26140156,82.08282348,81.94852941,81.83898075,"['cp', 'chol', 'fbs', 'thalach', 'exang', 'oldpeak', 'slope', 'ca', 'thal']"
7710,Naive Bayes,80.92880979,81.8181176,83.75,82.62480901,"['cp', 'chol', 'restecg', 'thalach', 'exang', 'oldpeak', 'slope', 'ca', 'thal']"
7711,Naive Bayes,81.90730441,82.5751204,84.96323529,83.63579171,"['cp', 'fbs', 'restecg', 'thalach', 'exang', 'oldpeak', 'slope', 'ca', 'thal']"
7712,Naive Bayes,76.32591769,77.74174407,79.52205882,78.49390969,"['trestbps', 'chol', 'fbs', 'restecg', 'thalach', 'exang', 'oldpeak', 'slope', 'ca']"
7713,Naive Bayes,78.9495736,81.62518287,79.52205882,80.30237988,"['trestbps', 'chol', 'fbs', 'restecg', 'thalach', 'exang', 'oldpeak', 'slope', 'thal']"
7714,Naive Bayes,77.89432703,80.3118765,79.44852941,79.73630244,"['trestbps', 'chol', 'fbs', 'restecg', 'thalach', 'exang', 'oldpeak', 'ca', 'thal']"
7715,Naive Bayes,78.27289581,80.78257389,79.41176471,79.89290049,"['trestbps', 'chol', 'fbs', 'restecg', 'thalach', 'exang', 'slope', 'ca', 'thal']"
7716,Naive Bayes,79.57397108,80.26960784,83.08823529,81.52197326,"['trestbps', 'chol', 'fbs', 'restecg', 'thalach', 'oldpeak', 'slope', 'ca', 'thal']"
7717,Naive Bayes,77.27215425,80.23313043,78.19852941,78.94700244,"['trestbps', 'chol', 'fbs', 'restecg', 'exang', 'oldpeak', 'slope', 'ca', 'thal']"
7718,Naive Bayes,78.87282165,80.94148361,80.625,80.63810304,"['trestbps', 'chol', 'fbs', 'thalach', 'exang', 'oldpeak', 'slope', 'ca', 'thal']"
7719,Naive Bayes,78.90582128,80.9623753,80.66176471,80.68072566,"['trestbps', 'chol', 'restecg', 'thalach', 'exang', 'oldpeak', 'slope', 'ca', 'thal']"
7720,Naive Bayes,78.22766036,80.89110644,79.44852941,79.9995133,"['trestbps', 'fbs', 'restecg', 'thalach', 'exang', 'oldpeak', 'slope', 'ca', 'thal']"
7721,Naive Bayes,78.55024101,80.40522876,80.66176471,80.40872947,"['chol', 'fbs', 'restecg', 'thalach', 'exang', 'oldpeak', 'slope', 'ca', 'thal']"
7722,Naive Bayes,79.28216537,79.50859993,83.78676471,81.43925715,"['age', 'sex', 'cp', 'trestbps', 'chol', 'fbs', 'restecg', 'thalach', 'exang', 'oldpeak']"
7723,Naive Bayes,74.64553207,75.50808394,79.48529412,77.33006399,"['age', 'sex', 'cp', 'trestbps', 'chol', 'fbs', 'restecg', 'thalach', 'exang', 'slope']"
7724,Naive Bayes,78.90507972,80.09204384,82.5,81.07917409,"['age', 'sex', 'cp', 'trestbps', 'chol', 'fbs', 'restecg', 'thalach', 'exang', 'ca']"
7725,Naive Bayes,77.53726363,79.51875116,79.96323529,79.44293412,"['age', 'sex', 'cp', 'trestbps', 'chol', 'fbs', 'restecg', 'thalach', 'exang', 'thal']"
7726,Naive Bayes,78.2814238,77.19756387,86.21323529,81.21229404,"['age', 'sex', 'cp', 'trestbps', 'chol', 'fbs', 'restecg', 'thalach', 'oldpeak', 'slope']"
7727,Naive Bayes,80.18539118,79.4836914,86.72794118,82.79071118,"['age', 'sex', 'cp', 'trestbps', 'chol', 'fbs', 'restecg', 'thalach', 'oldpeak', 'ca']"
7728,Naive Bayes,81.51872451,83.37815126,83.05147059,82.94410319,"['age', 'sex', 'cp', 'trestbps', 'chol', 'fbs', 'restecg', 'thalach', 'oldpeak', 'thal']"
7729,Naive Bayes,77.5272525,77.37001204,84.26470588,80.49858998,"['age', 'sex', 'cp', 'trestbps', 'chol', 'fbs', 'restecg', 'thalach', 'slope', 'ca']"
7730,Naive Bayes,79.51872451,83.00832754,79.30147059,80.61516193,"['age', 'sex', 'cp', 'trestbps', 'chol', 'fbs', 'restecg', 'thalach', 'slope', 'thal']"
7731,Naive Bayes,79.13941416,80.29322552,82.31617647,81.01718789,"['age', 'sex', 'cp', 'trestbps', 'chol', 'fbs', 'restecg', 'thalach', 'ca', 'thal']"
7732,Naive Bayes,79.90582128,79.91063443,84.33823529,81.77867937,"['age', 'sex', 'cp', 'trestbps', 'chol', 'fbs', 'restecg', 'exang', 'oldpeak', 'slope']"
7733,Naive Bayes,77.57100482,79.04411765,80.73529412,79.6852347,"['age', 'sex', 'cp', 'trestbps', 'chol', 'fbs', 'restecg', 'exang', 'oldpeak', 'ca']"
7734,Naive Bayes,80.20689655,81.72287336,82.46323529,81.69614824,"['age', 'sex', 'cp', 'trestbps', 'chol', 'fbs', 'restecg', 'exang', 'oldpeak', 'thal']"
7735,Naive Bayes,76.58175751,78.52986633,79.41176471,78.77080783,"['age', 'sex', 'cp', 'trestbps', 'chol', 'fbs', 'restecg', 'exang', 'slope', 'ca']"
7736,Naive Bayes,79.17389692,82.58491676,78.71323529,80.35985932,"['age', 'sex', 'cp', 'trestbps', 'chol', 'fbs', 'restecg', 'exang', 'slope', 'thal']"
7737,Naive Bayes,78.21690768,80.66037811,80.58823529,80.0843979,"['age', 'sex', 'cp', 'trestbps', 'chol', 'fbs', 'restecg', 'exang', 'ca', 'thal']"
7738,Naive Bayes,79.86281053,78.55757654,87.24264706,82.57709533,"['age', 'sex', 'cp', 'trestbps', 'chol', 'fbs', 'restecg', 'oldpeak', 'slope', 'ca']"
7739,Naive Bayes,80.8865406,82.64339157,82.42647059,82.34698982,"['age', 'sex', 'cp', 'trestbps', 'chol', 'fbs', 'restecg', 'oldpeak', 'slope', 'thal']"
7740,Naive Bayes,79.20763812,79.69463543,83.63970588,81.39541367,"['age', 'sex', 'cp', 'trestbps', 'chol', 'fbs', 'restecg', 'oldpeak', 'ca', 'thal']"
7741,Naive Bayes,79.14089729,80.31404212,82.31617647,80.87933003,"['age', 'sex', 'cp', 'trestbps', 'chol', 'fbs', 'restecg', 'slope', 'ca', 'thal']"
7742,Naive Bayes,79.60548758,80.48012187,82.57352941,81.31856379,"['age', 'sex', 'cp', 'trestbps', 'chol', 'fbs', 'thalach', 'exang', 'oldpeak', 'slope']"
7743,Naive Bayes,80.88431591,81.21155831,84.92647059,82.94415009,"['age', 'sex', 'cp', 'trestbps', 'chol', 'fbs', 'thalach', 'exang', 'oldpeak', 'ca']"
7744,Naive Bayes,82.17463849,83.87558357,83.63970588,83.65902827,"['age', 'sex', 'cp', 'trestbps', 'chol', 'fbs', 'thalach', 'exang', 'oldpeak', 'thal']"
7745,Naive Bayes,77.60326288,78.4962406,81.91176471,80.03599015,"['age', 'sex', 'cp', 'trestbps', 'chol', 'fbs', 'thalach', 'exang', 'slope', 'ca']"
7746,Naive Bayes,78.88283278,80.8021893,81.21323529,80.80962963,"['age', 'sex', 'cp', 'trestbps', 'chol', 'fbs', 'thalach', 'exang', 'slope', 'thal']"
7747,Naive Bayes,79.21764924,80.96126204,81.80147059,81.09080087,"['age', 'sex', 'cp', 'trestbps', 'chol', 'fbs', 'thalach', 'exang', 'ca', 'thal']"
7748,Naive Bayes,78.91657397,78.44444444,84.92647059,81.47215971,"['age', 'sex', 'cp', 'trestbps', 'chol', 'fbs', 'thalach', 'oldpeak', 'slope', 'ca']"
7749,Naive Bayes,82.21987393,84.30976952,83.63970588,83.63300393,"['age', 'sex', 'cp', 'trestbps', 'chol', 'fbs', 'thalach', 'oldpeak', 'slope', 'thal']"
7750,Naive Bayes,82.80978865,82.73082215,86.61764706,84.53511942,"['age', 'sex', 'cp', 'trestbps', 'chol', 'fbs', 'thalach', 'oldpeak', 'ca', 'thal']"
7751,Naive Bayes,81.83129403,83.10457516,84.19117647,83.39094729,"['age', 'sex', 'cp', 'trestbps', 'chol', 'fbs', 'thalach', 'slope', 'ca', 'thal']"
7752,Naive Bayes,80.24063775,81.61919505,82.5,81.91181707,"['age', 'sex', 'cp', 'trestbps', 'chol', 'fbs', 'exang', 'oldpeak', 'slope', 'ca']"
7753,Naive Bayes,80.51798294,83.01151162,81.21323529,81.90441279,"['age', 'sex', 'cp', 'trestbps', 'chol', 'fbs', 'exang', 'oldpeak', 'slope', 'thal']"
7754,Naive Bayes,81.80830552,82.74138164,84.85294118,83.631589,"['age', 'sex', 'cp', 'trestbps', 'chol', 'fbs', 'exang', 'oldpeak', 'ca', 'thal']"
7755,Naive Bayes,79.82906934,82.68515274,81.17647059,81.55329362,"['age', 'sex', 'cp', 'trestbps', 'chol', 'fbs', 'exang', 'slope', 'ca', 'thal']"
7756,Naive Bayes,81.46496107,82.27941176,84.81617647,83.3385657,"['age', 'sex', 'cp', 'trestbps', 'chol', 'fbs', 'oldpeak', 'slope', 'ca', 'thal']"
7757,Naive Bayes,79.63848721,80.2373151,83.23529412,81.48489024,"['age', 'sex', 'cp', 'trestbps', 'chol', 'restecg', 'thalach', 'exang', 'oldpeak', 'slope']"
7758,Naive Bayes,80.21690768,80.54652563,84.33823529,82.32117392,"['age', 'sex', 'cp', 'trestbps', 'chol', 'restecg', 'thalach', 'exang', 'oldpeak', 'ca']"
7759,Naive Bayes,81.21764924,82.22362278,84.30147059,83.03875157,"['age', 'sex', 'cp', 'trestbps', 'chol', 'restecg', 'thalach', 'exang', 'oldpeak', 'thal']"
7760,Naive Bayes,77.93733778,78.60104919,82.5,80.41361364,"['age', 'sex', 'cp', 'trestbps', 'chol', 'restecg', 'thalach', 'exang', 'slope', 'ca']"
7761,Naive Bayes,79.2499073,81.81344906,80.03676471,80.80877082,"['age', 'sex', 'cp', 'trestbps', 'chol', 'restecg', 'thalach', 'exang', 'slope', 'thal']"
7762,Naive Bayes,79.53948832,81.80160573,81.83823529,81.54412797,"['age', 'sex', 'cp', 'trestbps', 'chol', 'restecg', 'thalach', 'exang', 'ca', 'thal']"
7763,Naive Bayes,78.5839822,77.78431373,85.51470588,81.36431772,"['age', 'sex', 'cp', 'trestbps', 'chol', 'restecg', 'thalach', 'oldpeak', 'slope', 'ca']"
7764,Naive Bayes,82.24212088,83.63338493,84.26470588,83.78194181,"['age', 'sex', 'cp', 'trestbps', 'chol', 'restecg', 'thalach', 'oldpeak', 'slope', 'thal']"
7765,Naive Bayes,83.12087505,82.64508084,87.83088235,85.04584815,"['age', 'sex', 'cp', 'trestbps', 'chol', 'restecg', 'thalach', 'oldpeak', 'ca', 'thal']"
7766,Naive Bayes,81.80904709,83.0620915,84.19117647,83.33839445,"['age', 'sex', 'cp', 'trestbps', 'chol', 'restecg', 'thalach', 'slope', 'ca', 'thal']"
7767,Naive Bayes,79.59547646,81.14125387,81.91176471,81.37705771,"['age', 'sex', 'cp', 'trestbps', 'chol', 'restecg', 'exang', 'oldpeak', 'slope', 'ca']"
7768,Naive Bayes,81.19614386,82.48237628,83.67647059,82.83064721,"['age', 'sex', 'cp', 'trestbps', 'chol', 'restecg', 'exang', 'oldpeak', 'slope', 'thal']"
7769,Naive Bayes,82.47497219,83.36638164,85.47794118,84.256589,"['age', 'sex', 'cp', 'trestbps', 'chol', 'restecg', 'exang', 'oldpeak', 'ca', 'thal']"
7770,Naive Bayes,80.84056359,83.17370018,82.46323529,82.5818188,"['age', 'sex', 'cp', 'trestbps', 'chol', 'restecg', 'exang', 'slope', 'ca', 'thal']"
7771,Naive Bayes,82.47571376,82.66339869,86.69117647,84.49359252,"['age', 'sex', 'cp', 'trestbps', 'chol', 'restecg', 'oldpeak', 'slope', 'ca', 'thal']"
7772,Naive Bayes,80.92806822,81.04747162,85.03676471,82.85685638,"['age', 'sex', 'cp', 'trestbps', 'chol', 'thalach', 'exang', 'oldpeak', 'slope', 'ca']"
7773,Naive Bayes,81.51798294,83.22789818,83.08823529,82.99934695,"['age', 'sex', 'cp', 'trestbps', 'chol', 'thalach', 'exang', 'oldpeak', 'slope', 'thal']"
7774,Naive Bayes,82.78680015,84.40658632,84.85294118,84.4483066,"['age', 'sex', 'cp', 'trestbps', 'chol', 'thalach', 'exang', 'oldpeak', 'ca', 'thal']"
7775,Naive Bayes,80.51724138,82.32938351,83.05147059,82.43864032,"['age', 'sex', 'cp', 'trestbps', 'chol', 'thalach', 'exang', 'slope', 'ca', 'thal']"
7776,Naive Bayes,84.11012236,84.7166937,87.31617647,85.7109425,"['age', 'sex', 'cp', 'trestbps', 'chol', 'thalach', 'oldpeak', 'slope', 'ca', 'thal']"
7777,Naive Bayes,82.1638858,83.35756671,84.88970588,83.87785417,"['age', 'sex', 'cp', 'trestbps', 'chol', 'exang', 'oldpeak', 'slope', 'ca', 'thal']"
7778,Naive Bayes,79.30515387,79.8894356,83.19852941,81.23582578,"['age', 'sex', 'cp', 'trestbps', 'fbs', 'restecg', 'thalach', 'exang', 'oldpeak', 'slope']"
7779,Naive Bayes,81.18464961,81.24914001,85.51470588,83.26693405,"['age', 'sex', 'cp', 'trestbps', 'fbs', 'restecg', 'thalach', 'exang', 'oldpeak', 'ca']"
7780,Naive Bayes,81.83055247,82.8085471,84.81617647,83.62244394,"['age', 'sex', 'cp', 'trestbps', 'fbs', 'restecg', 'thalach', 'exang', 'oldpeak', 'thal']"
7781,Naive Bayes,76.94809047,78.56105951,80.07352941,79.22572636,"['age', 'sex', 'cp', 'trestbps', 'fbs', 'restecg', 'thalach', 'exang', 'slope', 'ca']"
7782,Naive Bayes,78.89506859,80.97980859,80.55147059,80.5547595,"['age', 'sex', 'cp', 'trestbps', 'fbs', 'restecg', 'thalach', 'exang', 'slope', 'thal']"
7783,Naive Bayes,79.87356322,81.74798374,82.42647059,81.72298405,"['age', 'sex', 'cp', 'trestbps', 'fbs', 'restecg', 'thalach', 'exang', 'ca', 'thal']"
7784,Naive Bayes,78.59473489,78.16421569,84.96323529,81.26245879,"['age', 'sex', 'cp', 'trestbps', 'fbs', 'restecg', 'thalach', 'oldpeak', 'slope', 'ca']"
7785,Naive Bayes,80.90804598,82.55276672,83.05147059,82.5964196,"['age', 'sex', 'cp', 'trestbps', 'fbs', 'restecg', 'thalach', 'oldpeak', 'slope', 'thal']"
7786,Naive Bayes,82.44345569,81.58066735,87.79411765,84.46886868,"['age', 'sex', 'cp', 'trestbps', 'fbs', 'restecg', 'thalach', 'oldpeak', 'ca', 'thal']"
7787,Naive Bayes,81.78828328,82.9246216,84.11764706,83.25900815,"['age', 'sex', 'cp', 'trestbps', 'fbs', 'restecg', 'thalach', 'slope', 'ca', 'thal']"
7788,Naive Bayes,79.88505747,81.07192614,82.46323529,81.59345556,"['age', 'sex', 'cp', 'trestbps', 'fbs', 'restecg', 'exang', 'oldpeak', 'slope', 'ca']"
7789,Naive Bayes,81.17463849,82.50245098,83.63970588,82.77698274,"['age', 'sex', 'cp', 'trestbps', 'fbs', 'restecg', 'exang', 'oldpeak', 'slope', 'thal']"
7790,Naive Bayes,81.79755284,82.52999533,85.44117647,83.77818097,"['age', 'sex', 'cp', 'trestbps', 'fbs', 'restecg', 'exang', 'oldpeak', 'ca', 'thal']"
7791,Naive Bayes,79.80756396,82.63709755,81.13970588,81.56000535,"['age', 'sex', 'cp', 'trestbps', 'fbs', 'restecg', 'exang', 'slope', 'ca', 'thal']"
7792,Naive Bayes,82.12087505,82.78193702,86.02941176,84.15687485,"['age', 'sex', 'cp', 'trestbps', 'fbs', 'restecg', 'oldpeak', 'slope', 'ca', 'thal']"
7793,Naive Bayes,80.59473489,80.98211214,84.41176471,82.53600076,"['age', 'sex', 'cp', 'trestbps', 'fbs', 'thalach', 'exang', 'oldpeak', 'slope', 'ca']"
7794,Naive Bayes,81.84056359,83.35289818,83.67647059,83.37813483,"['age', 'sex', 'cp', 'trestbps', 'fbs', 'thalach', 'exang', 'oldpeak', 'slope', 'thal']"
7795,Naive Bayes,83.44345569,84.76891985,86.06617647,85.16816648,"['age', 'sex', 'cp', 'trestbps', 'fbs', 'thalach', 'exang', 'oldpeak', 'ca', 'thal']"
7796,Naive Bayes,80.82906934,82.75422011,83.01470588,82.65356265,"['age', 'sex', 'cp', 'trestbps', 'fbs', 'thalach', 'exang', 'slope', 'ca', 'thal']"
7797,Naive Bayes,83.12087505,83.59502924,86.65441176,84.87789764,"['age', 'sex', 'cp', 'trestbps', 'fbs', 'thalach', 'oldpeak', 'slope', 'ca', 'thal']"
7798,Naive Bayes,82.15313311,83.32467197,84.85294118,83.9074357,"['age', 'sex', 'cp', 'trestbps', 'fbs', 'exang', 'oldpeak', 'slope', 'ca', 'thal']"
7799,Naive Bayes,81.22914349,81.94113347,84.375,82.99225379,"['age', 'sex', 'cp', 'trestbps', 'restecg', 'thalach', 'exang', 'oldpeak', 'slope', 'ca']"
7800,Naive Bayes,80.87356322,82.44219618,83.05147059,82.55213904,"['age', 'sex', 'cp', 'trestbps', 'restecg', 'thalach', 'exang', 'oldpeak', 'slope', 'thal']"
7801,Naive Bayes,83.15387468,83.77855177,86.72794118,85.0159182,"['age', 'sex', 'cp', 'trestbps', 'restecg', 'thalach', 'exang', 'oldpeak', 'ca', 'thal']"
7802,Naive Bayes,81.16314423,83.68233319,83.05147059,82.9301914,"['age', 'sex', 'cp', 'trestbps', 'restecg', 'thalach', 'exang', 'slope', 'ca', 'thal']"
7803,Naive Bayes,83.46570263,83.55870682,87.27941176,85.18612671,"['age', 'sex', 'cp', 'trestbps', 'restecg', 'thalach', 'oldpeak', 'slope', 'ca', 'thal']"
7804,Naive Bayes,81.18539118,82.62390658,83.67647059,82.91011942,"['age', 'sex', 'cp', 'trestbps', 'restecg', 'exang', 'oldpeak', 'slope', 'ca', 'thal']"
7805,Naive Bayes,81.84130515,81.93771807,86.06617647,83.79574102,"['age', 'sex', 'cp', 'trestbps', 'thalach', 'exang', 'oldpeak', 'slope', 'ca', 'thal']"
7806,Naive Bayes,79.62773452,80.50381468,82.61029412,81.29851031,"['age', 'sex', 'cp', 'chol', 'fbs', 'restecg', 'thalach', 'exang', 'oldpeak', 'slope']"
7807,Naive Bayes,80.86281053,81.66498968,84.30147059,82.85757001,"['age', 'sex', 'cp', 'chol', 'fbs', 'restecg', 'thalach', 'exang', 'oldpeak', 'ca']"
7808,Naive Bayes,81.86281053,83.12652956,84.26470588,83.56490426,"['age', 'sex', 'cp', 'chol', 'fbs', 'restecg', 'thalach', 'exang', 'oldpeak', 'thal']"
7809,Naive Bayes,77.6154987,78.91339869,81.28676471,79.94375854,"['age', 'sex', 'cp', 'chol', 'fbs', 'restecg', 'thalach', 'exang', 'slope', 'ca']"
7810,Naive Bayes,78.59325176,80.47929874,80.66176471,80.45866157,"['age', 'sex', 'cp', 'chol', 'fbs', 'restecg', 'thalach', 'exang', 'slope', 'thal']"
7811,Naive Bayes,79.57248795,82.17225284,81.25,81.36184872,"['age', 'sex', 'cp', 'chol', 'fbs', 'restecg', 'thalach', 'exang', 'ca', 'thal']"
7812,Naive Bayes,79.23989618,78.50980392,85.51470588,81.7762086,"['age', 'sex', 'cp', 'chol', 'fbs', 'restecg', 'thalach', 'oldpeak', 'slope', 'ca']"
7813,Naive Bayes,81.26288469,82.24535604,84.30147059,83.08124802,"['age', 'sex', 'cp', 'chol', 'fbs', 'restecg', 'thalach', 'oldpeak', 'slope', 'thal']"
7814,Naive Bayes,82.47571376,82.10500516,87.24264706,84.47068475,"['age', 'sex', 'cp', 'chol', 'fbs', 'restecg', 'thalach', 'oldpeak', 'ca', 'thal']"
7815,Naive Bayes,81.7982944,82.61154725,84.77941176,83.50140056,"['age', 'sex', 'cp', 'chol', 'fbs', 'restecg', 'thalach', 'slope', 'ca', 'thal']"
7816,Naive Bayes,79.58472377,81.04986732,81.875,81.31159282,"['age', 'sex', 'cp', 'chol', 'fbs', 'restecg', 'exang', 'oldpeak', 'slope', 'ca']"
7817,Naive Bayes,80.85131628,82.0781351,83.63970588,82.54646563,"['age', 'sex', 'cp', 'chol', 'fbs', 'restecg', 'exang', 'oldpeak', 'slope', 'thal']"
7818,Naive Bayes,81.16314423,82.25221755,84.30147059,83.05313641,"['age', 'sex', 'cp', 'chol', 'fbs', 'restecg', 'exang', 'oldpeak', 'ca', 'thal']"
7819,Naive Bayes,80.17389692,81.87374687,83.05147059,82.12778064,"['age', 'sex', 'cp', 'chol', 'fbs', 'restecg', 'exang', 'slope', 'ca', 'thal']"
7820,Naive Bayes,82.13162773,82.79174094,86.06617647,84.18109715,"['age', 'sex', 'cp', 'chol', 'fbs', 'restecg', 'oldpeak', 'slope', 'ca', 'thal']"
7821,Naive Bayes,80.91731554,81.30224458,84.41176471,82.69999363,"['age', 'sex', 'cp', 'chol', 'fbs', 'thalach', 'exang', 'oldpeak', 'slope', 'ca']"
7822,Naive Bayes,81.86281053,83.30065359,83.67647059,83.37711624,"['age', 'sex', 'cp', 'chol', 'fbs', 'thalach', 'exang', 'oldpeak', 'slope', 'thal']"
7823,Naive Bayes,81.80904709,82.56813603,85.44117647,83.78132162,"['age', 'sex', 'cp', 'chol', 'fbs', 'thalach', 'exang', 'oldpeak', 'ca', 'thal']"
7824,Naive Bayes,81.5294772,82.6940943,84.88970588,83.50159371,"['age', 'sex', 'cp', 'chol', 'fbs', 'thalach', 'exang', 'slope', 'ca', 'thal']"
7825,Naive Bayes,82.84278828,83.94685243,85.47794118,84.49967485,"['age', 'sex', 'cp', 'chol', 'fbs', 'thalach', 'oldpeak', 'slope', 'ca', 'thal']"
7826,Naive Bayes,81.83055247,82.72581576,84.88970588,83.58578431,"['age', 'sex', 'cp', 'chol', 'fbs', 'exang', 'oldpeak', 'slope', 'ca', 'thal']"
7827,Naive Bayes,81.28439006,82.22140523,83.82352941,82.87846957,"['age', 'sex', 'cp', 'chol', 'restecg', 'thalach', 'exang', 'oldpeak', 'slope', 'ca']"
7828,Naive Bayes,81.90730441,83.875,83.125,83.35726607,"['age', 'sex', 'cp', 'chol', 'restecg', 'thalach', 'exang', 'oldpeak', 'slope', 'thal']"
7829,Naive Bayes,82.50945495,83.45669935,85.51470588,84.27152044,"['age', 'sex', 'cp', 'chol', 'restecg', 'thalach', 'exang', 'oldpeak', 'ca', 'thal']"
7830,Naive Bayes,80.22840193,81.85990098,83.125,82.2122616,"['age', 'sex', 'cp', 'chol', 'restecg', 'thalach', 'exang', 'slope', 'ca', 'thal']"
7831,Naive Bayes,83.49870226,84.66701681,86.10294118,85.14833252,"['age', 'sex', 'cp', 'chol', 'restecg', 'thalach', 'oldpeak', 'slope', 'ca', 'thal']"
7832,Naive Bayes,80.88505747,81.87700256,83.71323529,82.58960402,"['age', 'sex', 'cp', 'chol', 'restecg', 'exang', 'oldpeak', 'slope', 'ca', 'thal']"
7833,Naive Bayes,81.84130515,82.33576589,85.47794118,83.66916112,"['age', 'sex', 'cp', 'chol', 'thalach', 'exang', 'oldpeak', 'slope', 'ca', 'thal']"
7834,Naive Bayes,80.90730441,81.98704482,83.125,82.43137255,"['age', 'sex', 'cp', 'fbs', 'restecg', 'thalach', 'exang', 'oldpeak', 'slope', 'ca']"
7835,Naive Bayes,80.87356322,83.12820513,81.83823529,82.29000278,"['age', 'sex', 'cp', 'fbs', 'restecg', 'thalach', 'exang', 'oldpeak', 'slope', 'thal']"
7836,Naive Bayes,83.1323693,83.78814069,86.69117647,85.02188119,"['age', 'sex', 'cp', 'fbs', 'restecg', 'thalach', 'exang', 'oldpeak', 'ca', 'thal']"
7837,Naive Bayes,80.55098257,82.54862647,83.125,82.51083557,"['age', 'sex', 'cp', 'fbs', 'restecg', 'thalach', 'exang', 'slope', 'ca', 'thal']"
7838,Naive Bayes,82.80978865,84.01139491,85.47794118,84.54619727,"['age', 'sex', 'cp', 'fbs', 'restecg', 'thalach', 'oldpeak', 'slope', 'ca', 'thal']"
7839,Naive Bayes,80.85205784,81.99052165,83.67647059,82.61894083,"['age', 'sex', 'cp', 'fbs', 'restecg', 'exang', 'oldpeak', 'slope', 'ca', 'thal']"
7840,Naive Bayes,82.48646644,82.82682196,86.02941176,84.24262687,"['age', 'sex', 'cp', 'fbs', 'thalach', 'exang', 'oldpeak', 'slope', 'ca', 'thal']"
7841,Naive Bayes,81.17463849,81.47469777,85.47794118,83.22303922,"['age', 'sex', 'cp', 'restecg', 'thalach', 'exang', 'oldpeak', 'slope', 'ca', 'thal']"
7842,Naive Bayes,78.96032629,80.80888968,80.73529412,80.56815877,"['age', 'sex', 'trestbps', 'chol', 'fbs', 'restecg', 'thalach', 'exang', 'oldpeak', 'slope']"
7843,Naive Bayes,77.55951057,78.67152563,81.28676471,79.85776887,"['age', 'sex', 'trestbps', 'chol', 'fbs', 'restecg', 'thalach', 'exang', 'oldpeak', 'ca']"
7844,Naive Bayes,79.88431591,81.97945845,81.28676471,81.39010839,"['age', 'sex', 'trestbps', 'chol', 'fbs', 'restecg', 'thalach', 'exang', 'oldpeak', 'thal']"
7845,Naive Bayes,76.89358547,78.60815028,79.41176471,78.85078489,"['age', 'sex', 'trestbps', 'chol', 'fbs', 'restecg', 'thalach', 'exang', 'slope', 'ca']"
7846,Naive Bayes,78.54949944,81.62418301,78.75,79.94017944,"['age', 'sex', 'trestbps', 'chol', 'fbs', 'restecg', 'thalach', 'exang', 'slope', 'thal']"
7847,Naive Bayes,79.47423063,82.20996732,79.92647059,80.86277693,"['age', 'sex', 'trestbps', 'chol', 'fbs', 'restecg', 'thalach', 'exang', 'ca', 'thal']"
7848,Naive Bayes,77.29365962,77.86184211,81.94852941,79.67771199,"['age', 'sex', 'trestbps', 'chol', 'fbs', 'restecg', 'thalach', 'oldpeak', 'slope', 'ca']"
7849,Naive Bayes,79.2836485,80.83760117,81.28676471,80.79123906,"['age', 'sex', 'trestbps', 'chol', 'fbs', 'restecg', 'thalach', 'oldpeak', 'slope', 'thal']"
7850,Naive Bayes,78.55098257,80.68570937,80.07352941,80.12495687,"['age', 'sex', 'trestbps', 'chol', 'fbs', 'restecg', 'thalach', 'oldpeak', 'ca', 'thal']"
7851,Naive Bayes,78.8068224,80.79708797,80.51470588,80.22471296,"['age', 'sex', 'trestbps', 'chol', 'fbs', 'restecg', 'thalach', 'slope', 'ca', 'thal']"
7852,Naive Bayes,76.59325176,78.95908748,78.82352941,78.65997076,"['age', 'sex', 'trestbps', 'chol', 'fbs', 'restecg', 'exang', 'oldpeak', 'slope', 'ca']"
7853,Naive Bayes,78.5609937,81.77007659,78.82352941,79.76911111,"['age', 'sex', 'trestbps', 'chol', 'fbs', 'restecg', 'exang', 'oldpeak', 'slope', 'thal']"
7854,Naive Bayes,77.85057471,80.49859944,78.78676471,79.40662795,"['age', 'sex', 'trestbps', 'chol', 'fbs', 'restecg', 'exang', 'oldpeak', 'ca', 'thal']"
7855,Naive Bayes,77.88431591,83.37656835,75.11029412,78.33179464,"['age', 'sex', 'trestbps', 'chol', 'fbs', 'restecg', 'exang', 'slope', 'ca', 'thal']"
7856,Naive Bayes,77.90656285,79.95619989,79.41176471,79.35257304,"['age', 'sex', 'trestbps', 'chol', 'fbs', 'restecg', 'oldpeak', 'slope', 'ca', 'thal']"
7857,Naive Bayes,79.21690768,80.80871768,81.875,81.10269531,"['age', 'sex', 'trestbps', 'chol', 'fbs', 'thalach', 'exang', 'oldpeak', 'slope', 'ca']"
7858,Naive Bayes,79.20689655,81.61316895,80,80.63502674,"['age', 'sex', 'trestbps', 'chol', 'fbs', 'thalach', 'exang', 'oldpeak', 'slope', 'thal']"
7859,Naive Bayes,78.55098257,81.65495091,78.78676471,79.99935368,"['age', 'sex', 'trestbps', 'chol', 'fbs', 'thalach', 'exang', 'oldpeak', 'ca', 'thal']"
7860,Naive Bayes,77.90656285,81.20564893,77.53676471,79.020495,"['age', 'sex', 'trestbps', 'chol', 'fbs', 'thalach', 'exang', 'slope', 'ca', 'thal']"
7861,Naive Bayes,77.89506859,79.62707721,80,79.4253609,"['age', 'sex', 'trestbps', 'chol', 'fbs', 'thalach', 'oldpeak', 'slope', 'ca', 'thal']"
7862,Naive Bayes,78.87356322,82.8514962,78.16176471,80.18528524,"['age', 'sex', 'trestbps', 'chol', 'fbs', 'exang', 'oldpeak', 'slope', 'ca', 'thal']"
7863,Naive Bayes,77.23841305,78.67465232,80.625,79.4401483,"['age', 'sex', 'trestbps', 'chol', 'restecg', 'thalach', 'exang', 'oldpeak', 'slope', 'ca']"
7864,Naive Bayes,79.23989618,82.18588137,79.44852941,80.61442187,"['age', 'sex', 'trestbps', 'chol', 'restecg', 'thalach', 'exang', 'oldpeak', 'slope', 'thal']"
7865,Naive Bayes,79.22914349,82.21150302,79.48529412,80.63870886,"['age', 'sex', 'trestbps', 'chol', 'restecg', 'thalach', 'exang', 'oldpeak', 'ca', 'thal']"
7866,Naive Bayes,79.5294772,82.65534547,79.375,80.85579466,"['age', 'sex', 'trestbps', 'chol', 'restecg', 'thalach', 'exang', 'slope', 'ca', 'thal']"
7867,Naive Bayes,77.60548758,79.29588063,79.44852941,79.18903969,"['age', 'sex', 'trestbps', 'chol', 'restecg', 'thalach', 'oldpeak', 'slope', 'ca', 'thal']"
7868,Naive Bayes,79.23989618,82.40781488,79.44852941,80.73104315,"['age', 'sex', 'trestbps', 'chol', 'restecg', 'exang', 'oldpeak', 'slope', 'ca', 'thal']"
7869,Naive Bayes,79.56247683,81.62336601,81.28676471,81.26420754,"['age', 'sex', 'trestbps', 'chol', 'thalach', 'exang', 'oldpeak', 'slope', 'ca', 'thal']"
7870,Naive Bayes,78.21690768,79.85180334,81.21323529,80.28499198,"['age', 'sex', 'trestbps', 'fbs', 'restecg', 'thalach', 'exang', 'oldpeak', 'slope', 'ca']"
7871,Naive Bayes,78.57322951,80.50373483,80.625,80.36142942,"['age', 'sex', 'trestbps', 'fbs', 'restecg', 'thalach', 'exang', 'oldpeak', 'slope', 'thal']"
7872,Naive Bayes,78.89581016,81.75141899,79.44852941,80.42714109,"['age', 'sex', 'trestbps', 'fbs', 'restecg', 'thalach', 'exang', 'oldpeak', 'ca', 'thal']"
7873,Naive Bayes,78.87430478,82.11426237,78.71323529,80.10898905,"['age', 'sex', 'trestbps', 'fbs', 'restecg', 'thalach', 'exang', 'slope', 'ca', 'thal']"
7874,Naive Bayes,77.5839822,79.46521422,79.41176471,79.17893198,"['age', 'sex', 'trestbps', 'fbs', 'restecg', 'thalach', 'oldpeak', 'slope', 'ca', 'thal']"
7875,Naive Bayes,78.56247683,81.98558141,78.78676471,80.10259195,"['age', 'sex', 'trestbps', 'fbs', 'restecg', 'exang', 'oldpeak', 'slope', 'ca', 'thal']"
7876,Naive Bayes,79.85279941,82.00433682,81.17647059,81.4227782,"['age', 'sex', 'trestbps', 'fbs', 'thalach', 'exang', 'oldpeak', 'slope', 'ca', 'thal']"
7877,Naive Bayes,80.19688543,82.20076539,81.83823529,81.87756804,"['age', 'sex', 'trestbps', 'restecg', 'thalach', 'exang', 'oldpeak', 'slope', 'ca', 'thal']"
7878,Naive Bayes,78.56173526,79.73991823,81.83823529,80.58697084,"['age', 'sex', 'chol', 'fbs', 'restecg', 'thalach', 'exang', 'oldpeak', 'slope', 'ca']"
7879,Naive Bayes,79.2183908,81.78606443,80.03676471,80.71048723,"['age', 'sex', 'chol', 'fbs', 'restecg', 'thalach', 'exang', 'oldpeak', 'slope', 'thal']"
7880,Naive Bayes,79.54022989,81.60844513,81.28676471,81.28034821,"['age', 'sex', 'chol', 'fbs', 'restecg', 'thalach', 'exang', 'oldpeak', 'ca', 'thal']"
7881,Naive Bayes,79.86429366,82.60645486,79.96323529,81.01579635,"['age', 'sex', 'chol', 'fbs', 'restecg', 'thalach', 'exang', 'slope', 'ca', 'thal']"
7882,Naive Bayes,77.92806822,80.02217554,79.44852941,79.4218573,"['age', 'sex', 'chol', 'fbs', 'restecg', 'thalach', 'oldpeak', 'slope', 'ca', 'thal']"
7883,Naive Bayes,79.54171301,82.52071213,79.96323529,80.97896992,"['age', 'sex', 'chol', 'fbs', 'restecg', 'exang', 'oldpeak', 'slope', 'ca', 'thal']"
7884,Naive Bayes,78.89581016,81.09778122,80.66176471,80.69986836,"['age', 'sex', 'chol', 'fbs', 'thalach', 'exang', 'oldpeak', 'slope', 'ca', 'thal']"
7885,Naive Bayes,79.22914349,81.20807534,81.28676471,81.05971685,"['age', 'sex', 'chol', 'restecg', 'thalach', 'exang', 'oldpeak', 'slope', 'ca', 'thal']"
7886,Naive Bayes,79.20763812,81.65345349,80.625,80.93297744,"['age', 'sex', 'fbs', 'restecg', 'thalach', 'exang', 'oldpeak', 'slope', 'ca', 'thal']"
7887,Naive Bayes,77.63700408,78.89228586,80.73529412,79.54927593,"['age', 'cp', 'trestbps', 'chol', 'fbs', 'restecg', 'thalach', 'exang', 'oldpeak', 'slope']"
7888,Naive Bayes,79.62699296,80.45257138,82.64705882,81.39795009,"['age', 'cp', 'trestbps', 'chol', 'fbs', 'restecg', 'thalach', 'exang', 'oldpeak', 'ca']"
7889,Naive Bayes,79.26065999,79.87422601,83.16176471,81.34898353,"['age', 'cp', 'trestbps', 'chol', 'fbs', 'restecg', 'thalach', 'exang', 'oldpeak', 'thal']"
7890,Naive Bayes,76.59176863,77.86855005,80.03676471,78.86440304,"['age', 'cp', 'trestbps', 'chol', 'fbs', 'restecg', 'thalach', 'exang', 'slope', 'ca']"
7891,Naive Bayes,76.21394142,79.07834159,77.53676471,78.10590552,"['age', 'cp', 'trestbps', 'chol', 'fbs', 'restecg', 'thalach', 'exang', 'slope', 'thal']"
7892,Naive Bayes,79.23915462,81.20420537,81.28676471,81.09396862,"['age', 'cp', 'trestbps', 'chol', 'fbs', 'restecg', 'thalach', 'exang', 'ca', 'thal']"
7893,Naive Bayes,76.95958472,78.16932036,81.32352941,79.38390251,"['age', 'cp', 'trestbps', 'chol', 'fbs', 'restecg', 'thalach', 'oldpeak', 'slope', 'ca']"
7894,Naive Bayes,78.55951057,80.66188142,80.625,80.4297502,"['age', 'cp', 'trestbps', 'chol', 'fbs', 'restecg', 'thalach', 'oldpeak', 'slope', 'thal']"
7895,Naive Bayes,81.53096033,81.79833161,85.47794118,83.48480604,"['age', 'cp', 'trestbps', 'chol', 'fbs', 'restecg', 'thalach', 'oldpeak', 'ca', 'thal']"
7896,Naive Bayes,77.8383389,79.36986461,81.17647059,80.06419452,"['age', 'cp', 'trestbps', 'chol', 'fbs', 'restecg', 'thalach', 'slope', 'ca', 'thal']"
7897,Naive Bayes,78.63848721,79.66021672,81.98529412,80.58187904,"['age', 'cp', 'trestbps', 'chol', 'fbs', 'restecg', 'exang', 'oldpeak', 'slope', 'ca']"
7898,Naive Bayes,79.93956248,81.25,82.53676471,81.61651352,"['age', 'cp', 'trestbps', 'chol', 'fbs', 'restecg', 'exang', 'oldpeak', 'slope', 'thal']"
7899,Naive Bayes,80.88505747,82.04631063,83.75,82.70726443,"['age', 'cp', 'trestbps', 'chol', 'fbs', 'restecg', 'exang', 'oldpeak', 'ca', 'thal']"
7900,Naive Bayes,78.54949944,80.14392599,81.83823529,80.72842896,"['age', 'cp', 'trestbps', 'chol', 'fbs', 'restecg', 'exang', 'slope', 'ca', 'thal']"
7901,Naive Bayes,81.50871339,81.87527084,86.06617647,83.64723864,"['age', 'cp', 'trestbps', 'chol', 'fbs', 'restecg', 'oldpeak', 'slope', 'ca', 'thal']"
7902,Naive Bayes,79.93882091,80.2755418,83.78676471,81.84455835,"['age', 'cp', 'trestbps', 'chol', 'fbs', 'thalach', 'exang', 'oldpeak', 'slope', 'ca']"
7903,Naive Bayes,79.92732666,80.96693941,83.16176471,81.82169354,"['age', 'cp', 'trestbps', 'chol', 'fbs', 'thalach', 'exang', 'oldpeak', 'slope', 'thal']"
7904,Naive Bayes,82.2183908,82.65204678,85.58823529,83.92180479,"['age', 'cp', 'trestbps', 'chol', 'fbs', 'thalach', 'exang', 'oldpeak', 'ca', 'thal']"
7905,Naive Bayes,79.22766036,80.19094304,83.08823529,81.3926977,"['age', 'cp', 'trestbps', 'chol', 'fbs', 'thalach', 'exang', 'slope', 'ca', 'thal']"
7906,Naive Bayes,81.87430478,81.02395695,87.94117647,84.1089552,"['age', 'cp', 'trestbps', 'chol', 'fbs', 'thalach', 'oldpeak', 'slope', 'ca', 'thal']"
7907,Naive Bayes,80.22840193,81.19739299,83.71323529,82.19300116,"['age', 'cp', 'trestbps', 'chol', 'fbs', 'exang', 'oldpeak', 'slope', 'ca', 'thal']"
7908,Naive Bayes,79.29365962,80.08505332,82.61029412,81.17254409,"['age', 'cp', 'trestbps', 'chol', 'restecg', 'thalach', 'exang', 'oldpeak', 'slope', 'ca']"
7909,Naive Bayes,78.94883204,79.77051084,82.57352941,80.95756842,"['age', 'cp', 'trestbps', 'chol', 'restecg', 'thalach', 'exang', 'oldpeak', 'slope', 'thal']"
7910,Naive Bayes,81.88505747,82.63097695,84.96323529,83.61945355,"['age', 'cp', 'trestbps', 'chol', 'restecg', 'thalach', 'exang', 'oldpeak', 'ca', 'thal']"
7911,Naive Bayes,80.20615499,81.39519141,83.67647059,82.27999778,"['age', 'cp', 'trestbps', 'chol', 'restecg', 'thalach', 'exang', 'slope', 'ca', 'thal']"
7912,Naive Bayes,82.20763812,81.48999337,87.94117647,84.38276604,"['age', 'cp', 'trestbps', 'chol', 'restecg', 'thalach', 'oldpeak', 'slope', 'ca', 'thal']"
7913,Naive Bayes,81.20689655,82.2089599,84.30147059,83.02164502,"['age', 'cp', 'trestbps', 'chol', 'restecg', 'exang', 'oldpeak', 'slope', 'ca', 'thal']"
7914,Naive Bayes,79.92806822,81.14632783,82.53676471,81.68150193,"['age', 'cp', 'trestbps', 'chol', 'thalach', 'exang', 'oldpeak', 'slope', 'ca', 'thal']"
7915,Naive Bayes,79.61624027,80.26887685,83.19852941,81.56470095,"['age', 'cp', 'trestbps', 'fbs', 'restecg', 'thalach', 'exang', 'oldpeak', 'slope', 'ca']"
7916,Naive Bayes,79.93882091,80.59077227,83.78676471,81.93337693,"['age', 'cp', 'trestbps', 'fbs', 'restecg', 'thalach', 'exang', 'oldpeak', 'slope', 'thal']"
7917,Naive Bayes,81.56247683,82.11627107,84.96323529,83.36989918,"['age', 'cp', 'trestbps', 'fbs', 'restecg', 'thalach', 'exang', 'oldpeak', 'ca', 'thal']"
7918,Naive Bayes,79.87282165,80.81185808,83.67647059,81.99773972,"['age', 'cp', 'trestbps', 'fbs', 'restecg', 'thalach', 'exang', 'slope', 'ca', 'thal']"
7919,Naive Bayes,81.54097145,80.57624453,87.94117647,83.83457272,"['age', 'cp', 'trestbps', 'fbs', 'restecg', 'thalach', 'oldpeak', 'slope', 'ca', 'thal']"
7920,Naive Bayes,80.21764924,81.445931,83.08823529,82.0652852,"['age', 'cp', 'trestbps', 'fbs', 'restecg', 'exang', 'oldpeak', 'slope', 'ca', 'thal']"
7921,Naive Bayes,80.25064887,81.29338665,83.125,82.05583348,"['age', 'cp', 'trestbps', 'fbs', 'thalach', 'exang', 'oldpeak', 'slope', 'ca', 'thal']"
7922,Naive Bayes,80.26140156,80.94044548,83.75,82.20716894,"['age', 'cp', 'trestbps', 'restecg', 'thalach', 'exang', 'oldpeak', 'slope', 'ca', 'thal']"
7923,Naive Bayes,79.61624027,80.66838665,82.61029412,81.43769561,"['age', 'cp', 'chol', 'fbs', 'restecg', 'thalach', 'exang', 'oldpeak', 'slope', 'ca']"
7924,Naive Bayes,80.60548758,81.94500958,83.19852941,82.33100968,"['age', 'cp', 'chol', 'fbs', 'restecg', 'thalach', 'exang', 'oldpeak', 'slope', 'thal']"
7925,Naive Bayes,81.23989618,82.06531648,84.375,83.07026418,"['age', 'cp', 'chol', 'fbs', 'restecg', 'thalach', 'exang', 'oldpeak', 'ca', 'thal']"
7926,Naive Bayes,79.59473489,80.43834352,83.71323529,81.72999533,"['age', 'cp', 'chol', 'fbs', 'restecg', 'thalach', 'exang', 'slope', 'ca', 'thal']"
7927,Naive Bayes,81.54097145,80.91744066,87.31617647,83.81023543,"['age', 'cp', 'chol', 'fbs', 'restecg', 'thalach', 'oldpeak', 'slope', 'ca', 'thal']"
7928,Naive Bayes,79.89506859,81.39037545,82.46323529,81.74574801,"['age', 'cp', 'chol', 'fbs', 'restecg', 'exang', 'oldpeak', 'slope', 'ca', 'thal']"
7929,Naive Bayes,79.58324064,81.09870878,81.91176471,81.31591053,"['age', 'cp', 'chol', 'fbs', 'thalach', 'exang', 'oldpeak', 'slope', 'ca', 'thal']"
7930,Naive Bayes,80.59547646,82.01139491,82.57352941,82.13199151,"['age', 'cp', 'chol', 'restecg', 'thalach', 'exang', 'oldpeak', 'slope', 'ca', 'thal']"
7931,Naive Bayes,80.92880979,81.86446508,83.78676471,82.67468806,"['age', 'cp', 'fbs', 'restecg', 'thalach', 'exang', 'oldpeak', 'slope', 'ca', 'thal']"
7932,Naive Bayes,76.35817575,78.37215588,78.38235294,78.16872438,"['age', 'trestbps', 'chol', 'fbs', 'restecg', 'thalach', 'exang', 'oldpeak', 'slope', 'ca']"
7933,Naive Bayes,77.99332592,80.53199174,78.97058824,79.45029038,"['age', 'trestbps', 'chol', 'fbs', 'restecg', 'thalach', 'exang', 'oldpeak', 'slope', 'thal']"
7934,Naive Bayes,78.27215425,80.97229594,79.48529412,80.01137801,"['age', 'trestbps', 'chol', 'fbs', 'restecg', 'thalach', 'exang', 'oldpeak', 'ca', 'thal']"
7935,Naive Bayes,77.2836485,80.28098291,77.61029412,78.68493612,"['age', 'trestbps', 'chol', 'fbs', 'restecg', 'thalach', 'exang', 'slope', 'ca', 'thal']"
7936,Naive Bayes,77.97256211,79.54003268,80.73529412,79.93962783,"['age', 'trestbps', 'chol', 'fbs', 'restecg', 'thalach', 'oldpeak', 'slope', 'ca', 'thal']"
7937,Naive Bayes,77.26140156,81.0505279,76.98529412,78.69516502,"['age', 'trestbps', 'chol', 'fbs', 'restecg', 'exang', 'oldpeak', 'slope', 'ca', 'thal']"
7938,Naive Bayes,78.61624027,80.8461718,80.11029412,80.32495256,"['age', 'trestbps', 'chol', 'fbs', 'thalach', 'exang', 'oldpeak', 'slope', 'ca', 'thal']"
7939,Naive Bayes,78.9495736,81.22362278,80.14705882,80.52742798,"['age', 'trestbps', 'chol', 'restecg', 'thalach', 'exang', 'oldpeak', 'slope', 'ca', 'thal']"
7940,Naive Bayes,78.61624027,81.09290383,79.52205882,80.17092174,"['age', 'trestbps', 'fbs', 'restecg', 'thalach', 'exang', 'oldpeak', 'slope', 'ca', 'thal']"
7941,Naive Bayes,78.59399333,80.3880289,80.69852941,80.42076156,"['age', 'chol', 'fbs', 'restecg', 'thalach', 'exang', 'oldpeak', 'slope', 'ca', 'thal']"
7942,Naive Bayes,80.30589544,80.66621682,84.41176471,82.18611467,"['sex', 'cp', 'trestbps', 'chol', 'fbs', 'restecg', 'thalach', 'exang', 'oldpeak', 'slope']"
7943,Naive Bayes,80.22840193,80.70829033,84.375,82.34850607,"['sex', 'cp', 'trestbps', 'chol', 'fbs', 'restecg', 'thalach', 'exang', 'oldpeak', 'ca']"
7944,Naive Bayes,80.88431591,82.76905499,83.05147059,82.6351657,"['sex', 'cp', 'trestbps', 'chol', 'fbs', 'restecg', 'thalach', 'exang', 'oldpeak', 'thal']"
7945,Naive Bayes,77.93733778,78.6369539,82.46323529,80.41723175,"['sex', 'cp', 'trestbps', 'chol', 'fbs', 'restecg', 'thalach', 'exang', 'slope', 'ca']"
7946,Naive Bayes,78.22766036,79.99168595,81.10294118,80.15277383,"['sex', 'cp', 'trestbps', 'chol', 'fbs', 'restecg', 'thalach', 'exang', 'slope', 'thal']"
7947,Naive Bayes,79.87356322,82.80828911,81.80147059,81.72775698,"['sex', 'cp', 'trestbps', 'chol', 'fbs', 'restecg', 'thalach', 'exang', 'ca', 'thal']"
7948,Naive Bayes,79.88505747,78.71085859,87.31617647,82.65762728,"['sex', 'cp', 'trestbps', 'chol', 'fbs', 'restecg', 'thalach', 'oldpeak', 'slope', 'ca']"
7949,Naive Bayes,80.58546533,81.53543786,84.22794118,82.50955563,"['sex', 'cp', 'trestbps', 'chol', 'fbs', 'restecg', 'thalach', 'oldpeak', 'slope', 'thal']"
7950,Naive Bayes,83.11012236,83.10131333,87.20588235,84.92613106,"['sex', 'cp', 'trestbps', 'chol', 'fbs', 'restecg', 'thalach', 'oldpeak', 'ca', 'thal']"
7951,Naive Bayes,81.12087505,82.79851143,83.52941176,82.66408129,"['sex', 'cp', 'trestbps', 'chol', 'fbs', 'restecg', 'thalach', 'slope', 'ca', 'thal']"
7952,Naive Bayes,80.24063775,81.19586343,83.125,82.0084239,"['sex', 'cp', 'trestbps', 'chol', 'fbs', 'restecg', 'exang', 'oldpeak', 'slope', 'ca']"
7953,Naive Bayes,79.88357434,81.03716871,83.05147059,81.59695663,"['sex', 'cp', 'trestbps', 'chol', 'fbs', 'restecg', 'exang', 'oldpeak', 'slope', 'thal']"
7954,Naive Bayes,82.17463849,83.64133987,84.30147059,83.81868324,"['sex', 'cp', 'trestbps', 'chol', 'fbs', 'restecg', 'exang', 'oldpeak', 'ca', 'thal']"
7955,Naive Bayes,80.84056359,82.39014202,83.60294118,82.71401752,"['sex', 'cp', 'trestbps', 'chol', 'fbs', 'restecg', 'exang', 'slope', 'ca', 'thal']"
7956,Naive Bayes,81.82054134,81.99785002,86.02941176,83.80023136,"['sex', 'cp', 'trestbps', 'chol', 'fbs', 'restecg', 'oldpeak', 'slope', 'ca', 'thal']"
7957,Naive Bayes,80.26140156,80.64573198,84.375,82.27527375,"['sex', 'cp', 'trestbps', 'chol', 'fbs', 'thalach', 'exang', 'oldpeak', 'slope', 'ca']"
7958,Naive Bayes,81.51798294,82.4808283,84.26470588,83.20009015,"['sex', 'cp', 'trestbps', 'chol', 'fbs', 'thalach', 'exang', 'oldpeak', 'slope', 'thal']"
7959,Naive Bayes,82.83129403,83.71168731,86.10294118,84.66711504,"['sex', 'cp', 'trestbps', 'chol', 'fbs', 'thalach', 'exang', 'oldpeak', 'ca', 'thal']"
7960,Naive Bayes,80.85131628,82.31022409,83.63970588,82.76150402,"['sex', 'cp', 'trestbps', 'chol', 'fbs', 'thalach', 'exang', 'slope', 'ca', 'thal']"
7961,Naive Bayes,82.48646644,81.91594796,87.86764706,84.55337803,"['sex', 'cp', 'trestbps', 'chol', 'fbs', 'thalach', 'oldpeak', 'slope', 'ca', 'thal']"
7962,Naive Bayes,81.51872451,83.20470293,83.67647059,83.21651491,"['sex', 'cp', 'trestbps', 'chol', 'fbs', 'exang', 'oldpeak', 'slope', 'ca', 'thal']"
7963,Naive Bayes,80.57322951,80.77283282,84.96323529,82.65892046,"['sex', 'cp', 'trestbps', 'chol', 'restecg', 'thalach', 'exang', 'oldpeak', 'slope', 'ca']"
7964,Naive Bayes,81.88505747,82.65394491,84.92647059,83.52404266,"['sex', 'cp', 'trestbps', 'chol', 'restecg', 'thalach', 'exang', 'oldpeak', 'slope', 'thal']"
7965,Naive Bayes,82.21913237,82.87336601,85.55147059,84.03979138,"['sex', 'cp', 'trestbps', 'chol', 'restecg', 'thalach', 'exang', 'oldpeak', 'ca', 'thal']"
7966,Naive Bayes,80.55098257,81.55364514,84.30147059,82.65432933,"['sex', 'cp', 'trestbps', 'chol', 'restecg', 'thalach', 'exang', 'slope', 'ca', 'thal']"
7967,Naive Bayes,82.19688543,81.0926274,88.49264706,84.41741352,"['sex', 'cp', 'trestbps', 'chol', 'restecg', 'thalach', 'oldpeak', 'slope', 'ca', 'thal']"
7968,Naive Bayes,81.51872451,83.18308025,83.67647059,83.14781216,"['sex', 'cp', 'trestbps', 'chol', 'restecg', 'exang', 'oldpeak', 'slope', 'ca', 'thal']"
7969,Naive Bayes,81.51872451,82.69739299,84.26470588,83.29497811,"['sex', 'cp', 'trestbps', 'chol', 'thalach', 'exang', 'oldpeak', 'slope', 'ca', 'thal']"
7970,Naive Bayes,80.56247683,81.15595975,84.33823529,82.57514149,"['sex', 'cp', 'trestbps', 'fbs', 'restecg', 'thalach', 'exang', 'oldpeak', 'slope', 'ca']"
7971,Naive Bayes,81.86281053,82.28638385,85.51470588,83.66103259,"['sex', 'cp', 'trestbps', 'fbs', 'restecg', 'thalach', 'exang', 'oldpeak', 'slope', 'thal']"
7972,Naive Bayes,83.17612162,84.37805298,85.51470588,84.81510757,"['sex', 'cp', 'trestbps', 'fbs', 'restecg', 'thalach', 'exang', 'oldpeak', 'ca', 'thal']"
7973,Naive Bayes,80.85131628,82.05287115,84.26470588,82.9038837,"['sex', 'cp', 'trestbps', 'fbs', 'restecg', 'thalach', 'exang', 'slope', 'ca', 'thal']"
7974,Naive Bayes,81.51946607,80.76087891,87.24264706,83.7601099,"['sex', 'cp', 'trestbps', 'fbs', 'restecg', 'thalach', 'oldpeak', 'slope', 'ca', 'thal']"
7975,Naive Bayes,81.17463849,82.79337437,83.63970588,82.94876284,"['sex', 'cp', 'trestbps', 'fbs', 'restecg', 'exang', 'oldpeak', 'slope', 'ca', 'thal']"
7976,Naive Bayes,81.18539118,82.32897194,84.26470588,83.07275589,"['sex', 'cp', 'trestbps', 'fbs', 'thalach', 'exang', 'oldpeak', 'slope', 'ca', 'thal']"
7977,Naive Bayes,80.87430478,82.18331368,83.67647059,82.71511606,"['sex', 'cp', 'trestbps', 'restecg', 'thalach', 'exang', 'oldpeak', 'slope', 'ca', 'thal']"
7978,Naive Bayes,79.90656285,80.57628753,83.71323529,81.96333079,"['sex', 'cp', 'chol', 'fbs', 'restecg', 'thalach', 'exang', 'oldpeak', 'slope', 'ca']"
7979,Naive Bayes,80.88431591,81.79691877,83.71323529,82.54166769,"['sex', 'cp', 'chol', 'fbs', 'restecg', 'thalach', 'exang', 'oldpeak', 'slope', 'thal']"
7980,Naive Bayes,81.87504635,82.30073959,85.51470588,83.76326562,"['sex', 'cp', 'chol', 'fbs', 'restecg', 'thalach', 'exang', 'oldpeak', 'ca', 'thal']"
7981,Naive Bayes,80.9180571,81.53629785,84.92647059,82.92015819,"['sex', 'cp', 'chol', 'fbs', 'restecg', 'thalach', 'exang', 'slope', 'ca', 'thal']"
7982,Naive Bayes,81.86429366,81.62856897,86.65441176,83.93715631,"['sex', 'cp', 'chol', 'fbs', 'restecg', 'thalach', 'oldpeak', 'slope', 'ca', 'thal']"
7983,Naive Bayes,80.19614386,82.02948548,82.46323529,81.97101265,"['sex', 'cp', 'chol', 'fbs', 'restecg', 'exang', 'oldpeak', 'slope', 'ca', 'thal']"
7984,Naive Bayes,81.17463849,81.91230527,84.85294118,83.14373882,"['sex', 'cp', 'chol', 'fbs', 'thalach', 'exang', 'oldpeak', 'slope', 'ca', 'thal']"
7985,Naive Bayes,81.18539118,82.71295887,83.67647059,82.96936908,"['sex', 'cp', 'chol', 'restecg', 'thalach', 'exang', 'oldpeak', 'slope', 'ca', 'thal']"
7986,Naive Bayes,81.53021876,82.37659099,84.88970588,83.43834728,"['sex', 'cp', 'fbs', 'restecg', 'thalach', 'exang', 'oldpeak', 'slope', 'ca', 'thal']"
7987,Naive Bayes,76.26992955,77.75127014,80.07352941,78.6255393,"['sex', 'trestbps', 'chol', 'fbs', 'restecg', 'thalach', 'exang', 'oldpeak', 'slope', 'ca']"
7988,Naive Bayes,80.20763812,82.64267758,81.25,81.55300628,"['sex', 'trestbps', 'chol', 'fbs', 'restecg', 'thalach', 'exang', 'oldpeak', 'slope', 'thal']"
7989,Naive Bayes,79.54097145,82.41108285,80.03676471,81.03003914,"['sex', 'trestbps', 'chol', 'fbs', 'restecg', 'thalach', 'exang', 'oldpeak', 'ca', 'thal']"
7990,Naive Bayes,78.89655172,82.1512605,78.75,80.1313477,"['sex', 'trestbps', 'chol', 'fbs', 'restecg', 'thalach', 'exang', 'slope', 'ca', 'thal']"
7991,Naive Bayes,77.92806822,80.02577002,79.44852941,79.31669118,"['sex', 'trestbps', 'chol', 'fbs', 'restecg', 'thalach', 'oldpeak', 'slope', 'ca', 'thal']"
7992,Naive Bayes,79.18539118,82.17531291,79.375,80.45412914,"['sex', 'trestbps', 'chol', 'fbs', 'restecg', 'exang', 'oldpeak', 'slope', 'ca', 'thal']"
7993,Naive Bayes,79.20689655,81.48689739,80.58823529,80.85355657,"['sex', 'trestbps', 'chol', 'fbs', 'thalach', 'exang', 'oldpeak', 'slope', 'ca', 'thal']"
7994,Naive Bayes,80.50797182,83.03281488,81.21323529,81.95473747,"['sex', 'trestbps', 'chol', 'restecg', 'thalach', 'exang', 'oldpeak', 'slope', 'ca', 'thal']"
7995,Naive Bayes,78.85205784,81.19189518,79.96323529,80.45170121,"['sex', 'trestbps', 'fbs', 'restecg', 'thalach', 'exang', 'oldpeak', 'slope', 'ca', 'thal']"
7996,Naive Bayes,79.18464961,81.56998359,80.625,80.8949031,"['sex', 'chol', 'fbs', 'restecg', 'thalach', 'exang', 'oldpeak', 'slope', 'ca', 'thal']"
7997,Naive Bayes,78.93807935,80.39551084,81.36029412,80.72602003,"['cp', 'trestbps', 'chol', 'fbs', 'restecg', 'thalach', 'exang', 'oldpeak', 'slope', 'ca']"
7998,Naive Bayes,79.91583241,81.04700477,83.125,81.84524945,"['cp', 'trestbps', 'chol', 'fbs', 'restecg', 'thalach', 'exang', 'oldpeak', 'slope', 'thal']"
7999,Naive Bayes,80.91731554,81.61038012,84.375,82.76452927,"['cp', 'trestbps', 'chol', 'fbs', 'restecg', 'thalach', 'exang', 'oldpeak', 'ca', 'thal']"
8000,Naive Bayes,78.89358547,80.71019697,81.83823529,80.9492875,"['cp', 'trestbps', 'chol', 'fbs', 'restecg', 'thalach', 'exang', 'slope', 'ca', 'thal']"
8001,Naive Bayes,81.5294772,81.40070765,86.69117647,83.67443271,"['cp', 'trestbps', 'chol', 'fbs', 'restecg', 'thalach', 'oldpeak', 'slope', 'ca', 'thal']"
8002,Naive Bayes,81.2183908,82.38815789,84.30147059,83.08436904,"['cp', 'trestbps', 'chol', 'fbs', 'restecg', 'exang', 'oldpeak', 'slope', 'ca', 'thal']"
8003,Naive Bayes,80.56173526,81.68331368,83.125,82.25190985,"['cp', 'trestbps', 'chol', 'fbs', 'thalach', 'exang', 'oldpeak', 'slope', 'ca', 'thal']"
8004,Naive Bayes,80.91731554,81.59391125,84.33823529,82.82500801,"['cp', 'trestbps', 'chol', 'restecg', 'thalach', 'exang', 'oldpeak', 'slope', 'ca', 'thal']"
8005,Naive Bayes,80.57248795,81.05873753,84.33823529,82.55582184,"['cp', 'trestbps', 'fbs', 'restecg', 'thalach', 'exang', 'oldpeak', 'slope', 'ca', 'thal']"
8006,Naive Bayes,81.58472377,82.40355177,84.375,83.26400663,"['cp', 'chol', 'fbs', 'restecg', 'thalach', 'exang', 'oldpeak', 'slope', 'ca', 'thal']"
8007,Naive Bayes,78.57248795,81.22607376,79.44852941,80.20017538,"['trestbps', 'chol', 'fbs', 'restecg', 'thalach', 'exang', 'oldpeak', 'slope', 'ca', 'thal']"
8008,Naive Bayes,78.98257323,79.72603691,82.61029412,80.86607788,"['age', 'sex', 'cp', 'trestbps', 'chol', 'fbs', 'restecg', 'thalach', 'exang', 'oldpeak', 'slope']"
8009,Naive Bayes,80.20615499,80.62005504,84.30147059,82.35459638,"['age', 'sex', 'cp', 'trestbps', 'chol', 'fbs', 'restecg', 'thalach', 'exang', 'oldpeak', 'ca']"
8010,Naive Bayes,81.18539118,82.55205415,83.63970588,82.91673136,"['age', 'sex', 'cp', 'trestbps', 'chol', 'fbs', 'restecg', 'thalach', 'exang', 'oldpeak', 'thal']"
8011,Naive Bayes,76.94809047,78.24079807,80.66176471,79.34499782,"['age', 'sex', 'cp', 'trestbps', 'chol', 'fbs', 'restecg', 'thalach', 'exang', 'slope', 'ca']"
8012,Naive Bayes,79.23915462,81.12266573,81.17647059,80.9776219,"['age', 'sex', 'cp', 'trestbps', 'chol', 'fbs', 'restecg', 'thalach', 'exang', 'slope', 'thal']"
8013,Naive Bayes,78.55024101,81.09922478,80.58823529,80.46945265,"['age', 'sex', 'cp', 'trestbps', 'chol', 'fbs', 'restecg', 'thalach', 'exang', 'ca', 'thal']"
8014,Naive Bayes,77.93882091,77.60866013,84.33823529,80.68848375,"['age', 'sex', 'cp', 'trestbps', 'chol', 'fbs', 'restecg', 'thalach', 'oldpeak', 'slope', 'ca']"
8015,Naive Bayes,81.25287356,83.08200649,83.05147059,82.8551625,"['age', 'sex', 'cp', 'trestbps', 'chol', 'fbs', 'restecg', 'thalach', 'oldpeak', 'slope', 'thal']"
8016,Naive Bayes,82.45420838,82.03513686,87.20588235,84.39359986,"['age', 'sex', 'cp', 'trestbps', 'chol', 'fbs', 'restecg', 'thalach', 'oldpeak', 'ca', 'thal']"
8017,Naive Bayes,81.13162773,82.97386403,82.94117647,82.54205217,"['age', 'sex', 'cp', 'trestbps', 'chol', 'fbs', 'restecg', 'thalach', 'slope', 'ca', 'thal']"
8018,Naive Bayes,79.26214312,80.99839673,81.28676471,80.96845556,"['age', 'sex', 'cp', 'trestbps', 'chol', 'fbs', 'restecg', 'exang', 'oldpeak', 'slope', 'ca']"
8019,Naive Bayes,80.51798294,81.96953782,83.05147059,82.17271919,"['age', 'sex', 'cp', 'trestbps', 'chol', 'fbs', 'restecg', 'exang', 'oldpeak', 'slope', 'thal']"
8020,Naive Bayes,81.47497219,82.37476657,84.85294118,83.42746796,"['age', 'sex', 'cp', 'trestbps', 'chol', 'fbs', 'restecg', 'exang', 'oldpeak', 'ca', 'thal']"
8021,Naive Bayes,80.47423063,82.82142857,82.38970588,82.29148629,"['age', 'sex', 'cp', 'trestbps', 'chol', 'fbs', 'restecg', 'exang', 'slope', 'ca', 'thal']"
8022,Naive Bayes,81.46496107,81.75007427,86.02941176,83.64267724,"['age', 'sex', 'cp', 'trestbps', 'chol', 'fbs', 'restecg', 'oldpeak', 'slope', 'ca', 'thal']"
8023,Naive Bayes,81.25064887,81.21087031,85.625,83.22660428,"['age', 'sex', 'cp', 'trestbps', 'chol', 'fbs', 'thalach', 'exang', 'oldpeak', 'slope', 'ca']"
8024,Naive Bayes,81.84056359,83.32593739,83.67647059,83.33548141,"['age', 'sex', 'cp', 'trestbps', 'chol', 'fbs', 'thalach', 'exang', 'oldpeak', 'slope', 'thal']"
8025,Naive Bayes,82.14238042,83.47499877,84.85294118,83.96243952,"['age', 'sex', 'cp', 'trestbps', 'chol', 'fbs', 'thalach', 'exang', 'oldpeak', 'ca', 'thal']"
8026,Naive Bayes,80.51724138,82.2462836,83.05147059,82.44772548,"['age', 'sex', 'cp', 'trestbps', 'chol', 'fbs', 'thalach', 'exang', 'slope', 'ca', 'thal']"
8027,Naive Bayes,83.77678902,84.57383655,86.69117647,85.38061217,"['age', 'sex', 'cp', 'trestbps', 'chol', 'fbs', 'thalach', 'oldpeak', 'slope', 'ca', 'thal']"
8028,Naive Bayes,82.1638858,83.23643668,84.88970588,83.85061752,"['age', 'sex', 'cp', 'trestbps', 'chol', 'fbs', 'exang', 'oldpeak', 'slope', 'ca', 'thal']"
8029,Naive Bayes,80.91731554,81.3880289,84.41176471,82.75601604,"['age', 'sex', 'cp', 'trestbps', 'chol', 'restecg', 'thalach', 'exang', 'oldpeak', 'slope', 'ca']"
8030,Naive Bayes,81.5294772,82.98981522,83.67647059,83.14500316,"['age', 'sex', 'cp', 'trestbps', 'chol', 'restecg', 'thalach', 'exang', 'oldpeak', 'slope', 'thal']"
8031,Naive Bayes,82.83129403,83.64783282,86.13970588,84.66297702,"['age', 'sex', 'cp', 'trestbps', 'chol', 'restecg', 'thalach', 'exang', 'oldpeak', 'ca', 'thal']"
8032,Naive Bayes,80.1954023,82.69801956,81.875,81.99539513,"['age', 'sex', 'cp', 'trestbps', 'chol', 'restecg', 'thalach', 'exang', 'slope', 'ca', 'thal']"
8033,Naive Bayes,83.47645532,83.67222591,87.27941176,85.24840919,"['age', 'sex', 'cp', 'trestbps', 'chol', 'restecg', 'thalach', 'oldpeak', 'slope', 'ca', 'thal']"
8034,Naive Bayes,81.19614386,82.48071773,83.71323529,82.89161574,"['age', 'sex', 'cp', 'trestbps', 'chol', 'restecg', 'exang', 'oldpeak', 'slope', 'ca', 'thal']"
8035,Naive Bayes,81.51872451,81.79065925,85.47794118,83.42140947,"['age', 'sex', 'cp', 'trestbps', 'chol', 'thalach', 'exang', 'oldpeak', 'slope', 'ca', 'thal']"
8036,Naive Bayes,80.23989618,81.21004103,83.125,81.99185129,"['age', 'sex', 'cp', 'trestbps', 'fbs', 'restecg', 'thalach', 'exang', 'oldpeak', 'slope', 'ca']"
8037,Naive Bayes,80.54022989,82.33230607,82.42647059,82.13834593,"['age', 'sex', 'cp', 'trestbps', 'fbs', 'restecg', 'thalach', 'exang', 'oldpeak', 'slope', 'thal']"
8038,Naive Bayes,83.14312199,84.17212762,86.10294118,84.93409153,"['age', 'sex', 'cp', 'trestbps', 'fbs', 'restecg', 'thalach', 'exang', 'oldpeak', 'ca', 'thal']"
8039,Naive Bayes,80.8298109,83.47584034,82.42647059,82.60798352,"['age', 'sex', 'cp', 'trestbps', 'fbs', 'restecg', 'thalach', 'exang', 'slope', 'ca', 'thal']"
8040,Naive Bayes,82.13162773,82.86351909,85.44117647,83.95813276,"['age', 'sex', 'cp', 'trestbps', 'fbs', 'restecg', 'thalach', 'oldpeak', 'slope', 'ca', 'thal']"
8041,Naive Bayes,81.18539118,82.53545629,83.67647059,82.89968949,"['age', 'sex', 'cp', 'trestbps', 'fbs', 'restecg', 'exang', 'oldpeak', 'slope', 'ca', 'thal']"
8042,Naive Bayes,81.84130515,81.93771807,86.06617647,83.79574102,"['age', 'sex', 'cp', 'trestbps', 'fbs', 'thalach', 'exang', 'oldpeak', 'slope', 'ca', 'thal']"
8043,Naive Bayes,81.84130515,82.72353678,84.88970588,83.62690985,"['age', 'sex', 'cp', 'trestbps', 'restecg', 'thalach', 'exang', 'oldpeak', 'slope', 'ca', 'thal']"
8044,Naive Bayes,81.26288469,82.12990196,83.75,82.85668593,"['age', 'sex', 'cp', 'chol', 'fbs', 'restecg', 'thalach', 'exang', 'oldpeak', 'slope', 'ca']"
8045,Naive Bayes,80.5839822,83.13410364,81.28676471,82.04117072,"['age', 'sex', 'cp', 'chol', 'fbs', 'restecg', 'thalach', 'exang', 'oldpeak', 'slope', 'thal']"
8046,Naive Bayes,82.16462736,82.55121259,86.10294118,84.13488093,"['age', 'sex', 'cp', 'chol', 'fbs', 'restecg', 'thalach', 'exang', 'oldpeak', 'ca', 'thal']"
8047,Naive Bayes,80.21764924,81.89666568,83.08823529,82.22674466,"['age', 'sex', 'cp', 'chol', 'fbs', 'restecg', 'thalach', 'exang', 'slope', 'ca', 'thal']"
8048,Naive Bayes,82.50945495,83.49054622,85.47794118,84.25595284,"['age', 'sex', 'cp', 'chol', 'fbs', 'restecg', 'thalach', 'oldpeak', 'slope', 'ca', 'thal']"
8049,Naive Bayes,81.20763812,82.39987837,83.71323529,82.85851159,"['age', 'sex', 'cp', 'chol', 'fbs', 'restecg', 'exang', 'oldpeak', 'slope', 'ca', 'thal']"
8050,Naive Bayes,81.84130515,82.33576589,85.47794118,83.66916112,"['age', 'sex', 'cp', 'chol', 'fbs', 'thalach', 'exang', 'oldpeak', 'slope', 'ca', 'thal']"
8051,Naive Bayes,81.83055247,82.47959973,85.47794118,83.73997326,"['age', 'sex', 'cp', 'chol', 'restecg', 'thalach', 'exang', 'oldpeak', 'slope', 'ca', 'thal']"
8052,Naive Bayes,81.17463849,81.47469777,85.47794118,83.22303922,"['age', 'sex', 'cp', 'fbs', 'restecg', 'thalach', 'exang', 'oldpeak', 'slope', 'ca', 'thal']"
8053,Naive Bayes,77.89432703,79.68840465,80.625,79.91524408,"['age', 'sex', 'trestbps', 'chol', 'fbs', 'restecg', 'thalach', 'exang', 'oldpeak', 'slope', 'ca']"
8054,Naive Bayes,78.88431591,81.70794019,79.41176471,80.36417749,"['age', 'sex', 'trestbps', 'chol', 'fbs', 'restecg', 'thalach', 'exang', 'oldpeak', 'slope', 'thal']"
8055,Naive Bayes,78.89581016,82.08650302,78.86029412,80.25564434,"['age', 'sex', 'trestbps', 'chol', 'fbs', 'restecg', 'thalach', 'exang', 'oldpeak', 'ca', 'thal']"
8056,Naive Bayes,79.19688543,82.57177871,78.71323529,80.34428317,"['age', 'sex', 'trestbps', 'chol', 'fbs', 'restecg', 'thalach', 'exang', 'slope', 'ca', 'thal']"
8057,Naive Bayes,77.27215425,79.13104547,78.82352941,78.75225808,"['age', 'sex', 'trestbps', 'chol', 'fbs', 'restecg', 'thalach', 'oldpeak', 'slope', 'ca', 'thal']"
8058,Naive Bayes,78.23989618,81.86058141,78.19852941,79.72380407,"['age', 'sex', 'trestbps', 'chol', 'fbs', 'restecg', 'exang', 'oldpeak', 'slope', 'ca', 'thal']"
8059,Naive Bayes,78.56247683,81.19551329,79.41176471,80.12153043,"['age', 'sex', 'trestbps', 'chol', 'fbs', 'thalach', 'exang', 'oldpeak', 'slope', 'ca', 'thal']"
8060,Naive Bayes,79.90730441,82.13213794,81.28676471,81.56016248,"['age', 'sex', 'trestbps', 'chol', 'restecg', 'thalach', 'exang', 'oldpeak', 'slope', 'ca', 'thal']"
8061,Naive Bayes,79.20763812,81.92590545,80,80.7610135,"['age', 'sex', 'trestbps', 'fbs', 'restecg', 'thalach', 'exang', 'oldpeak', 'slope', 'ca', 'thal']"
8062,Naive Bayes,78.89581016,81.06521819,80.66176471,80.6511147,"['age', 'sex', 'chol', 'fbs', 'restecg', 'thalach', 'exang', 'oldpeak', 'slope', 'ca', 'thal']"
8063,Naive Bayes,79.61624027,80.20201238,83.19852941,81.50587742,"['age', 'cp', 'trestbps', 'chol', 'fbs', 'restecg', 'thalach', 'exang', 'oldpeak', 'slope', 'ca']"
8064,Naive Bayes,79.61624027,80.42737358,83.19852941,81.56362903,"['age', 'cp', 'trestbps', 'chol', 'fbs', 'restecg', 'thalach', 'exang', 'oldpeak', 'slope', 'thal']"
8065,Naive Bayes,81.88505747,82.63097695,84.96323529,83.61945355,"['age', 'cp', 'trestbps', 'chol', 'fbs', 'restecg', 'thalach', 'exang', 'oldpeak', 'ca', 'thal']"
8066,Naive Bayes,79.55024101,80.77427638,83.05147059,81.6713907,"['age', 'cp', 'trestbps', 'chol', 'fbs', 'restecg', 'thalach', 'exang', 'slope', 'ca', 'thal']"
8067,Naive Bayes,81.2183908,80.07624453,87.94117647,83.6073,"['age', 'cp', 'trestbps', 'chol', 'fbs', 'restecg', 'thalach', 'oldpeak', 'slope', 'ca', 'thal']"
8068,Naive Bayes,80.54022989,81.51129048,83.67647059,82.38461294,"['age', 'cp', 'trestbps', 'chol', 'fbs', 'restecg', 'exang', 'oldpeak', 'slope', 'ca', 'thal']"
8069,Naive Bayes,79.92806822,81.14632783,82.53676471,81.68150193,"['age', 'cp', 'trestbps', 'chol', 'fbs', 'thalach', 'exang', 'oldpeak', 'slope', 'ca', 'thal']"
8070,Naive Bayes,79.93882091,80.75662195,83.16176471,81.81501208,"['age', 'cp', 'trestbps', 'chol', 'restecg', 'thalach', 'exang', 'oldpeak', 'slope', 'ca', 'thal']"
8071,Naive Bayes,80.92880979,81.53358273,84.375,82.81729055,"['age', 'cp', 'trestbps', 'fbs', 'restecg', 'thalach', 'exang', 'oldpeak', 'slope', 'ca', 'thal']"
8072,Naive Bayes,80.27289581,81.62426901,82.57352941,81.93605169,"['age', 'cp', 'chol', 'fbs', 'restecg', 'thalach', 'exang', 'oldpeak', 'slope', 'ca', 'thal']"
8073,Naive Bayes,79.26140156,81.2875817,80.69852941,80.90815652,"['age', 'trestbps', 'chol', 'fbs', 'restecg', 'thalach', 'exang', 'oldpeak', 'slope', 'ca', 'thal']"
8074,Naive Bayes,80.23989618,80.64125387,84.33823529,82.32558713,"['sex', 'cp', 'trestbps', 'chol', 'fbs', 'restecg', 'thalach', 'exang', 'oldpeak', 'slope', 'ca']"
8075,Naive Bayes,81.54022989,82.46534842,84.30147059,83.15909194,"['sex', 'cp', 'trestbps', 'chol', 'fbs', 'restecg', 'thalach', 'exang', 'oldpeak', 'slope', 'thal']"
8076,Naive Bayes,82.20837968,83.20566735,84.92647059,83.94268587,"['sex', 'cp', 'trestbps', 'chol', 'fbs', 'restecg', 'thalach', 'exang', 'oldpeak', 'ca', 'thal']"
8077,Naive Bayes,79.89506859,80.90555433,83.67647059,82.05302214,"['sex', 'cp', 'trestbps', 'chol', 'fbs', 'restecg', 'thalach', 'exang', 'slope', 'ca', 'thal']"
8078,Naive Bayes,81.20763812,80.33982628,87.27941176,83.52321191,"['sex', 'cp', 'trestbps', 'chol', 'fbs', 'restecg', 'thalach', 'oldpeak', 'slope', 'ca', 'thal']"
8079,Naive Bayes,80.85205784,82.68308025,83.05147059,82.5922566,"['sex', 'cp', 'trestbps', 'chol', 'fbs', 'restecg', 'exang', 'oldpeak', 'slope', 'ca', 'thal']"
8080,Naive Bayes,81.51872451,82.40250135,84.88970588,83.41366498,"['sex', 'cp', 'trestbps', 'chol', 'fbs', 'thalach', 'exang', 'oldpeak', 'slope', 'ca', 'thal']"
8081,Naive Bayes,81.86355209,83.3618851,84.30147059,83.61174362,"['sex', 'cp', 'trestbps', 'chol', 'restecg', 'thalach', 'exang', 'oldpeak', 'slope', 'ca', 'thal']"
8082,Naive Bayes,81.53021876,82.37659099,84.88970588,83.43834728,"['sex', 'cp', 'trestbps', 'fbs', 'restecg', 'thalach', 'exang', 'oldpeak', 'slope', 'ca', 'thal']"
8083,Naive Bayes,80.86281053,82.19825299,83.67647059,82.71981471,"['sex', 'cp', 'chol', 'fbs', 'restecg', 'thalach', 'exang', 'oldpeak', 'slope', 'ca', 'thal']"
8084,Naive Bayes,78.85205784,81.58650302,79.375,80.32358178,"['sex', 'trestbps', 'chol', 'fbs', 'restecg', 'thalach', 'exang', 'oldpeak', 'slope', 'ca', 'thal']"
8085,Naive Bayes,80.91731554,81.59391125,84.33823529,82.82500801,"['cp', 'trestbps', 'chol', 'fbs', 'restecg', 'thalach', 'exang', 'oldpeak', 'slope', 'ca', 'thal']"
8086,Naive Bayes,80.5839822,81.25730994,83.78676471,82.3995098,"['age', 'sex', 'cp', 'trestbps', 'chol', 'fbs', 'restecg', 'thalach', 'exang', 'oldpeak', 'slope', 'ca']"
8087,Naive Bayes,81.51798294,83.00171999,83.67647059,83.16919671,"['age', 'sex', 'cp', 'trestbps', 'chol', 'fbs', 'restecg', 'thalach', 'exang', 'oldpeak', 'slope', 'thal']"
8088,Naive Bayes,83.47645532,84.24565703,86.72794118,85.27500062,"['age', 'sex', 'cp', 'trestbps', 'chol', 'fbs', 'restecg', 'thalach', 'exang', 'oldpeak', 'ca', 'thal']"
8089,Naive Bayes,80.50723026,82.77240896,82.42647059,82.30790015,"['age', 'sex', 'cp', 'trestbps', 'chol', 'fbs', 'restecg', 'thalach', 'exang', 'slope', 'ca', 'thal']"
8090,Naive Bayes,82.80978865,83.02038184,86.65441176,84.67278881,"['age', 'sex', 'cp', 'trestbps', 'chol', 'fbs', 'restecg', 'thalach', 'oldpeak', 'slope', 'ca', 'thal']"
8091,Naive Bayes,81.51872451,83.00359354,83.71323529,83.1605233,"['age', 'sex', 'cp', 'trestbps', 'chol', 'fbs', 'restecg', 'exang', 'oldpeak', 'slope', 'ca', 'thal']"
8092,Naive Bayes,81.51872451,81.79065925,85.47794118,83.42140947,"['age', 'sex', 'cp', 'trestbps', 'chol', 'fbs', 'thalach', 'exang', 'oldpeak', 'slope', 'ca', 'thal']"
8093,Naive Bayes,81.84130515,82.67451718,84.88970588,83.58871276,"['age', 'sex', 'cp', 'trestbps', 'chol', 'restecg', 'thalach', 'exang', 'oldpeak', 'slope', 'ca', 'thal']"
8094,Naive Bayes,81.84130515,82.34363482,85.47794118,83.73131525,"['age', 'sex', 'cp', 'trestbps', 'fbs', 'restecg', 'thalach', 'exang', 'oldpeak', 'slope', 'ca', 'thal']"
8095,Naive Bayes,81.17463849,81.47469777,85.47794118,83.22303922,"['age', 'sex', 'cp', 'chol', 'fbs', 'restecg', 'thalach', 'exang', 'oldpeak', 'slope', 'ca', 'thal']"
8096,Naive Bayes,79.24063775,81.90594747,80.03676471,80.78865711,"['age', 'sex', 'trestbps', 'chol', 'fbs', 'restecg', 'thalach', 'exang', 'oldpeak', 'slope', 'ca', 'thal']"
8097,Naive Bayes,80.5839822,81.49191606,83.75,82.47454862,"['age', 'cp', 'trestbps', 'chol', 'fbs', 'restecg', 'thalach', 'exang', 'oldpeak', 'slope', 'ca', 'thal']"
8098,Naive Bayes,81.85279941,82.87659099,84.88970588,83.66562001,"['sex', 'cp', 'trestbps', 'chol', 'fbs', 'restecg', 'thalach', 'exang', 'oldpeak', 'slope', 'ca', 'thal']"
8099,Naive Bayes,81.84130515,82.67451718,84.88970588,83.58871276,"['age', 'sex', 'cp', 'trestbps', 'chol', 'fbs', 'restecg', 'thalach', 'exang', 'oldpeak', 'slope', 'ca', 'thal']"
